#!ascii label  , from subject chris_t1_2 vox2ras=TkReg
993
63880  -20.241  -16.270  -27.346 0.5555555820
64938  -21.287  -16.338  -28.547 0.6666666865
64956  -21.908  -16.158  -29.055 0.7777777910
64957  -22.654  -16.353  -29.340 0.7777777910
65944  -22.808  -14.793  -30.197 0.8888888955
65946  -24.466  -15.268  -30.697 0.8888888955
129548  -19.818  -16.429  -26.588 0.5555555820
64917  -20.088  -15.527  -27.444 0.5555555820
65909  -20.864  -15.504  -28.400 0.6666666865
66884  -20.837  -14.795  -28.680 0.8888888955
123744  -23.121  -15.674  -29.828 0.8888888955
67796  -23.692  -13.896  -31.183 1.0000000000
126458  -25.262  -14.876  -31.213 0.8888888955
66928  -25.069  -14.029  -31.595 1.0000000000
133973  -20.194  -14.276  -28.127 0.7777777910
67779  -21.635  -13.757  -30.141 1.0000000000
68676  -21.301  -12.963  -30.112 1.0000000000
67795  -22.527  -13.503  -30.832 1.0000000000
67810  -23.043  -13.110  -31.427 1.0000000000
67794  -21.908  -13.111  -30.649 1.0000000000
67811  -23.658  -13.355  -31.556 1.0000000000
68703  -22.864  -12.471  -31.663 1.0000000000
68704  -23.670  -12.731  -31.900 1.0000000000
68706  -25.445  -12.823  -32.273 1.0000000000
69558  -24.039  -12.192  -32.299 1.0000000000
69574  -24.668  -11.849  -32.514 1.0000000000
68719  -25.933  -12.162  -32.584 1.0000000000
132347  -25.462  -11.480  -32.868 1.0000000000
70459  -26.005  -10.912  -33.370 0.7777777910
69540  -21.182  -11.864  -30.795 0.8888888955
68691  -21.627  -12.459  -30.889 1.0000000000
69557  -23.346  -12.004  -32.139 1.0000000000
69555  -21.677  -11.653  -31.383 1.0000000000
69572  -23.025  -11.120  -32.400 1.0000000000
71385  -23.882  -10.859  -32.724 1.0000000000
127209  -24.637  -11.122  -32.830 1.0000000000
70458  -25.306  -10.736  -33.316 1.0000000000
70460  -26.657  -10.782  -33.290 0.8888888955
71405  -26.342  -9.983  -33.850 1.0000000000
70475  -26.857  -10.193  -33.613 0.7777777910
71387  -27.420  -9.678  -33.476 0.7777777910
126945  -20.662  -10.321  -30.608 0.5555555820
72392  -21.297  -8.723  -32.174 0.7777777910
71368  -21.440  -10.235  -31.914 0.8888888955
129604  -23.278  -10.300  -32.927 1.0000000000
71402  -22.582  -9.413  -33.017 0.8888888955
71403  -23.640  -9.597  -33.396 1.0000000000
71386  -24.370  -10.349  -33.228 1.0000000000
71410  -25.782  -9.736  -33.977 1.0000000000
146262  -25.747  -9.062  -34.246 1.0000000000
72430  -26.802  -8.731  -34.315 0.8888888955
73415  -27.636  -7.855  -34.145 0.7777777910
72414  -27.962  -8.136  -33.272 0.6666666865
133778  -20.354  -8.214  -31.082 0.4444444478
148771  -20.812  -8.662  -31.632 0.7777777910
73400  -21.130  -7.379  -32.656 0.6666666865
73413  -22.548  -7.865  -33.628 0.7777777910
72410  -23.102  -8.759  -33.564 0.8888888955
72411  -24.054  -8.971  -33.868 0.8888888955
71404  -24.483  -9.669  -33.658 1.0000000000
72427  -24.501  -8.376  -34.366 1.0000000000
72428  -25.351  -8.501  -34.603 1.0000000000
72429  -26.198  -8.509  -34.698 1.0000000000
73429  -26.457  -7.776  -35.361 0.8888888955
134501  -26.912  -8.175  -35.099 0.7777777910
143074  -27.319  -7.545  -35.039 0.7777777910
73402  -28.473  -7.562  -32.670 0.5555555820
74370  -27.817  -6.919  -34.291 0.7777777910
74371  -28.370  -6.356  -33.601 0.6666666865
74356  -21.131  -6.461  -32.934 0.6666666865
73399  -20.476  -7.201  -32.071 0.6666666865
73412  -21.848  -7.090  -33.386 0.7777777910
74369  -22.921  -7.267  -34.023 0.8888888955
73426  -24.176  -7.640  -34.549 0.8888888955
146154  -23.573  -7.166  -34.461 1.0000000000
74383  -24.350  -6.861  -34.996 1.0000000000
73439  -25.319  -7.057  -35.400 1.0000000000
73428  -25.713  -7.873  -35.198 0.8888888955
73441  -26.508  -7.062  -35.709 0.8888888955
74384  -27.502  -6.507  -35.055 0.8888888955
74397  -26.587  -6.317  -35.932 0.8888888955
74398  -27.173  -6.033  -35.664 0.7777777910
75343  -27.689  -5.583  -35.104 0.7777777910
74385  -28.077  -5.993  -34.416 0.7777777910
75331  -28.499  -5.466  -33.697 0.6666666865
128363  -20.531  -5.954  -32.455 0.6666666865
74340  -20.088  -6.457  -31.788 0.5555555820
74367  -21.629  -6.079  -33.559 0.7777777910
74368  -22.420  -6.561  -33.901 0.8888888955
149085  -23.040  -6.696  -34.314 0.8888888955
74394  -23.960  -5.903  -35.244 1.0000000000
127333  -25.615  -5.762  -36.187 1.0000000000
74396  -25.905  -6.500  -35.937 0.8888888955
75357  -27.266  -5.149  -35.594 0.7777777910
76324  -27.914  -3.836  -35.169 0.7777777910
76305  -28.501  -4.589  -33.769 0.6666666865
127347  -28.658  -4.035  -32.976 0.5555555820
76296  -28.770  -4.923  -32.918 0.5555555820
75315  -20.955  -5.578  -33.112 0.7777777910
75328  -20.770  -4.866  -33.284 0.6666666865
75330  -22.100  -5.652  -34.161 0.8888888955
75342  -23.461  -5.122  -35.275 1.0000000000
75353  -24.275  -5.205  -35.762 1.0000000000
75366  -25.731  -5.162  -36.400 0.8888888955
75355  -26.156  -5.753  -36.284 0.8888888955
76331  -26.246  -4.045  -36.226 0.8888888955
75356  -26.686  -5.509  -36.000 0.8888888955
78234  -28.040  -2.599  -34.653 0.7777777910
77300  -28.219  -3.385  -34.669 0.7777777910
77290  -28.451  -3.755  -33.859 0.5555555820
78246  -27.174  -2.183  -35.448 0.7777777910
79128  -28.162  -2.170  -33.829 0.5555555820
78207  -28.509  -2.589  -33.045 0.5555555820
79141  -27.809  -1.787  -34.562 0.6666666865
77255  -19.479  -3.479  -32.041 0.4444444478
76290  -20.402  -4.274  -33.082 0.5555555820
76304  -21.537  -4.371  -34.235 0.7777777910
76319  -22.897  -4.422  -35.287 1.0000000000
76320  -23.699  -4.446  -35.828 1.0000000000
76321  -24.485  -4.520  -36.254 0.8888888955
77316  -25.457  -3.751  -36.481 0.8888888955
76330  -25.220  -4.549  -36.447 0.8888888955
149293  -26.552  -3.300  -35.868 0.8888888955
127551  -27.130  -3.049  -35.582 0.8888888955
78233  -27.654  -2.222  -35.048 0.6666666865
80020  -28.200  -1.309  -33.788 0.5555555820
126772  -21.690  -2.228  -34.808 0.6666666865
125479  -20.713  -2.949  -33.602 0.6666666865
78242  -22.341  -2.297  -35.424 0.7777777910
78244  -23.451  -2.933  -36.049 0.8888888955
78254  -24.583  -2.361  -36.556 0.7777777910
77315  -24.676  -3.243  -36.480 0.8888888955
128464  -25.157  -1.955  -36.586 0.7777777910
77317  -26.004  -3.065  -36.194 0.8888888955
79164  -26.205  -1.226  -36.362 0.7777777910
79152  -26.628  -1.710  -35.927 0.7777777910
80063  -26.507  -0.598  -36.413 0.6666666865
80049  -27.073  -0.668  -36.036 0.6666666865
80037  -27.493  -0.797  -35.532 0.6666666865
79140  -27.488  -1.525  -35.196 0.5555555820
80930  -27.553  0.478  -35.896 0.6666666865
80917  -28.231  0.135  -34.468 0.5555555820
80916  -27.965  0.850  -35.022 0.5555555820
80036  -21.307  0.018  -34.728 0.3333333433
136690  -21.514  -0.748  -35.159 0.5555555820
79150  -21.901  -1.531  -35.376 0.6666666865
80048  -22.370  -0.696  -35.687 0.5555555820
143581  -22.760  -1.640  -35.835 0.7777777910
79161  -23.705  -1.943  -36.399 0.7777777910
80060  -24.634  -0.367  -36.863 0.6666666865
79162  -24.592  -1.506  -36.681 0.6666666865
132441  -24.764  -0.873  -36.792 0.6666666865
80062  -25.892  -0.702  -36.599 0.6666666865
80942  -26.106  0.011  -36.800 0.6666666865
81807  -27.182  1.033  -36.575 0.6666666865
81780  -27.896  1.688  -35.062 0.5555555820
82627  -28.200  2.376  -34.724 0.5555555820
82626  -27.697  2.225  -35.600 0.6666666865
80915  -21.482  0.822  -35.158 0.4444444478
80914  -21.007  0.575  -34.545 0.4444444478
80047  -21.929  0.070  -35.256 0.4444444478
81791  -22.330  1.060  -35.795 0.5555555820
144519  -22.391  0.115  -35.760 0.5555555820
80938  -23.186  0.223  -36.412 0.6666666865
80059  -23.568  -0.281  -36.616 0.6666666865
134005  -24.099  -0.244  -36.918 0.6666666865
80061  -25.322  -0.500  -36.757 0.6666666865
81806  -26.569  0.941  -36.822 0.6666666865
128901  -26.886  1.653  -37.206 0.6666666865
130345  -27.457  2.892  -36.365 0.6666666865
83435  -27.951  3.695  -35.816 0.5555555820
82633  -28.004  3.035  -35.288 0.6666666865
125212  -21.771  1.493  -35.419 0.4444444478
81803  -24.165  0.942  -36.449 0.6666666865
80939  -23.786  0.244  -36.679 0.6666666865
81804  -25.097  0.882  -36.572 0.6666666865
80941  -25.284  0.132  -36.829 0.6666666865
80940  -24.483  0.179  -36.829 0.6666666865
82644  -26.977  2.321  -37.324 0.6666666865
65928  -22.128  -15.436  -29.531 0.8888888955
66916  -23.011  -14.074  -30.823 1.0000000000
67812  -24.301  -13.674  -31.579 1.0000000000
73389  -19.967  -7.344  -31.299 0.5555555820
73440  -26.014  -7.280  -35.587 0.8888888955
75314  -20.275  -5.034  -32.610 0.5555555820
78201  -19.606  -2.692  -32.297 0.5555555820
75329  -21.399  -5.118  -33.784 0.7777777910
77306  -26.871  -3.817  -35.671 0.8888888955
147943  -19.138  -2.493  -31.535 0.2222222239
80038  -27.871  -0.829  -34.680 0.6666666865
82641  -24.730  1.707  -36.535 0.6666666865
74339  -19.434  -6.529  -30.951 0.4444444478
75299  -19.912  -5.584  -31.931 0.4444444478
83436  -28.350  3.691  -35.086 0.5555555820
83423  -28.613  3.217  -34.426 0.5555555820
81778  -20.955  0.833  -34.444 0.2222222239
62864  -20.259  -18.281  -26.820 0.5555555820
62878  -20.855  -18.389  -27.430 0.5555555820
64918  -20.796  -16.879  -28.008 0.6666666865
142473  -21.491  -17.238  -28.424 0.5555555820
63899  -22.155  -17.057  -28.866 0.5555555820
65929  -23.984  -15.926  -30.190 0.7777777910
149077  -24.755  -16.002  -30.333 0.8888888955
137597  -19.806  -17.372  -26.311 0.5555555820
65947  -25.496  -15.677  -30.634 0.7777777910
123728  -25.675  -13.507  -31.855 0.8888888955
64888  -19.492  -16.512  -25.772 0.4444444478
142120  -19.690  -15.011  -27.223 0.5555555820
148984  -19.850  -13.798  -27.725 0.2222222239
67768  -20.188  -13.702  -28.461 0.6666666865
69559  -26.708  -12.008  -32.446 0.8888888955
69576  -27.067  -11.231  -32.752 0.6666666865
70461  -27.441  -10.428  -33.063 0.7777777910
68675  -20.583  -12.681  -29.547 0.5555555820
71388  -27.930  -9.777  -32.956 0.6666666865
69529  -20.214  -11.483  -29.537 0.4444444478
135256  -28.410  -8.382  -32.519 0.5555555820
74345  -28.948  -7.088  -31.941 0.5555555820
71341  -19.980  -9.114  -29.593 0.2222222239
74357  -28.609  -6.698  -32.754 0.5555555820
73388  -19.378  -7.105  -30.444 0.4444444478
75319  -28.772  -5.809  -32.864 0.5555555820
128441  -18.435  -5.289  -29.905 0.3333333433
76297  -29.027  -4.317  -32.103 0.5555555820
76279  -19.249  -4.144  -31.577 0.4444444478
144114  -28.902  -3.194  -32.181 0.4444444478
138526  -18.729  -2.910  -31.080 0.3333333433
79113  -28.871  -1.412  -32.422 0.5555555820
80005  -28.604  -0.932  -32.920 0.4444444478
80017  -19.773  0.075  -33.573 0.3333333433
145406  -20.426  -0.686  -33.883 0.3333333433
79138  -20.653  -1.348  -34.014 0.4444444478
80901  -28.497  0.533  -33.499 0.4444444478
82612  -28.716  2.369  -33.793 0.4444444478
84308  -28.835  4.075  -34.702 0.2222222239
81779  -21.368  1.388  -34.946 0.3333333433
81792  -22.637  1.647  -35.537 0.6666666865
82643  -26.320  1.793  -37.362 0.6666666865
82652  -26.382  2.597  -37.795 0.6666666865
83452  -26.985  3.264  -37.462 0.6666666865
83444  -27.542  3.725  -36.635 0.6666666865
84322  -27.804  4.431  -36.154 0.6666666865
84323  -28.332  4.367  -35.346 0.4444444478
85208  -28.868  5.041  -34.928 0.3333333433
82640  -23.668  1.844  -35.948 0.5555555820
64937  -20.579  -15.911  -27.950 0.6666666865
63881  -20.427  -17.367  -27.221 0.5555555820
65910  -21.382  -15.537  -28.948 0.7777777910
66901  -22.344  -14.159  -30.404 1.0000000000
66900  -21.864  -14.574  -29.865 1.0000000000
66918  -24.415  -14.375  -31.189 1.0000000000
65945  -23.592  -15.221  -30.314 0.8888888955
64902  -19.493  -15.611  -26.114 0.4444444478
64916  -19.708  -15.571  -26.877 0.5555555820
65895  -20.285  -15.012  -27.845 0.5555555820
66885  -21.417  -14.934  -29.317 0.8888888955
66917  -23.665  -14.571  -30.707 1.0000000000
142606  -24.858  -13.314  -31.943 1.0000000000
66872  -19.638  -14.280  -27.254 0.5555555820
66899  -21.090  -14.316  -29.422 1.0000000000
67778  -20.712  -13.563  -29.387 0.8888888955
131971  -20.529  -14.161  -28.871 1.0000000000
68690  -20.973  -12.305  -30.269 1.0000000000
130005  -22.360  -12.842  -31.177 1.0000000000
126944  -23.177  -13.580  -31.208 1.0000000000
146789  -24.190  -13.153  -31.870 1.0000000000
68702  -22.185  -12.259  -31.427 1.0000000000
69556  -22.540  -11.753  -31.816 1.0000000000
68705  -24.584  -12.637  -32.219 1.0000000000
68707  -26.360  -12.900  -32.123 0.8888888955
68718  -25.237  -12.192  -32.475 1.0000000000
69573  -23.944  -11.526  -32.486 1.0000000000
69575  -26.303  -11.428  -32.932 0.8888888955
69539  -20.723  -11.635  -30.242 0.5555555820
143251  -20.472  -12.061  -29.739 0.6666666865
137224  -22.055  -10.996  -31.943 1.0000000000
70442  -21.465  -10.898  -31.495 0.8888888955
70472  -25.195  -10.051  -33.675 1.0000000000
70473  -25.871  -10.355  -33.671 1.0000000000
71406  -26.857  -9.486  -33.892 0.8888888955
72394  -27.939  -9.031  -33.101 0.6666666865
70429  -20.182  -10.112  -29.836 0.5555555820
70430  -20.492  -10.895  -30.050 0.5555555820
71359  -20.371  -9.506  -30.422 0.6666666865
71367  -20.858  -9.828  -31.199 0.6666666865
70431  -21.058  -11.106  -30.846 0.7777777910
70441  -21.113  -10.477  -31.230 0.7777777910
72381  -21.142  -9.321  -31.736 0.7777777910
135969  -21.359  -8.166  -32.545 0.6666666865
72409  -22.377  -8.561  -33.228 0.8888888955
71384  -21.718  -9.497  -32.440 0.8888888955
70457  -22.278  -10.300  -32.535 1.0000000000
72412  -25.029  -9.246  -34.098 1.0000000000
124316  -27.220  -8.249  -34.577 0.8888888955
72413  -27.394  -8.759  -33.827 0.7777777910
73416  -28.153  -7.259  -33.466 0.6666666865
72391  -20.668  -8.000  -32.022 0.5555555820
73371  -19.725  -7.757  -30.348 0.3333333433
72368  -20.124  -8.596  -30.276 0.3333333433
72380  -20.579  -9.030  -31.074 0.6666666865
73401  -21.841  -7.976  -33.066 0.7777777910
73414  -23.527  -8.032  -34.099 0.8888888955
73427  -24.899  -7.768  -34.928 1.0000000000
144185  -26.921  -7.555  -35.482 0.7777777910
76313  -28.250  -4.223  -34.583 0.7777777910
75344  -28.207  -5.097  -34.505 0.7777777910
125943  -19.553  -5.918  -31.354 0.4444444478
74381  -22.839  -6.016  -34.416 0.8888888955
74395  -24.924  -6.100  -35.749 1.0000000000
76323  -27.342  -4.287  -35.462 0.7777777910
77276  -28.539  -3.314  -33.161 0.5555555820
75313  -19.580  -4.848  -31.878 0.5555555820
76303  -20.978  -4.341  -33.653 0.6666666865
75340  -21.892  -4.962  -34.419 0.8888888955
75354  -25.056  -5.228  -36.183 1.0000000000
76322  -26.757  -4.647  -35.898 0.8888888955
78247  -27.789  -2.975  -35.231 0.8888888955
78222  -28.354  -2.968  -33.897 0.6666666865
78245  -26.573  -2.546  -35.849 0.8888888955
79112  -28.494  -1.754  -33.031 0.5555555820
77270  -20.127  -3.424  -32.842 0.5555555820
77285  -20.642  -3.746  -33.472 0.5555555820
76311  -22.156  -4.393  -34.781 1.0000000000
77298  -21.771  -3.691  -34.615 0.7777777910
77286  -21.190  -3.676  -33.975 0.7777777910
77305  -23.988  -3.709  -36.330 0.8888888955
77304  -23.198  -3.706  -35.711 0.7777777910
78218  -20.387  -2.016  -33.465 0.5555555820
78230  -21.037  -2.161  -34.128 0.5555555820
79139  -21.293  -1.439  -34.652 0.4444444478
78232  -22.096  -2.974  -34.960 0.7777777910
78202  -20.150  -2.601  -32.982 0.6666666865
79151  -23.001  -2.362  -35.842 0.7777777910
78243  -22.754  -3.000  -35.526 0.7777777910
78255  -25.316  -2.729  -36.460 0.7777777910
79163  -25.394  -1.242  -36.627 0.6666666865
79153  -27.099  -1.312  -35.700 0.6666666865
79165  -26.745  -1.094  -36.103 0.6666666865
80943  -26.941  0.118  -36.409 0.6666666865
138021  -27.446  -0.221  -35.893 0.6666666865
130233  -27.872  -0.106  -35.340 0.5555555820
136494  -28.263  0.923  -34.143 0.4444444478
129536  -28.381  -0.398  -33.674 0.4444444478
81781  -28.266  1.619  -34.358 0.5555555820
139774  -20.936  -0.712  -34.471 0.4444444478
79160  -23.302  -0.927  -36.182 0.6666666865
129725  -24.083  -0.853  -36.811 0.7777777910
136422  -27.312  1.869  -36.598 0.6666666865
80929  -21.976  0.750  -35.663 0.5555555820
81802  -23.215  0.902  -36.076 0.6666666865
81805  -25.928  0.885  -36.748 0.6666666865
147309  -26.671  2.077  -37.551 0.6666666865
146871  -19.413  -1.942  -32.124 0.3333333433
75281  -19.003  -5.637  -30.572 0.4444444478
83424  -29.329  3.697  -34.142 0.3333333433
134469  -24.466  -16.529  -29.857 0.6666666865
67813  -26.397  -13.624  -31.601 0.7777777910
65881  -19.445  -14.711  -26.474 0.4444444478
72367  -19.571  -8.047  -29.569 0.1111111119
74323  -18.958  -6.565  -30.057 0.4444444478
143395  -18.599  -4.861  -30.453 0.3333333433
79104  -19.505  -1.268  -32.411 0.3333333433
145308  -22.736  -19.042  -26.861 0.4444444478
146758  -23.673  -18.935  -25.636 0.2222222239
62865  -20.786  -19.138  -27.159 0.4444444478
61875  -21.473  -19.571  -26.887 0.4444444478
133224  -21.328  -17.939  -27.960 0.4444444478
62892  -22.274  -18.600  -28.201 0.4444444478
62881  -23.051  -18.754  -27.649 0.4444444478
63883  -23.638  -18.392  -28.157 0.4444444478
63867  -24.773  -18.068  -27.058 0.2222222239
63900  -22.704  -18.004  -28.766 0.4444444478
63885  -25.397  -17.632  -27.579 0.1111111119
63868  -25.645  -17.801  -26.564 0.1111111119
63901  -23.679  -17.952  -28.792 0.4444444478
63903  -25.200  -17.501  -28.338 0.3333333433
63902  -24.661  -17.493  -28.867 0.3333333433
64940  -25.517  -17.162  -28.901 0.3333333433
63904  -25.936  -17.229  -28.146 0.2222222239
63912  -24.106  -17.213  -29.372 0.4444444478
64939  -23.139  -17.210  -29.138 0.5555555820
64961  -26.376  -16.296  -29.385 0.2222222239
65911  -26.721  -16.082  -28.873 0.1111111119
65912  -27.265  -15.634  -28.552 0.1111111119
64960  -25.796  -16.658  -29.478 0.3333333433
65931  -26.131  -16.159  -30.071 0.3333333433
140384  -25.938  -15.097  -31.047 0.5555555820
66920  -26.569  -14.742  -30.822 0.6666666865
67780  -27.570  -13.815  -29.812 0.4444444478
68692  -28.004  -12.252  -30.246 0.3333333433
67814  -27.028  -13.321  -31.486 0.6666666865
69541  -27.713  -11.981  -31.116 0.5555555820
69560  -27.431  -11.679  -32.019 0.5555555820
69561  -27.939  -11.171  -31.298 0.3333333433
142415  -28.478  -9.783  -31.613 0.4444444478
71369  -28.386  -9.252  -32.226 0.5555555820
70444  -28.238  -10.430  -31.482 0.4444444478
72382  -28.831  -8.456  -31.760 0.4444444478
131694  -25.594  1.688  -37.054 0.5555555820
82651  -25.843  2.483  -37.710 0.5555555820
83451  -26.337  3.349  -38.096 0.5555555820
84346  -26.713  3.868  -37.998 0.5555555820
145753  -27.123  5.247  -37.376 0.5555555820
61876  -22.218  -19.396  -26.626 0.4444444478
64941  -26.326  -16.725  -28.752 0.2222222239
66902  -26.901  -14.964  -30.203 0.4444444478
65932  -26.837  -15.524  -29.503 0.3333333433
65948  -26.353  -15.445  -30.481 0.4444444478
67797  -26.865  -14.069  -31.156 0.6666666865
67798  -27.364  -13.604  -30.681 0.4444444478
131969  -28.701  -9.940  -30.866 0.3333333433
71360  -28.915  -9.158  -31.213 0.4444444478
74358  -29.018  -6.148  -32.032 0.4444444478
83443  -25.514  3.100  -37.804 0.5555555820
63882  -21.966  -17.907  -28.604 0.4444444478
84332  -27.317  4.309  -37.272 0.5555555820
60844  -21.109  -20.256  -26.299 0.4444444478
61860  -21.966  -19.852  -25.886 0.4444444478
60835  -22.722  -19.792  -24.971 0.2222222239
61845  -23.548  -19.378  -24.959 0.2222222239
61846  -24.296  -19.384  -24.237 0.1111111119
61873  -20.141  -19.102  -26.580 0.4444444478
61874  -20.659  -19.777  -26.691 0.4444444478
62867  -24.910  -18.247  -26.154 0.1111111119
61862  -24.264  -18.937  -25.050 0.1111111119
138440  -26.473  -17.629  -26.461 0.1111111119
64919  -26.725  -16.907  -27.909 0.1111111119
64920  -27.409  -16.561  -27.547 0.1111111119
66873  -27.700  -15.029  -27.932 0.1111111119
66886  -27.503  -14.850  -28.790 0.1111111119
67781  -27.966  -13.247  -29.171 0.2222222239
69542  -28.244  -11.467  -30.446 0.1111111119
68677  -27.640  -12.970  -29.956 0.2222222239
70432  -28.445  -10.673  -30.623 0.2222222239
73390  -28.790  -7.845  -32.089 0.4444444478
74346  -29.353  -6.485  -31.298 0.3333333433
75305  -29.428  -5.623  -31.318 0.3333333433
79105  -19.814  -1.908  -32.762 0.4444444478
78208  -28.870  -2.135  -32.314 0.4444444478
80902  -28.928  0.996  -32.823 0.3333333433
85231  -27.593  5.221  -36.452 0.5555555820
83441  -24.427  2.586  -36.316 0.5555555820
83450  -25.916  3.189  -38.161 0.5555555820
84345  -26.103  4.070  -38.408 0.5555555820
135363  -26.593  5.418  -38.175 0.5555555820
83442  -24.964  3.287  -36.744 0.5555555820
62879  -21.524  -18.899  -27.571 0.4444444478
64958  -23.591  -16.521  -29.634 0.5555555820
66919  -25.980  -14.309  -31.376 0.6666666865
70443  -27.716  -10.869  -32.212 0.5555555820
70462  -28.095  -10.133  -32.335 0.4444444478
75320  -29.078  -5.247  -32.071 0.4444444478
81771  -28.585  1.414  -33.556 0.3333333433
65930  -25.313  -16.389  -30.022 0.3333333433
64959  -25.000  -16.958  -29.458 0.3333333433
62880  -22.191  -19.083  -27.386 0.4444444478
62847  -23.513  -18.710  -26.532 0.4444444478
61861  -22.869  -19.236  -25.895 0.3333333433
62848  -24.252  -18.569  -25.828 0.1111111119
62893  -23.065  -18.436  -28.410 0.4444444478
62882  -23.955  -18.411  -27.374 0.4444444478
62866  -24.272  -18.389  -26.583 0.2222222239
63884  -24.485  -17.992  -28.091 0.4444444478
63886  -26.361  -17.363  -27.259 0.1111111119
66921  -27.175  -14.347  -30.430 0.4444444478
66903  -27.332  -14.604  -29.633 0.3333333433
68678  -28.275  -12.507  -29.417 0.1111111119
143909  -27.506  -12.792  -30.900 0.4444444478
68708  -27.176  -12.506  -31.784 0.5555555820
82642  -25.250  2.438  -37.134 0.5555555820
85249  -26.687  4.570  -38.082 0.5555555820
64942  -27.058  -16.341  -28.282 0.1111111119
84331  -25.143  3.899  -37.291 0.5555555820
67769  -27.780  -14.046  -28.997 0.2222222239
60833  -21.417  -20.580  -25.494 0.4444444478
61858  -20.034  -19.761  -26.440 0.4444444478
62849  -24.997  -18.448  -25.212 0.1111111119
144810  -19.378  -27.732  -20.312 0.1111111119
56876  -18.775  -24.081  -24.411 0.3333333433
55004  -19.400  -26.259  -22.669 0.2222222239
54987  -19.691  -26.632  -21.823 0.2222222239
54963  -20.008  -26.852  -21.118 0.1111111119
54988  -20.535  -26.556  -21.611 0.1111111119
59789  -18.525  -21.784  -24.771 0.3333333433
58788  -18.126  -22.460  -24.649 0.3333333433
57834  -19.434  -23.575  -24.703 0.3333333433
137907  -20.260  -23.735  -24.322 0.3333333433
55946  -20.053  -25.806  -23.177 0.2222222239
56878  -20.461  -24.538  -23.851 0.2222222239
55005  -20.308  -26.274  -22.447 0.2222222239
137033  -20.895  -25.962  -22.983 0.1111111119
55964  -20.686  -25.320  -23.441 0.2222222239
138019  -18.475  -19.399  -24.427 0.2222222239
60817  -18.617  -20.275  -24.860 0.2222222239
137857  -18.444  -20.964  -24.458 0.2222222239
58789  -18.806  -22.480  -25.029 0.3333333433
56879  -21.285  -24.637  -23.314 0.1111111119
61857  -18.899  -19.476  -25.320 0.2222222239
60830  -19.154  -20.592  -25.550 0.3333333433
133671  -19.574  -20.097  -26.069 0.3333333433
60831  -19.878  -20.907  -26.035 0.3333333433
59804  -19.570  -21.492  -25.441 0.3333333433
59805  -20.155  -21.937  -25.114 0.3333333433
58791  -20.747  -22.117  -24.343 0.3333333433
58777  -21.439  -22.305  -23.515 0.3333333433
143109  -21.434  -23.019  -23.220 0.1111111119
63850  -19.110  -17.673  -24.787 0.2222222239
62846  -19.172  -18.411  -25.333 0.2222222239
135112  -19.535  -19.176  -25.986 0.3333333433
61859  -20.341  -20.351  -26.332 0.3333333433
60832  -20.646  -20.841  -25.879 0.3333333433
59806  -20.932  -21.363  -25.086 0.3333333433
59791  -21.529  -21.538  -24.017 0.3333333433
63851  -19.401  -17.458  -25.488 0.3333333433
60818  -21.783  -20.831  -24.573 0.3333333433
60834  -22.113  -20.305  -25.054 0.3333333433
73391  -29.133  -7.762  -31.485 0.2222222239
72369  -29.244  -8.355  -31.028 0.2222222239
77259  -29.442  -3.753  -31.335 0.2222222239
125829  -18.938  -24.924  -24.042 0.3333333433
55963  -19.817  -25.159  -23.830 0.3333333433
141210  -21.362  -25.971  -22.781 0.1111111119
59803  -18.852  -21.182  -25.092 0.3333333433
145265  -20.022  -22.828  -24.761 0.3333333433
58776  -20.774  -22.927  -23.884 0.3333333433
53984  -18.602  -27.757  -20.713 0.1111111119
57822  -17.980  -23.681  -24.227 0.3333333433
55962  -18.183  -25.391  -23.453 0.3333333433
146051  -18.392  -26.274  -22.935 0.3333333433
55945  -19.138  -25.647  -23.393 0.3333333433
52949  -20.051  -28.722  -19.638 0.1111111119
54964  -20.664  -26.795  -20.754 0.1111111119
60816  -18.300  -20.140  -24.124 0.2222222239
58762  -21.957  -22.545  -22.735 0.1111111119
62845  -18.708  -18.555  -24.639 0.2222222239
59777  -22.102  -21.753  -23.152 0.1111111119
60819  -22.557  -20.378  -24.262 0.1111111119
64887  -19.354  -16.745  -25.096 0.1111111119
74330  -29.619  -6.888  -30.645 0.2222222239
127758  -29.507  -2.972  -31.307 0.2222222239
62863  -19.671  -18.282  -26.084 0.4444444478
53955  -20.179  -27.874  -19.808 0.1111111119
54011  -19.163  -27.086  -21.020 0.1111111119
57833  -18.550  -23.234  -24.771 0.3333333433
57832  -17.780  -23.042  -24.474 0.3333333433
56877  -19.635  -24.404  -24.345 0.3333333433
126600  -19.258  -22.941  -25.034 0.3333333433
57823  -21.026  -23.758  -23.540 0.2222222239
59790  -19.037  -21.868  -25.111 0.3333333433
58790  -19.460  -22.275  -25.113 0.3333333433
126685  -20.226  -21.365  -25.628 0.3333333433
56863  -21.958  -23.706  -22.758 0.1111111119
59792  -22.306  -21.043  -23.704 0.1111111119
54986  -18.729  -26.832  -22.144 0.2222222239
128214  -18.117  -24.493  -23.856 0.3333333433
135713  -17.430  -24.078  -23.611 0.2222222239
59788  -17.965  -21.628  -24.178 0.2222222239
73377  -29.473  -7.645  -30.782 0.1111111119
138453  -29.671  -8.264  -30.366 0.1111111119
128983  -30.491  -7.011  -29.670 0.1111111119
73378  -30.027  -7.483  -30.110 0.1111111119
75289  -30.347  -5.608  -29.944 0.1111111119
129569  -29.485  -4.680  -31.228 0.1111111119
76265  -30.422  -4.639  -30.223 0.1111111119
148772  -29.871  -4.622  -30.643 0.1111111119
80006  -29.147  -0.773  -32.201 0.2222222239
76283  -29.934  -4.078  -30.640 0.1111111119
80890  -29.599  0.565  -32.267 0.1111111119
80889  -28.835  0.009  -32.663 0.2222222239
81772  -29.215  1.842  -33.116 0.1111111119
133558  -29.472  -0.106  -31.968 0.1111111119
81756  -29.821  1.351  -32.615 0.1111111119
83406  -29.127  3.111  -33.736 0.1111111119
130672  -23.115  3.239  -35.130 0.4444444478
84296  -30.141  4.010  -33.997 0.1111111119
86176  -28.048  5.996  -36.033 0.3333333433
85220  -28.159  5.186  -35.634 0.2222222239
136645  -29.376  5.667  -35.171 0.1111111119
84309  -29.532  4.442  -34.469 0.1111111119
85210  -30.549  5.442  -34.769 0.1111111119
147445  -25.678  4.394  -38.443 0.4444444478
84360  -25.307  4.765  -38.473 0.4444444478
85262  -25.167  5.351  -39.136 0.4444444478
85248  -26.146  4.926  -38.693 0.4444444478
86211  -26.206  5.711  -39.008 0.4444444478
124200  -26.553  6.512  -38.042 0.4444444478
86185  -27.017  6.855  -36.916 0.2222222239
87104  -27.710  7.584  -36.714 0.2222222239
145440  -28.416  7.440  -36.300 0.2222222239
149810  -29.133  7.650  -36.137 0.2222222239
87096  -29.652  7.102  -35.768 0.2222222239
128800  -27.266  11.740  -40.794 0.1111111119
89677  -28.106  10.855  -39.455 0.1111111119
87121  -30.650  8.164  -37.283 0.1111111119
84321  -24.092  4.421  -35.414 0.4444444478
85229  -24.847  4.724  -36.837 0.4444444478
84330  -24.667  4.198  -36.219 0.4444444478
85269  -25.061  5.892  -39.675 0.4444444478
146219  -25.575  6.130  -39.610 0.4444444478
137910  -26.228  6.454  -39.120 0.4444444478
87131  -26.466  7.341  -38.605 0.4444444478
86221  -24.337  6.917  -40.292 0.3333333433
88029  -26.816  8.348  -38.177 0.3333333433
88045  -26.630  9.045  -38.507 0.1111111119
88030  -27.470  8.636  -37.587 0.1111111119
88865  -27.939  9.420  -37.883 0.1111111119
88015  -28.579  8.163  -36.688 0.2222222239
88866  -28.845  9.304  -37.774 0.1111111119
88882  -28.588  9.816  -38.413 0.1111111119
85247  -24.858  5.213  -37.685 0.3333333433
85261  -24.746  5.521  -38.879 0.3333333433
86216  -24.954  6.334  -40.060 0.3333333433
87138  -25.902  6.976  -39.522 0.4444444478
88060  -24.536  7.429  -40.622 0.2222222239
88052  -25.464  8.460  -39.974 0.2222222239
135957  -26.159  9.025  -39.136 0.2222222239
88880  -26.609  9.718  -38.879 0.1111111119
132423  -24.560  8.196  -40.989 0.1111111119
88895  -25.164  9.158  -40.515 0.1111111119
89675  -25.795  10.154  -40.072 0.1111111119
89659  -27.445  10.362  -38.929 0.1111111119
89687  -24.888  9.829  -40.920 0.1111111119
90430  -26.465  10.963  -39.955 0.1111111119
89676  -26.580  10.346  -39.420 0.1111111119
137430  -24.736  5.539  -36.537 0.3333333433
86175  -24.687  6.269  -35.819 0.3333333433
87103  -24.644  6.973  -37.424 0.3333333433
86210  -24.587  6.252  -39.501 0.3333333433
86215  -24.506  6.490  -39.968 0.3333333433
87142  -23.652  7.345  -40.769 0.2222222239
88059  -23.624  7.806  -41.258 0.2222222239
88903  -24.177  8.667  -41.474 0.1111111119
89686  -24.677  10.585  -41.323 0.1111111119
90442  -26.408  11.531  -40.617 0.1111111119
91252  -25.450  13.202  -42.631 0.1111111119
87084  -24.045  7.705  -34.235 0.1111111119
128539  -24.541  7.826  -35.819 0.1111111119
149177  -24.496  7.700  -36.600 0.2222222239
131459  -24.360  7.900  -37.345 0.2222222239
87119  -24.373  7.399  -38.452 0.3333333433
88027  -24.221  8.186  -38.175 0.2222222239
87130  -24.156  7.010  -39.727 0.3333333433
88044  -23.830  7.747  -39.287 0.3333333433
88043  -23.300  8.081  -39.806 0.2222222239
88893  -23.118  8.637  -40.401 0.1111111119
88901  -22.818  9.132  -41.281 0.1111111119
88058  -23.162  8.205  -41.234 0.1111111119
88907  -22.936  9.175  -41.977 0.1111111119
133084  -23.814  9.458  -41.830 0.1111111119
90450  -23.509  10.491  -42.593 0.1111111119
90441  -25.511  11.341  -40.996 0.1111111119
91237  -27.256  12.198  -41.493 0.1111111119
91238  -27.833  12.099  -41.893 0.1111111119
87992  -24.482  7.923  -34.645 0.1111111119
88001  -25.319  8.400  -35.100 0.1111111119
130667  -24.665  8.015  -35.142 0.1111111119
144107  -25.604  8.753  -35.731 0.1111111119
88864  -25.124  9.298  -37.237 0.1111111119
89647  -24.532  9.749  -38.054 0.1111111119
88879  -23.771  9.077  -39.047 0.2222222239
89657  -24.129  10.136  -38.774 0.1111111119
90429  -23.589  11.287  -40.213 0.1111111119
89673  -22.880  10.251  -40.913 0.1111111119
90428  -22.899  11.191  -41.048 0.1111111119
89695  -22.709  10.190  -42.829 0.1111111119
144512  -26.020  8.972  -34.885 0.1111111119
88839  -25.668  9.172  -33.946 0.1111111119
88843  -26.265  9.970  -34.949 0.1111111119
89638  -25.827  10.097  -36.568 0.1111111119
129918  -25.832  10.889  -37.025 0.1111111119
89648  -25.236  10.342  -37.421 0.1111111119
90411  -25.396  11.272  -37.669 0.1111111119
90417  -24.401  11.585  -39.328 0.1111111119
139425  -26.585  10.818  -34.843 0.1111111119
90400  -26.505  11.338  -35.485 0.1111111119
74331  -30.149  -6.558  -30.087 0.1111111119
74312  -30.669  -6.336  -29.503 0.1111111119
78192  -30.173  -2.344  -31.046 0.1111111119
77260  -30.084  -3.250  -30.756 0.1111111119
148303  -29.775  -1.876  -31.394 0.1111111119
82599  -30.091  2.124  -32.909 0.1111111119
83434  -24.134  3.536  -35.732 0.4444444478
86186  -27.378  6.052  -36.684 0.4444444478
86177  -28.744  6.799  -35.838 0.2222222239
131204  -28.772  5.832  -35.527 0.1111111119
126024  -29.476  6.326  -35.478 0.1111111119
84310  -30.377  4.725  -34.370 0.1111111119
84361  -25.688  4.824  -38.706 0.4444444478
88032  -29.180  8.743  -37.189 0.2222222239
88881  -27.282  9.627  -38.405 0.1111111119
89660  -28.328  10.357  -38.910 0.1111111119
88897  -29.775  9.831  -39.177 0.1111111119
85268  -24.799  5.920  -39.518 0.3333333433
140680  -27.125  11.402  -40.184 0.1111111119
88028  -24.556  8.517  -37.288 0.2222222239
89630  -26.058  9.522  -35.724 0.1111111119
149709  -24.948  11.202  -38.177 0.1111111119
138956  -26.054  11.761  -36.897 0.1111111119
74295  -31.685  -7.036  -28.783 0.1111111119
73360  -30.969  -6.994  -29.156 0.1111111119
78191  -29.379  -2.336  -31.626 0.2222222239
83407  -29.851  3.345  -33.597 0.1111111119
137502  -23.633  2.749  -35.691 0.4444444478
85263  -25.637  5.443  -39.216 0.4444444478
88053  -26.197  8.108  -39.146 0.2222222239
87993  -25.331  8.561  -34.416 0.1111111119
89628  -26.374  10.378  -34.196 0.1111111119
90403  -26.197  11.056  -36.303 0.1111111119
73341  -31.235  -7.691  -28.828 0.1111111119
136070  -29.411  -8.861  -30.616 0.1111111119
72355  -30.186  -8.306  -29.727 0.1111111119
73359  -30.612  -7.656  -29.428 0.1111111119
138647  -32.090  -6.530  -28.810 0.1111111119
75271  -31.739  -5.441  -29.264 0.1111111119
76248  -30.934  -5.005  -29.537 0.1111111119
76266  -31.716  -3.915  -29.762 0.1111111119
77246  -30.859  -3.698  -30.232 0.1111111119
78193  -31.179  -1.815  -30.793 0.1111111119
78175  -30.986  -2.766  -30.531 0.1111111119
79090  -30.307  -1.388  -31.274 0.1111111119
80877  -31.104  0.236  -31.599 0.1111111119
81757  -30.593  1.623  -32.630 0.1111111119
82600  -31.006  2.234  -32.960 0.1111111119
83408  -30.687  3.567  -33.575 0.1111111119
85222  -30.753  6.063  -35.250 0.1111111119
84311  -31.255  4.899  -34.561 0.1111111119
84320  -23.327  4.081  -34.973 0.4444444478
87122  -31.315  7.638  -37.316 0.1111111119
126981  -30.425  8.703  -37.932 0.1111111119
84307  -23.436  4.902  -34.822 0.2222222239
85219  -24.418  5.255  -35.612 0.3333333433
89679  -29.440  10.502  -39.877 0.1111111119
86158  -24.080  6.892  -34.322 0.1111111119
133906  -24.733  7.041  -36.208 0.2222222239
128080  -28.531  11.468  -41.060 0.1111111119
90452  -28.493  11.661  -41.922 0.1111111119
87083  -23.301  7.190  -33.555 0.1111111119
130898  -23.027  7.448  -32.466 0.1111111119
87990  -25.016  8.644  -33.552 0.1111111119
87987  -24.753  8.612  -32.530 0.1111111119
91253  -27.278  12.571  -42.378 0.1111111119
88833  -25.550  8.910  -31.835 0.1111111119
91219  -22.531  11.850  -41.876 0.1111111119
91248  -21.837  11.245  -44.113 0.1111111119
91250  -22.681  12.195  -44.231 0.1111111119
92031  -24.577  13.838  -43.683 0.1111111119
88837  -26.103  9.940  -33.468 0.1111111119
89626  -26.555  10.649  -33.558 0.1111111119
91174  -25.645  12.158  -37.697 0.1111111119
91996  -24.101  13.278  -39.758 0.1111111119
147017  -26.386  11.780  -36.076 0.1111111119
79089  -29.402  -1.496  -31.776 0.1111111119
85209  -29.739  5.237  -34.720 0.1111111119
86204  -26.878  6.054  -37.364 0.4444444478
75288  -29.733  -6.039  -30.610 0.1111111119
85230  -25.172  4.437  -37.795 0.4444444478
76264  -29.843  -5.183  -30.629 0.1111111119
75270  -30.940  -5.697  -29.385 0.1111111119
130746  -31.070  -4.330  -29.760 0.1111111119
79987  -29.824  -0.633  -31.584 0.1111111119
80891  -30.617  0.924  -32.151 0.1111111119
80876  -30.133  0.184  -31.580 0.1111111119
84297  -30.954  4.264  -33.950 0.1111111119
85221  -30.015  5.917  -35.102 0.1111111119
85211  -31.197  5.566  -35.037 0.1111111119
87120  -27.022  7.678  -37.511 0.2222222239
88014  -27.793  8.217  -37.111 0.1111111119
88016  -29.505  8.235  -36.613 0.2222222239
87105  -29.931  7.707  -36.225 0.1111111119
90451  -27.908  11.745  -41.234 0.1111111119
91221  -25.848  12.018  -41.267 0.1111111119
89661  -29.089  10.224  -38.978 0.1111111119
136880  -27.307  10.980  -39.623 0.1111111119
145921  -28.019  11.373  -40.291 0.1111111119
90443  -28.931  11.093  -40.543 0.1111111119
88048  -31.288  8.166  -38.130 0.1111111119
87106  -30.710  7.619  -36.587 0.1111111119
88867  -29.670  9.109  -37.780 0.2222222239
87137  -25.186  6.725  -40.201 0.3333333433
88883  -29.361  9.617  -38.436 0.2222222239
86203  -24.638  5.953  -37.986 0.3333333433
88896  -25.967  9.515  -39.596 0.2222222239
137761  -25.631  10.799  -40.524 0.1111111119
127702  -24.787  6.178  -36.901 0.3333333433
136738  -24.495  6.435  -38.750 0.3333333433
87129  -23.410  7.484  -40.440 0.2222222239
88902  -23.378  8.724  -41.690 0.1111111119
91235  -24.701  11.539  -41.678 0.1111111119
134175  -25.071  12.487  -42.102 0.1111111119
91234  -23.668  11.881  -42.827 0.1111111119
91236  -26.371  12.489  -41.918 0.1111111119
91251  -24.109  13.040  -43.237 0.1111111119
87087  -24.580  7.229  -35.067 0.1111111119
142548  -23.736  8.066  -33.678 0.1111111119
88012  -24.494  8.166  -36.524 0.1111111119
88051  -23.166  7.749  -40.727 0.1111111119
127414  -23.147  9.586  -40.362 0.1111111119
89685  -22.602  9.917  -42.003 0.1111111119
89696  -23.065  9.620  -42.464 0.1111111119
90460  -22.602  10.981  -44.024 0.1111111119
146528  -24.881  8.193  -34.683 0.1111111119
87989  -24.396  8.302  -34.108 0.1111111119
126914  -24.034  8.438  -33.248 0.1111111119
88000  -24.788  8.249  -35.776 0.1111111119
88854  -25.614  9.209  -36.376 0.1111111119
89658  -24.758  10.650  -38.068 0.1111111119
88863  -24.395  8.871  -38.109 0.1111111119
90418  -24.500  11.011  -38.658 0.1111111119
89674  -23.696  10.514  -39.604 0.1111111119
91203  -24.096  12.239  -40.003 0.1111111119
90440  -22.358  10.780  -41.858 0.1111111119
90449  -22.195  11.264  -42.778 0.1111111119
90448  -21.856  11.095  -43.773 0.1111111119
88840  -26.060  9.691  -34.298 0.1111111119
89631  -26.328  10.458  -35.661 0.1111111119
91189  -25.129  11.768  -38.468 0.1111111119
91188  -24.730  12.458  -39.119 0.1111111119
74313  -31.414  -6.286  -29.085 0.1111111119
87097  -30.445  7.197  -35.927 0.1111111119
88884  -30.144  9.315  -38.542 0.1111111119
88898  -30.441  9.377  -39.381 0.1111111119
91202  -23.404  11.917  -40.755 0.1111111119
91162  -25.937  12.697  -36.997 0.1111111119
134762  -32.140  -6.019  -28.961 0.1111111119
88836  -25.517  9.191  -32.960 0.1111111119
79988  -30.669  -0.484  -31.341 0.1111111119
81758  -31.310  1.458  -32.582 0.1111111119
87098  -31.082  7.187  -36.101 0.1111111119
88047  -30.824  8.780  -38.822 0.1111111119
89689  -29.583  10.623  -40.926 0.1111111119
135494  -22.830  6.080  -33.468 0.1111111119
90453  -29.123  11.180  -41.425 0.1111111119
87081  -23.475  8.006  -33.058 0.1111111119
91233  -22.040  11.935  -43.493 0.1111111119
90459  -22.026  11.035  -44.485 0.1111111119
136915  -25.195  12.670  -38.264 0.1111111119
91982  -24.577  13.437  -38.742 0.1111111119
55022  -17.301  -26.009  -23.027 0.2222222239
130456  -19.728  -11.888  -28.463 0.2222222239
70416  -19.957  -10.775  -29.371 0.2222222239
68664  -20.143  -13.011  -28.733 0.3333333433
68674  -19.955  -12.159  -29.010 0.4444444478
82632  -22.896  2.404  -35.248 0.3333333433
83432  -21.831  2.486  -34.943 0.2222222239
84319  -22.543  3.664  -34.630 0.1111111119
79123  -19.970  -1.112  -33.309 0.2222222239
79085  -19.276  -1.623  -31.701 0.1111111119
67767  -19.900  -13.220  -27.839 0.2222222239
80897  -20.399  0.012  -34.004 0.1111111119
83404  -21.876  2.810  -34.761 0.1111111119
84305  -22.484  3.902  -34.391 0.1111111119
84306  -22.734  4.522  -34.403 0.1111111119
82631  -22.003  2.235  -35.238 0.2222222239
67754  -19.554  -13.536  -27.068 0.2222222239
73370  -18.981  -7.276  -29.607 0.2222222239
82630  -21.620  2.107  -35.029 0.1111111119
72346  -18.948  -7.471  -29.326 0.1111111119
68663  -19.816  -12.540  -28.140 0.2222222239
83421  -21.600  2.694  -34.732 0.1111111119
83433  -22.226  2.871  -34.852 0.1111111119
81768  -21.014  1.010  -34.342 0.1111111119
83422  -22.252  3.190  -34.708 0.1111111119
149829  -21.371  2.115  -33.614 0.1111111119
82625  -21.489  2.028  -34.820 0.1111111119
55002  -16.331  -26.732  -23.036 0.1111111119
55003  -17.488  -26.777  -22.792 0.1111111119
54009  -17.432  -27.943  -21.778 0.1111111119
55960  -16.117  -25.468  -22.937 0.1111111119
129278  -17.022  -23.763  -23.342 0.1111111119
57821  -17.342  -23.256  -23.872 0.1111111119
58775  -17.562  -22.491  -24.128 0.1111111119
66854  -19.071  -14.134  -26.005 0.1111111119
123332  -19.685  -10.734  -28.911 0.1111111119
69528  -19.740  -11.395  -28.922 0.1111111119
76278  -18.712  -4.219  -30.820 0.2222222239
77254  -18.912  -3.401  -31.304 0.2222222239
77240  -18.623  -3.737  -30.708 0.2222222239
129430  -18.063  -2.897  -29.273 0.2222222239
56875  -16.769  -24.548  -23.095 0.1111111119
55020  -15.173  -26.105  -23.217 0.1111111119
54025  -16.598  -27.607  -22.623 0.1111111119
148665  -18.162  -26.790  -22.594 0.1111111119
56862  -16.669  -23.940  -22.685 0.1111111119
58774  -17.191  -22.568  -23.459 0.1111111119
59776  -17.503  -21.885  -23.569 0.1111111119
137122  -17.835  -21.073  -23.470 0.1111111119
137992  -18.144  -20.785  -23.910 0.1111111119
66833  -19.430  -14.664  -25.742 0.1111111119
135230  -18.637  -13.720  -26.127 0.1111111119
68643  -19.710  -12.805  -27.193 0.1111111119
69516  -19.693  -11.368  -28.581 0.1111111119
76258  -18.460  -4.586  -30.195 0.2222222239
78153  -17.495  -2.114  -28.260 0.2222222239
78169  -18.110  -1.769  -29.357 0.1111111119
54010  -18.279  -27.451  -21.439 0.1111111119
126334  -15.531  -28.293  -22.640 0.1111111119
145320  -18.996  -2.245  -31.229 0.1111111119
124609  -19.201  -13.872  -26.414 0.1111111119
61844  -18.295  -19.501  -23.745 0.1111111119
62834  -18.487  -18.745  -23.938 0.1111111119
63844  -18.811  -17.975  -24.230 0.1111111119
65870  -19.525  -15.440  -25.252 0.1111111119
65880  -19.447  -14.956  -25.777 0.1111111119
55961  -17.169  -25.082  -23.203 0.1111111119
55021  -16.139  -26.009  -23.087 0.1111111119
54036  -15.420  -26.619  -23.233 0.1111111119
66834  -18.804  -13.877  -25.961 0.1111111119
77224  -17.974  -3.710  -29.161 0.1111111119
57820  -16.953  -23.168  -23.164 0.1111111119
59762  -17.476  -21.455  -22.924 0.1111111119
66798  -19.520  -15.406  -25.358 0.1111111119
66799  -19.729  -14.857  -24.980 0.1111111119
79946  -17.718  -1.156  -27.636 0.1111111119
79958  -18.442  -0.494  -28.876 0.1111111119
79998  -19.274  -0.350  -32.706 0.1111111119
75264  -18.576  -5.897  -29.524 0.1111111119
145790  -19.413  -0.790  -32.123 0.1111111119
80873  -19.619  -0.551  -33.034 0.1111111119
53985  -20.021  -27.263  -20.488 0.1111111119
54026  -17.823  -27.223  -22.297 0.1111111119
55947  -21.477  -25.505  -23.026 0.1111111119
69493  -19.985  -11.248  -27.838 0.1111111119
70474  -26.341  -10.455  -33.581 0.8888888955
71411  -26.289  -9.272  -34.107 1.0000000000
72393  -21.868  -8.726  -32.754 0.8888888955
73442  -27.031  -6.889  -35.578 0.7777777910
74296  -32.509  -7.029  -28.624 0.1111111119
74322  -18.639  -6.687  -29.475 0.3333333433
74355  -20.658  -6.698  -32.409 0.6666666865
74382  -23.514  -6.387  -34.696 0.8888888955
75297  -19.071  -4.807  -31.080 0.3333333433
75298  -19.415  -5.348  -31.381 0.4444444478
75341  -22.663  -5.156  -34.711 0.8888888955
75367  -26.244  -4.979  -36.323 0.8888888955
76289  -19.794  -4.210  -32.406 0.5555555820
76312  -27.834  -4.692  -35.136 0.7777777910
77299  -22.442  -3.712  -35.186 0.7777777910
77307  -27.454  -3.576  -35.421 0.8888888955
77314  -24.060  -2.851  -36.406 0.7777777910
78130  -17.277  -1.277  -27.729 0.2222222239
78141  -17.533  -2.116  -27.899 0.2222222239
78152  -17.148  -1.462  -27.607 0.2222222239
78231  -21.399  -2.957  -34.361 0.7777777910
78256  -25.910  -2.055  -36.311 0.7777777910
79039  -18.045  -1.415  -27.378 0.1111111119
79051  -18.844  -1.287  -27.759 0.1111111119
79062  -17.470  -1.283  -28.151 0.1111111119
79069  -18.257  -0.723  -29.155 0.1111111119
80035  -20.567  -0.099  -34.154 0.3333333433
80058  -22.849  -0.162  -36.256 0.6666666865
80937  -22.658  0.494  -35.991 0.5555555820
81793  -27.601  1.355  -35.806 0.6666666865
82613  -29.533  2.642  -33.325 0.1111111119
82614  -30.400  2.866  -33.207 0.1111111119
84344  -25.604  3.949  -38.155 0.4444444478
86178  -30.225  6.577  -35.500 0.1111111119
86179  -30.954  6.684  -35.700 0.1111111119
86187  -27.851  6.818  -36.338 0.2222222239
87107  -31.414  7.182  -36.676 0.1111111119
87135  -23.305  7.521  -40.932 0.1111111119
87136  -23.777  7.254  -40.507 0.2222222239
88013  -25.071  8.664  -36.501 0.1111111119
88017  -30.179  8.162  -36.687 0.1111111119
88031  -28.333  8.766  -37.360 0.1111111119
88046  -27.165  9.087  -37.993 0.1111111119
88894  -23.524  9.600  -39.590 0.1111111119
89678  -28.742  10.622  -39.401 0.1111111119
89684  -22.363  10.625  -42.902 0.1111111119
89688  -28.686  10.979  -39.876 0.1111111119
89694  -22.088  10.553  -43.983 0.1111111119
89702  -21.984  10.819  -44.438 0.1111111119
89703  -22.084  10.716  -44.339 0.1111111119
89704  -22.542  10.518  -43.484 0.1111111119
90458  -21.840  10.947  -44.265 0.1111111119
91163  -26.286  12.508  -36.187 0.1111111119
91222  -26.701  12.048  -41.175 0.1111111119
91249  -22.030  11.805  -44.294 0.1111111119
91263  -21.889  11.111  -44.428 0.1111111119
123073  -17.258  -1.270  -27.256 0.1111111119
123074  -16.970  -1.343  -27.326 0.1111111119
123075  -17.020  -1.209  -27.420 0.1111111119
124270  -23.308  -5.689  -34.819 1.0000000000
127184  -23.894  8.422  -38.852 0.2222222239
128952  -29.977  8.630  -37.144 0.2222222239
135966  -24.740  -3.987  -36.513 0.8888888955
137735  -29.305  -7.170  -31.224 0.2222222239
138476  -25.484  7.507  -39.961 0.2222222239
140077  -27.925  9.920  -38.514 0.1111111119
141817  -30.134  9.901  -39.823 0.1111111119
144692  -25.812  -4.530  -36.447 0.8888888955
147466  -22.454  -7.186  -33.700 0.8888888955
147934  -19.564  -28.321  -19.936 0.1111111119
148122  -19.302  -3.007  -31.757 0.4444444478
