#!ascii label  , from subject chris_t1_2 vox2ras=TkReg
347
63887  -27.122  -17.083  -27.285 0.0000000000
67814  -27.028  -13.321  -31.486 0.0000000000
81807  -27.182  1.033  -36.575 0.0000000000
78222  -28.354  -2.968  -33.897 0.0000000000
73391  -29.133  -7.762  -31.485 0.0000000000
69501  -29.851  -11.888  -27.745 0.0000000000
82652  -26.382  2.597  -37.795 0.0000000000
75319  -28.772  -5.809  -32.864 0.0000000000
72413  -27.394  -8.759  -33.827 0.0000000000
65932  -26.837  -15.524  -29.503 0.0000000000
68678  -28.275  -12.507  -29.417 0.0000000000
67755  -28.713  -13.881  -27.777 0.0000000000
60835  -22.722  -19.792  -24.971 0.0000000000
64940  -25.517  -17.162  -28.901 0.0000000000
88043  -23.300  8.081  -39.806 0.0000000000
87137  -25.186  6.725  -40.201 0.0000000000
124200  -26.553  6.512  -38.042 0.0000000000
85220  -28.159  5.186  -35.634 0.0000000000
83424  -29.329  3.697  -34.142 0.0000000000
80038  -27.871  -0.829  -34.680 0.0000000000
80890  -29.599  0.565  -32.267 0.0000000000
148303  -29.775  -1.876  -31.394 0.0000000000
76265  -30.422  -4.639  -30.223 0.0000000000
73360  -30.969  -6.994  -29.156 0.0000000000
70444  -28.238  -10.430  -31.482 0.0000000000
71344  -29.647  -9.736  -29.519 0.0000000000
143074  -27.319  -7.545  -35.039 0.0000000000
72430  -26.802  -8.731  -34.315 0.0000000000
65911  -26.721  -16.082  -28.873 0.0000000000
66886  -27.503  -14.850  -28.790 0.0000000000
65896  -27.629  -15.878  -27.813 0.0000000000
56879  -21.285  -24.637  -23.314 0.0000000000
56863  -21.958  -23.706  -22.758 0.0000000000
59777  -22.102  -21.753  -23.152 0.0000000000
65930  -25.313  -16.389  -30.022 0.0000000000
63912  -24.106  -17.213  -29.372 0.0000000000
87131  -26.466  7.341  -38.605 0.0000000000
82644  -26.977  2.321  -37.324 0.0000000000
83444  -27.542  3.725  -36.635 0.0000000000
83435  -27.951  3.695  -35.816 0.0000000000
85208  -28.868  5.041  -34.928 0.0000000000
82627  -28.200  2.376  -34.724 0.0000000000
79141  -27.809  -1.787  -34.562 0.0000000000
129536  -28.381  -0.398  -33.674 0.0000000000
80005  -28.604  -0.932  -32.920 0.0000000000
79987  -29.824  -0.633  -31.584 0.0000000000
78208  -28.870  -2.135  -32.314 0.0000000000
74358  -29.018  -6.148  -32.032 0.0000000000
129569  -29.485  -4.680  -31.228 0.0000000000
75288  -29.733  -6.039  -30.610 0.0000000000
75289  -30.347  -5.608  -29.944 0.0000000000
73378  -30.027  -7.483  -30.110 0.0000000000
69559  -26.708  -12.008  -32.446 0.0000000000
69576  -27.067  -11.231  -32.752 0.0000000000
69560  -27.431  -11.679  -32.019 0.0000000000
69517  -28.844  -12.032  -28.878 0.0000000000
70417  -28.702  -10.945  -29.808 0.0000000000
71326  -29.826  -10.250  -28.944 0.0000000000
127361  -30.910  -9.137  -28.627 0.0000000000
70378  -30.687  -10.753  -27.933 0.0000000000
60820  -23.427  -19.887  -23.979 0.0000000000
61861  -22.869  -19.236  -25.895 0.0000000000
146758  -23.673  -18.935  -25.636 0.0000000000
62867  -24.910  -18.247  -26.154 0.0000000000
76313  -28.250  -4.223  -34.583 0.0000000000
127347  -28.658  -4.035  -32.976 0.0000000000
74385  -28.077  -5.993  -34.416 0.0000000000
73416  -28.153  -7.259  -33.466 0.0000000000
135256  -28.410  -8.382  -32.519 0.0000000000
66921  -27.175  -14.347  -30.430 0.0000000000
143909  -27.506  -12.792  -30.900 0.0000000000
67780  -27.570  -13.815  -29.812 0.0000000000
67770  -28.370  -13.570  -28.478 0.0000000000
68647  -28.940  -13.104  -27.943 0.0000000000
59792  -22.306  -21.043  -23.704 0.0000000000
66919  -25.980  -14.309  -31.376 0.0000000000
65948  -26.353  -15.445  -30.481 0.0000000000
64961  -26.376  -16.296  -29.385 0.0000000000
63904  -25.936  -17.229  -28.146 0.0000000000
88901  -22.818  9.132  -41.281 0.0000000000
136738  -24.495  6.435  -38.750 0.0000000000
87142  -23.652  7.345  -40.769 0.0000000000
88896  -25.967  9.515  -39.596 0.0000000000
88045  -26.630  9.045  -38.507 0.0000000000
88014  -27.793  8.217  -37.111 0.0000000000
145753  -27.123  5.247  -37.376 0.0000000000
86186  -27.378  6.052  -36.684 0.0000000000
149810  -29.133  7.650  -36.137 0.0000000000
126024  -29.476  6.326  -35.478 0.0000000000
85210  -30.549  5.442  -34.769 0.0000000000
84297  -30.954  4.264  -33.950 0.0000000000
80930  -27.553  0.478  -35.896 0.0000000000
136494  -28.263  0.923  -34.143 0.0000000000
81772  -29.215  1.842  -33.116 0.0000000000
82600  -31.006  2.234  -32.960 0.0000000000
81758  -31.310  1.458  -32.582 0.0000000000
78193  -31.179  -1.815  -30.793 0.0000000000
76297  -29.027  -4.317  -32.103 0.0000000000
77260  -30.084  -3.250  -30.756 0.0000000000
70475  -26.857  -10.193  -33.613 0.0000000000
71388  -27.930  -9.777  -32.956 0.0000000000
71360  -28.915  -9.158  -31.213 0.0000000000
69542  -28.244  -11.467  -30.446 0.0000000000
131969  -28.701  -9.940  -30.866 0.0000000000
136070  -29.411  -8.861  -30.616 0.0000000000
72355  -30.186  -8.306  -29.727 0.0000000000
73341  -31.235  -7.691  -28.828 0.0000000000
63884  -24.485  -17.992  -28.091 0.0000000000
63885  -25.397  -17.632  -27.579 0.0000000000
138440  -26.473  -17.629  -26.461 0.0000000000
64942  -27.058  -16.341  -28.282 0.0000000000
65912  -27.265  -15.634  -28.552 0.0000000000
64920  -27.409  -16.561  -27.547 0.0000000000
64921  -28.054  -16.155  -27.143 0.0000000000
141099  -21.912  -24.804  -22.881 0.0000000000
136422  -27.312  1.869  -36.598 0.0000000000
130345  -27.457  2.892  -36.365 0.0000000000
82626  -27.697  2.225  -35.600 0.0000000000
82633  -28.004  3.035  -35.288 0.0000000000
77300  -28.219  -3.385  -34.669 0.0000000000
78234  -28.040  -2.599  -34.653 0.0000000000
79128  -28.162  -2.170  -33.829 0.0000000000
80020  -28.200  -1.309  -33.788 0.0000000000
79112  -28.494  -1.754  -33.031 0.0000000000
79113  -28.871  -1.412  -32.422 0.0000000000
78207  -28.509  -2.589  -33.045 0.0000000000
74345  -28.948  -7.088  -31.941 0.0000000000
74346  -29.353  -6.485  -31.298 0.0000000000
74330  -29.619  -6.888  -30.645 0.0000000000
73377  -29.473  -7.645  -30.782 0.0000000000
68707  -26.360  -12.900  -32.123 0.0000000000
68708  -27.176  -12.506  -31.784 0.0000000000
69518  -29.432  -11.576  -28.420 0.0000000000
70398  -29.619  -10.844  -28.676 0.0000000000
69519  -30.071  -11.138  -28.086 0.0000000000
70399  -30.279  -10.468  -28.468 0.0000000000
69502  -30.738  -11.492  -27.553 0.0000000000
61845  -23.548  -19.378  -24.959 0.0000000000
75343  -27.689  -5.583  -35.104 0.0000000000
75344  -28.207  -5.097  -34.505 0.0000000000
73415  -27.636  -7.855  -34.145 0.0000000000
72414  -27.962  -8.136  -33.272 0.0000000000
73402  -28.473  -7.562  -32.670 0.0000000000
66902  -26.901  -14.964  -30.203 0.0000000000
66903  -27.332  -14.604  -29.633 0.0000000000
66887  -28.078  -14.319  -28.249 0.0000000000
67769  -27.780  -14.046  -28.997 0.0000000000
67756  -29.431  -13.526  -27.380 0.0000000000
66875  -29.223  -14.301  -27.244 0.0000000000
55964  -20.686  -25.320  -23.441 0.0000000000
55005  -20.308  -26.274  -22.447 0.0000000000
59793  -23.051  -20.614  -23.463 0.0000000000
140384  -25.938  -15.097  -31.047 0.0000000000
64959  -25.000  -16.958  -29.458 0.0000000000
64960  -25.796  -16.658  -29.478 0.0000000000
64941  -26.326  -16.725  -28.752 0.0000000000
88893  -23.118  8.637  -40.401 0.0000000000
88058  -23.162  8.205  -41.234 0.0000000000
88051  -23.166  7.749  -40.727 0.0000000000
86216  -24.954  6.334  -40.060 0.0000000000
86215  -24.506  6.490  -39.968 0.0000000000
86221  -24.337  6.917  -40.292 0.0000000000
88059  -23.624  7.806  -41.258 0.0000000000
88060  -24.536  7.429  -40.622 0.0000000000
88895  -25.164  9.158  -40.515 0.0000000000
88052  -25.464  8.460  -39.974 0.0000000000
88029  -26.816  8.348  -38.177 0.0000000000
88030  -27.470  8.636  -37.587 0.0000000000
87120  -27.022  7.678  -37.511 0.0000000000
84346  -26.713  3.868  -37.998 0.0000000000
84322  -27.804  4.431  -36.154 0.0000000000
85231  -27.593  5.221  -36.452 0.0000000000
86176  -28.048  5.996  -36.033 0.0000000000
145440  -28.416  7.440  -36.300 0.0000000000
86177  -28.744  6.799  -35.838 0.0000000000
87096  -29.652  7.102  -35.768 0.0000000000
131204  -28.772  5.832  -35.527 0.0000000000
84308  -28.835  4.075  -34.702 0.0000000000
85209  -29.739  5.237  -34.720 0.0000000000
84309  -29.532  4.442  -34.469 0.0000000000
84310  -30.377  4.725  -34.370 0.0000000000
84296  -30.141  4.010  -33.997 0.0000000000
79140  -27.488  -1.525  -35.196 0.0000000000
80037  -27.493  -0.797  -35.532 0.0000000000
130233  -27.872  -0.106  -35.340 0.0000000000
80916  -27.965  0.850  -35.022 0.0000000000
80917  -28.231  0.135  -34.468 0.0000000000
80889  -28.835  0.009  -32.663 0.0000000000
80902  -28.928  0.996  -32.823 0.0000000000
82599  -30.091  2.124  -32.909 0.0000000000
81756  -29.821  1.351  -32.615 0.0000000000
81757  -30.593  1.623  -32.630 0.0000000000
80891  -30.617  0.924  -32.151 0.0000000000
79089  -29.402  -1.496  -31.776 0.0000000000
79988  -30.669  -0.484  -31.341 0.0000000000
79090  -30.307  -1.388  -31.274 0.0000000000
130582  -31.117  -1.022  -31.080 0.0000000000
76296  -28.770  -4.923  -32.918 0.0000000000
148772  -29.871  -4.622  -30.643 0.0000000000
76283  -29.934  -4.078  -30.640 0.0000000000
78175  -30.986  -2.766  -30.531 0.0000000000
77246  -30.859  -3.698  -30.232 0.0000000000
74312  -30.669  -6.336  -29.503 0.0000000000
74295  -31.685  -7.036  -28.783 0.0000000000
71405  -26.342  -9.983  -33.850 0.0000000000
70443  -27.716  -10.869  -32.212 0.0000000000
70461  -27.441  -10.428  -33.063 0.0000000000
70462  -28.095  -10.133  -32.335 0.0000000000
71369  -28.386  -9.252  -32.226 0.0000000000
142415  -28.478  -9.783  -31.613 0.0000000000
68692  -28.004  -12.252  -30.246 0.0000000000
70418  -29.323  -10.550  -29.345 0.0000000000
70433  -29.026  -10.222  -30.083 0.0000000000
71361  -29.278  -9.489  -30.393 0.0000000000
72354  -29.741  -8.951  -29.983 0.0000000000
71345  -30.305  -9.071  -29.347 0.0000000000
72338  -31.518  -8.427  -28.476 0.0000000000
63867  -24.773  -18.068  -27.058 0.0000000000
63868  -25.645  -17.801  -26.564 0.0000000000
124316  -27.220  -8.249  -34.577 0.0000000000
66873  -27.700  -15.029  -27.932 0.0000000000
66874  -28.459  -14.634  -27.571 0.0000000000
65897  -28.240  -15.405  -27.352 0.0000000000
141210  -21.362  -25.971  -22.781 0.0000000000
58777  -21.439  -22.305  -23.515 0.0000000000
58762  -21.957  -22.545  -22.735 0.0000000000
149077  -24.755  -16.002  -30.333 0.0000000000
134469  -24.466  -16.529  -29.857 0.0000000000
63902  -24.661  -17.493  -28.867 0.0000000000
88044  -23.830  7.747  -39.287 0.0000000000
146219  -25.575  6.130  -39.610 0.0000000000
87138  -25.902  6.976  -39.522 0.0000000000
137910  -26.228  6.454  -39.120 0.0000000000
83452  -26.985  3.264  -37.462 0.0000000000
84323  -28.332  4.367  -35.346 0.0000000000
83436  -28.350  3.691  -35.086 0.0000000000
83423  -28.613  3.217  -34.426 0.0000000000
133558  -29.472  -0.106  -31.968 0.0000000000
80006  -29.147  -0.773  -32.201 0.0000000000
78191  -29.379  -2.336  -31.626 0.0000000000
75320  -29.078  -5.247  -32.071 0.0000000000
75305  -29.428  -5.623  -31.318 0.0000000000
76264  -29.843  -5.183  -30.629 0.0000000000
74331  -30.149  -6.558  -30.087 0.0000000000
128983  -30.491  -7.011  -29.670 0.0000000000
70460  -26.657  -10.782  -33.290 0.0000000000
69561  -27.939  -11.171  -31.298 0.0000000000
69530  -28.536  -11.748  -29.634 0.0000000000
69531  -29.044  -11.262  -29.085 0.0000000000
71327  -30.321  -9.768  -28.839 0.0000000000
70400  -31.035  -10.003  -28.166 0.0000000000
71309  -31.947  -9.951  -27.639 0.0000000000
70379  -31.452  -10.769  -27.551 0.0000000000
62866  -24.272  -18.389  -26.583 0.0000000000
62848  -24.252  -18.569  -25.828 0.0000000000
62849  -24.997  -18.448  -25.212 0.0000000000
76324  -27.914  -3.836  -35.169 0.0000000000
77290  -28.451  -3.755  -33.859 0.0000000000
76305  -28.501  -4.589  -33.769 0.0000000000
75331  -28.499  -5.466  -33.697 0.0000000000
74370  -27.817  -6.919  -34.291 0.0000000000
74371  -28.370  -6.356  -33.601 0.0000000000
74357  -28.609  -6.698  -32.754 0.0000000000
73390  -28.790  -7.845  -32.089 0.0000000000
67797  -26.865  -14.069  -31.156 0.0000000000
67798  -27.364  -13.604  -30.681 0.0000000000
68677  -27.640  -12.970  -29.956 0.0000000000
67781  -27.966  -13.247  -29.171 0.0000000000
68665  -28.560  -12.772  -28.631 0.0000000000
68666  -29.190  -12.329  -28.158 0.0000000000
68649  -30.451  -12.368  -27.259 0.0000000000
68648  -29.629  -12.700  -27.525 0.0000000000
66855  -28.929  -14.996  -26.944 0.0000000000
60834  -22.113  -20.305  -25.054 0.0000000000
60819  -22.557  -20.378  -24.262 0.0000000000
67813  -26.397  -13.624  -31.601 0.0000000000
66920  -26.569  -14.742  -30.822 0.0000000000
65931  -26.131  -16.159  -30.071 0.0000000000
64919  -26.725  -16.907  -27.909 0.0000000000
88879  -23.771  9.077  -39.047 0.0000000000
87119  -24.373  7.399  -38.452 0.0000000000
87130  -24.156  7.010  -39.727 0.0000000000
87129  -23.410  7.484  -40.440 0.0000000000
88903  -24.177  8.667  -41.474 0.0000000000
88053  -26.197  8.108  -39.146 0.0000000000
135957  -26.159  9.025  -39.136 0.0000000000
88880  -26.609  9.718  -38.879 0.0000000000
88881  -27.282  9.627  -38.405 0.0000000000
88865  -27.939  9.420  -37.883 0.0000000000
88866  -28.845  9.304  -37.774 0.0000000000
135363  -26.593  5.418  -38.175 0.0000000000
86204  -26.878  6.054  -37.364 0.0000000000
84332  -27.317  4.309  -37.272 0.0000000000
86185  -27.017  6.855  -36.916 0.0000000000
87104  -27.710  7.584  -36.714 0.0000000000
88015  -28.579  8.163  -36.688 0.0000000000
88032  -29.180  8.743  -37.189 0.0000000000
88016  -29.505  8.235  -36.613 0.0000000000
87097  -30.445  7.197  -35.927 0.0000000000
136645  -29.376  5.667  -35.171 0.0000000000
85221  -30.015  5.917  -35.102 0.0000000000
138021  -27.446  -0.221  -35.893 0.0000000000
81780  -27.896  1.688  -35.062 0.0000000000
81781  -28.266  1.619  -34.358 0.0000000000
82612  -28.716  2.369  -33.793 0.0000000000
80901  -28.497  0.533  -33.499 0.0000000000
81771  -28.585  1.414  -33.556 0.0000000000
83406  -29.127  3.111  -33.736 0.0000000000
83407  -29.851  3.345  -33.597 0.0000000000
83408  -30.687  3.567  -33.575 0.0000000000
80876  -30.133  0.184  -31.580 0.0000000000
80877  -31.104  0.236  -31.599 0.0000000000
80878  -32.006  0.120  -31.702 0.0000000000
79091  -31.850  -1.155  -31.040 0.0000000000
77276  -28.539  -3.314  -33.161 0.0000000000
144114  -28.902  -3.194  -32.181 0.0000000000
127758  -29.507  -2.972  -31.307 0.0000000000
77259  -29.442  -3.753  -31.335 0.0000000000
78192  -30.173  -2.344  -31.046 0.0000000000
76248  -30.934  -5.005  -29.537 0.0000000000
71406  -26.857  -9.486  -33.892 0.0000000000
71387  -27.420  -9.678  -33.476 0.0000000000
72394  -27.939  -9.031  -33.101 0.0000000000
72382  -28.831  -8.456  -31.760 0.0000000000
69541  -27.713  -11.981  -31.116 0.0000000000
70432  -28.445  -10.673  -30.623 0.0000000000
72369  -29.244  -8.355  -31.028 0.0000000000
138453  -29.671  -8.264  -30.366 0.0000000000
73359  -30.612  -7.656  -29.428 0.0000000000
72337  -30.771  -8.383  -29.052 0.0000000000
63903  -25.200  -17.501  -28.338 0.0000000000
63886  -26.361  -17.363  -27.259 0.0000000000
55947  -21.477  -25.505  -23.026 0.0000000000
79989  -31.543  -0.461  -31.336 0.0000000000
79990  -32.345  -0.651  -31.496 0.0000000000
81793  -27.601  1.355  -35.806 0.0000000000
82613  -29.533  2.642  -33.325 0.0000000000
82614  -30.400  2.866  -33.207 0.0000000000
86178  -30.225  6.577  -35.500 0.0000000000
86187  -27.851  6.818  -36.338 0.0000000000
87135  -23.305  7.521  -40.932 0.0000000000
87136  -23.777  7.254  -40.507 0.0000000000
88031  -28.333  8.766  -37.360 0.0000000000
88046  -27.165  9.087  -37.993 0.0000000000
127184  -23.894  8.422  -38.852 0.0000000000
137735  -29.305  -7.170  -31.224 0.0000000000
138476  -25.484  7.507  -39.961 0.0000000000
