#!ascii label  , from subject chris_t1_2 vox2ras=TkReg
1342
129779  41.633  28.644  -3.276 0.0000000000
103442  43.607  32.776  -2.493 0.0000000000
97605  51.100  21.949  -0.087 0.0000000000
100912  39.545  28.487  2.412 0.0000000000
98796  43.687  24.605  2.670 0.0000000000
105160  44.657  35.166  -6.399 0.0000000000
105662  40.660  36.976  2.872 0.0000000000
107976  48.021  40.841  4.040 0.0000000000
97552  51.617  22.061  7.368 0.0000000000
96117  44.930  21.041  6.420 0.0000000000
101595  43.514  29.093  -7.315 0.0000000000
99876  47.548  25.583  -2.839 0.0000000000
101565  49.231  30.103  -4.149 0.0000000000
100909  47.850  28.275  2.552 0.0000000000
108606  41.326  42.272  -1.776 0.0000000000
147219  48.168  37.741  -4.134 0.0000000000
96181  45.462  20.546  -2.602 0.0000000000
123055  40.873  28.833  -0.210 0.0000000000
99838  42.551  26.770  3.163 0.0000000000
100387  43.235  27.810  0.780 0.0000000000
102862  41.767  30.904  -4.685 0.0000000000
102228  39.279  30.142  -2.665 0.0000000000
108545  41.534  41.297  5.247 0.0000000000
97532  49.017  22.376  10.428 0.0000000000
123545  48.393  20.654  10.094 0.0000000000
96072  49.129  20.476  12.885 0.0000000000
110450  43.556  44.955  -5.019 0.0000000000
102861  43.861  30.895  -5.116 0.0000000000
100977  46.561  28.169  -5.295 0.0000000000
102226  45.429  30.111  -2.254 0.0000000000
104472  49.168  35.363  6.516 0.0000000000
103389  50.456  32.711  2.409 0.0000000000
102164  47.634  30.879  4.274 0.0000000000
100326  49.020  27.630  6.484 0.0000000000
106306  44.628  37.483  -0.706 0.0000000000
106872  47.788  38.686  0.299 0.0000000000
148407  44.920  35.316  -3.416 0.0000000000
104044  45.947  33.349  -7.267 0.0000000000
98267  49.727  23.731  -2.239 0.0000000000
98246  47.845  23.219  0.431 0.0000000000
96165  48.669  20.776  -0.792 0.0000000000
98220  41.269  23.700  3.172 0.0000000000
97613  41.528  22.689  -0.407 0.0000000000
106930  47.571  38.170  -6.459 0.0000000000
143289  44.050  37.050  -4.471 0.0000000000
105108  42.621  35.044  0.476 0.0000000000
102817  44.845  31.384  0.440 0.0000000000
112001  43.440  48.259  4.256 0.0000000000
109756  43.488  43.535  3.600 0.0000000000
107397  43.580  39.721  2.371 0.0000000000
136333  51.609  21.534  3.906 0.0000000000
123077  48.709  21.787  2.761 0.0000000000
123084  48.750  21.580  6.694 0.0000000000
95456  44.488  19.555  9.816 0.0000000000
100988  42.229  28.470  -5.998 0.0000000000
100408  44.775  27.493  -3.095 0.0000000000
99895  45.336  26.291  -5.880 0.0000000000
100420  48.013  26.787  -5.220 0.0000000000
100399  49.291  26.302  -2.179 0.0000000000
132638  49.529  32.073  -0.903 0.0000000000
100938  49.428  29.415  -0.507 0.0000000000
99338  49.428  25.189  1.059 0.0000000000
148237  49.597  25.365  4.619 0.0000000000
99298  50.285  25.140  7.483 0.0000000000
144679  40.403  44.594  -4.065 0.0000000000
109190  44.655  42.479  -3.364 0.0000000000
108012  47.784  40.331  -1.197 0.0000000000
108045  47.766  39.805  -3.787 0.0000000000
105759  47.512  35.676  -7.350 0.0000000000
103471  44.313  31.903  -8.325 0.0000000000
99348  46.034  25.943  1.096 0.0000000000
97610  44.491  22.450  -0.669 0.0000000000
96950  42.092  21.445  -3.118 0.0000000000
96890  44.542  21.450  2.173 0.0000000000
100950  41.056  29.175  -1.752 0.0000000000
100928  42.430  28.291  0.460 0.0000000000
100941  42.326  28.469  -0.726 0.0000000000
101571  40.786  29.374  -4.310 0.0000000000
102239  40.090  30.132  -3.768 0.0000000000
100959  40.308  29.257  -2.836 0.0000000000
101541  39.650  29.445  -1.651 0.0000000000
97526  48.265  22.537  12.194 0.0000000000
96787  50.100  21.059  11.244 0.0000000000
96768  49.741  21.015  13.230 0.0000000000
96935  38.790  21.552  -1.433 0.0000000000
103452  43.661  32.300  -3.278 0.0000000000
102237  44.396  30.467  -3.478 0.0000000000
102844  44.149  31.235  -2.089 0.0000000000
103929  46.413  33.896  6.602 0.0000000000
138576  48.214  33.208  5.165 0.0000000000
104552  43.713  34.810  -1.627 0.0000000000
105709  44.877  36.260  -2.347 0.0000000000
104025  44.092  34.098  -2.932 0.0000000000
104034  44.467  33.494  -4.099 0.0000000000
142679  50.249  23.372  -1.856 0.0000000000
97619  50.032  21.319  -1.304 0.0000000000
96176  51.058  20.566  -1.125 0.0000000000
100360  39.472  27.665  3.820 0.0000000000
100359  40.357  27.398  3.756 0.0000000000
99328  42.983  25.493  3.321 0.0000000000
127294  42.446  24.928  3.487 0.0000000000
98230  42.316  23.570  2.267 0.0000000000
98242  40.979  22.982  1.559 0.0000000000
98240  42.606  23.257  1.450 0.0000000000
105735  45.611  36.588  -6.171 0.0000000000
106355  45.539  37.478  -5.603 0.0000000000
143300  44.318  36.378  -5.052 0.0000000000
100932  38.692  29.238  0.607 0.0000000000
100913  38.629  28.685  2.162 0.0000000000
104523  41.862  35.298  1.725 0.0000000000
103968  42.495  33.748  2.470 0.0000000000
104501  41.830  34.757  3.229 0.0000000000
107391  41.367  39.100  3.751 0.0000000000
107980  42.681  40.220  3.963 0.0000000000
106836  41.351  38.230  2.543 0.0000000000
106281  42.288  37.368  1.321 0.0000000000
97568  51.764  22.124  6.107 0.0000000000
96842  50.554  21.440  5.447 0.0000000000
137138  51.025  21.508  7.506 0.0000000000
95444  46.478  19.605  11.637 0.0000000000
96089  46.107  20.175  10.292 0.0000000000
94832  44.925  18.320  11.428 0.0000000000
100997  43.123  28.620  -7.386 0.0000000000
100434  43.594  27.489  -6.708 0.0000000000
100439  44.340  27.430  -6.880 0.0000000000
101579  48.322  29.066  -4.865 0.0000000000
100984  47.581  27.581  -5.702 0.0000000000
100974  48.384  28.081  -4.982 0.0000000000
141535  48.686  27.098  -3.520 0.0000000000
100956  48.919  28.108  -2.884 0.0000000000
103392  46.249  32.392  2.401 0.0000000000
102815  46.950  31.436  0.668 0.0000000000
103390  48.471  32.885  1.913 0.0000000000
102181  48.922  30.376  2.510 0.0000000000
102187  49.741  30.923  1.298 0.0000000000
133478  48.400  28.402  1.295 0.0000000000
132164  48.599  27.182  0.414 0.0000000000
99333  48.344  26.069  1.963 0.0000000000
99326  49.177  25.070  2.969 0.0000000000
99835  48.348  26.226  3.917 0.0000000000
100311  50.292  27.630  7.428 0.0000000000
99807  50.671  26.587  6.969 0.0000000000
109193  41.645  42.927  -2.942 0.0000000000
109840  42.981  43.268  -3.691 0.0000000000
109182  43.835  41.861  -2.701 0.0000000000
109754  46.058  42.933  4.373 0.0000000000
109160  44.221  42.940  2.142 0.0000000000
108571  47.276  41.534  3.021 0.0000000000
106314  48.415  38.443  -1.804 0.0000000000
107415  48.981  39.500  0.082 0.0000000000
107426  49.227  39.225  -1.264 0.0000000000
108028  48.311  40.231  -2.058 0.0000000000
106901  48.299  38.399  -3.657 0.0000000000
106351  48.513  37.458  -5.839 0.0000000000
105727  48.175  36.937  -5.008 0.0000000000
102872  44.737  31.442  -7.773 0.0000000000
103476  45.346  32.694  -8.405 0.0000000000
102269  44.232  31.154  -8.369 0.0000000000
102265  42.841  30.015  -7.587 0.0000000000
99871  46.210  26.618  -2.489 0.0000000000
100394  45.393  27.125  -1.114 0.0000000000
148202  46.805  26.168  -0.976 0.0000000000
97622  46.693  20.713  -2.005 0.0000000000
98248  45.958  22.878  0.586 0.0000000000
97624  45.010  21.559  -1.941 0.0000000000
97625  43.369  21.400  -2.873 0.0000000000
138970  43.755  20.768  -2.970 0.0000000000
96845  46.219  21.497  4.994 0.0000000000
96888  46.811  21.505  2.419 0.0000000000
96860  45.041  21.445  4.138 0.0000000000
100921  40.176  28.811  1.252 0.0000000000
100370  41.232  27.930  2.605 0.0000000000
148091  41.443  28.394  1.446 0.0000000000
138582  42.524  27.753  1.978 0.0000000000
99846  44.254  26.099  2.395 0.0000000000
142749  42.819  33.173  -5.075 0.0000000000
141192  39.524  29.328  -0.955 0.0000000000
98182  50.181  22.670  8.302 0.0000000000
96803  50.307  21.371  8.843 0.0000000000
96793  50.186  20.971  10.487 0.0000000000
96080  49.088  20.525  11.488 0.0000000000
102866  44.289  30.697  -6.661 0.0000000000
101587  44.713  28.502  -6.058 0.0000000000
101582  44.607  29.387  -5.122 0.0000000000
101569  45.753  29.308  -3.713 0.0000000000
101556  47.890  29.810  -3.441 0.0000000000
105073  49.402  35.477  5.220 0.0000000000
104508  50.186  33.967  2.792 0.0000000000
103942  50.242  34.119  4.382 0.0000000000
102791  49.078  31.476  3.368 0.0000000000
101512  47.793  29.223  3.864 0.0000000000
100346  47.838  27.428  4.234 0.0000000000
100879  47.825  28.531  5.578 0.0000000000
100868  47.936  28.557  6.496 0.0000000000
128150  49.781  28.584  8.319 0.0000000000
109170  41.077  42.728  0.220 0.0000000000
106843  46.219  39.092  1.212 0.0000000000
107401  48.494  39.631  2.214 0.0000000000
106873  46.323  38.453  -0.030 0.0000000000
106327  46.229  37.665  -2.221 0.0000000000
105716  46.302  36.556  -3.869 0.0000000000
105146  46.849  35.283  -5.983 0.0000000000
104572  45.546  34.685  -4.923 0.0000000000
142606  44.970  32.459  -6.501 0.0000000000
99356  48.712  24.604  -2.861 0.0000000000
98816  48.086  24.611  -0.524 0.0000000000
133147  49.048  23.263  -0.732 0.0000000000
97621  48.101  21.212  -0.899 0.0000000000
96179  46.847  20.028  -2.254 0.0000000000
96108  43.379  20.094  7.637 0.0000000000
96126  42.903  20.634  5.702 0.0000000000
98213  40.463  23.633  4.075 0.0000000000
99839  41.539  26.350  3.957 0.0000000000
98790  40.960  24.079  3.906 0.0000000000
97584  40.095  22.800  2.701 0.0000000000
97591  40.202  22.677  1.750 0.0000000000
147053  40.202  22.544  -0.042 0.0000000000
97628  40.149  22.372  -1.787 0.0000000000
107468  47.159  39.845  -6.092 0.0000000000
107456  45.012  39.571  -4.981 0.0000000000
104004  43.195  33.756  -0.581 0.0000000000
102828  43.899  31.804  -0.673 0.0000000000
103991  43.280  32.843  0.472 0.0000000000
103967  44.675  32.762  2.836 0.0000000000
104497  45.788  33.955  4.042 0.0000000000
105062  46.693  35.620  5.632 0.0000000000
105626  48.609  36.955  7.839 0.0000000000
110921  43.182  45.829  4.916 0.0000000000
110324  44.836  44.440  6.631 0.0000000000
108537  46.534  42.584  6.394 0.0000000000
107984  45.988  40.273  3.178 0.0000000000
106844  43.989  38.550  0.967 0.0000000000
131722  43.538  36.233  -0.413 0.0000000000
97590  51.575  21.746  2.286 0.0000000000
123662  50.984  20.817  1.209 0.0000000000
96871  50.941  21.156  3.292 0.0000000000
96858  48.198  21.846  4.727 0.0000000000
96832  46.648  21.369  6.536 0.0000000000
96805  48.278  21.090  8.888 0.0000000000
96806  47.353  21.232  8.074 0.0000000000
96101  44.997  20.611  8.236 0.0000000000
100978  42.026  28.407  -4.943 0.0000000000
100957  43.379  28.224  -2.396 0.0000000000
100422  42.893  27.936  -4.776 0.0000000000
100415  44.524  27.286  -4.337 0.0000000000
99885  46.225  26.375  -4.695 0.0000000000
100431  46.187  26.970  -6.391 0.0000000000
99901  46.942  26.321  -5.840 0.0000000000
99892  47.724  25.849  -4.578 0.0000000000
99366  48.817  25.139  -3.369 0.0000000000
99355  49.546  24.679  -2.435 0.0000000000
98815  50.222  24.336  -1.303 0.0000000000
102206  45.035  30.673  -0.872 0.0000000000
102213  48.106  30.643  -1.895 0.0000000000
102843  49.866  31.466  -2.515 0.0000000000
103404  50.237  32.692  1.018 0.0000000000
102202  50.369  31.925  -1.140 0.0000000000
138428  50.009  30.455  -2.055 0.0000000000
100393  49.004  27.599  -1.032 0.0000000000
99345  49.437  25.482  0.305 0.0000000000
144931  50.456  23.895  0.848 0.0000000000
98800  50.430  23.825  2.023 0.0000000000
98786  50.504  23.832  3.960 0.0000000000
98776  50.874  24.156  6.077 0.0000000000
99825  49.458  25.930  5.195 0.0000000000
131801  50.716  25.006  6.529 0.0000000000
98762  50.662  23.874  7.209 0.0000000000
98751  49.087  23.649  8.668 0.0000000000
110439  42.136  44.550  -4.598 0.0000000000
109852  44.484  43.829  -4.274 0.0000000000
109189  46.632  42.915  -3.539 0.0000000000
107990  47.139  40.666  1.792 0.0000000000
108015  43.900  40.615  -1.085 0.0000000000
108031  45.540  40.973  -2.076 0.0000000000
108602  47.172  41.566  -2.847 0.0000000000
131459  47.638  40.951  -4.377 0.0000000000
108056  48.180  39.505  -5.672 0.0000000000
135299  47.624  37.312  -6.879 0.0000000000
105172  45.986  35.325  -7.541 0.0000000000
104584  47.055  34.671  -7.666 0.0000000000
104594  45.802  34.109  -8.256 0.0000000000
104587  44.313  33.631  -7.211 0.0000000000
137466  42.858  31.465  -6.569 0.0000000000
102257  41.898  29.722  -5.618 0.0000000000
100403  44.028  27.836  -1.529 0.0000000000
99861  44.931  27.023  0.825 0.0000000000
99342  44.990  25.801  2.045 0.0000000000
98809  46.865  24.670  0.932 0.0000000000
98237  45.353  23.574  1.374 0.0000000000
98238  44.406  23.483  1.470 0.0000000000
97612  42.491  22.663  -0.783 0.0000000000
97638  41.486  22.294  -2.774 0.0000000000
96902  49.046  20.651  0.433 0.0000000000
122445  46.238  21.173  0.614 0.0000000000
96917  45.560  20.792  -0.408 0.0000000000
96878  42.914  21.246  4.094 0.0000000000
96919  43.464  21.278  -0.220 0.0000000000
95424  49.657  20.255  14.343 0.0000000000
94814  47.981  18.486  14.265 0.0000000000
126852  41.569  28.796  -2.413 0.0000000000
143110  41.757  28.769  -1.534 0.0000000000
100949  42.463  28.522  -1.851 0.0000000000
100966  41.248  28.796  -4.068 0.0000000000
100967  40.513  29.237  -3.546 0.0000000000
140657  40.937  28.923  -3.130 0.0000000000
147900  40.817  29.147  -2.465 0.0000000000
96779  49.551  21.251  12.790 0.0000000000
102851  44.013  31.151  -2.982 0.0000000000
102845  43.628  31.883  -2.479 0.0000000000
104559  43.674  34.131  -2.126 0.0000000000
104558  44.152  34.832  -2.358 0.0000000000
104026  43.695  33.540  -2.532 0.0000000000
104035  43.938  33.274  -3.248 0.0000000000
97618  51.212  21.937  -1.200 0.0000000000
96938  51.107  20.943  -1.476 0.0000000000
136477  51.449  21.193  -0.694 0.0000000000
100899  39.901  28.069  3.180 0.0000000000
98788  43.199  24.911  3.187 0.0000000000
98229  42.887  24.215  2.828 0.0000000000
141045  43.100  23.674  2.197 0.0000000000
105748  45.437  35.643  -6.660 0.0000000000
105736  44.831  36.048  -5.745 0.0000000000
105737  44.178  35.704  -5.337 0.0000000000
100922  39.263  28.928  1.468 0.0000000000
100923  38.255  29.055  1.324 0.0000000000
100900  38.877  28.313  3.088 0.0000000000
135020  41.244  36.565  2.321 0.0000000000
104510  41.746  34.968  2.471 0.0000000000
105085  41.382  35.434  3.039 0.0000000000
106275  40.742  37.852  3.008 0.0000000000
141292  41.107  38.519  3.205 0.0000000000
106274  41.187  37.430  2.382 0.0000000000
106282  41.613  37.005  1.730 0.0000000000
97560  51.823  22.050  6.869 0.0000000000
96828  51.454  21.610  6.899 0.0000000000
96802  51.390  21.710  7.446 0.0000000000
95445  45.480  19.096  11.456 0.0000000000
101601  43.290  29.627  -7.650 0.0000000000
143337  43.550  28.078  -7.344 0.0000000000
100995  44.044  28.055  -7.359 0.0000000000
101566  48.871  29.928  -4.458 0.0000000000
101578  48.455  29.110  -4.759 0.0000000000
100963  48.813  29.360  -4.485 0.0000000000
128268  48.722  28.143  -4.023 0.0000000000
100962  49.243  29.428  -3.774 0.0000000000
103965  46.770  32.970  2.917 0.0000000000
103391  47.272  32.571  2.251 0.0000000000
103964  47.814  33.202  2.705 0.0000000000
140278  48.110  28.980  2.617 0.0000000000
101518  48.555  29.552  2.234 0.0000000000
138809  48.271  28.749  1.995 0.0000000000
100367  47.975  27.903  1.855 0.0000000000
100368  47.758  27.539  2.440 0.0000000000
99844  48.108  26.192  2.933 0.0000000000
99836  47.881  26.847  3.570 0.0000000000
100850  50.411  28.163  8.387 0.0000000000
146978  40.799  42.517  -1.580 0.0000000000
109829  40.003  43.228  -2.036 0.0000000000
144535  41.285  42.614  -2.404 0.0000000000
109192  42.484  42.755  -3.130 0.0000000000
108605  42.198  41.814  -1.905 0.0000000000
109146  47.480  42.122  4.268 0.0000000000
109147  46.551  42.550  3.868 0.0000000000
109157  47.656  41.688  3.731 0.0000000000
106325  47.810  38.145  -3.143 0.0000000000
106885  49.154  38.742  -1.098 0.0000000000
144650  48.490  38.580  -2.526 0.0000000000
106892  48.546  38.707  -2.651 0.0000000000
106902  48.250  38.304  -3.630 0.0000000000
106335  48.405  37.727  -4.534 0.0000000000
135835  44.314  30.855  -8.136 0.0000000000
102877  44.705  31.654  -8.542 0.0000000000
102264  43.704  30.365  -8.004 0.0000000000
101602  43.240  29.997  -7.923 0.0000000000
99877  47.000  26.108  -3.215 0.0000000000
135724  46.092  26.628  -1.508 0.0000000000
99870  46.863  26.205  -2.142 0.0000000000
96940  46.031  20.394  -2.431 0.0000000000
97623  46.014  21.231  -2.038 0.0000000000
97635  45.226  20.725  -2.816 0.0000000000
97636  44.512  21.098  -3.062 0.0000000000
96931  44.641  20.693  -2.927 0.0000000000
96846  45.592  21.417  5.137 0.0000000000
123080  45.631  21.464  4.473 0.0000000000
122894  45.000  21.391  4.836 0.0000000000
100930  40.470  28.842  0.516 0.0000000000
100920  40.906  28.577  1.165 0.0000000000
100929  41.458  28.534  0.677 0.0000000000
100388  42.722  27.916  1.256 0.0000000000
100378  43.277  27.521  1.679 0.0000000000
99855  43.878  26.969  2.092 0.0000000000
126450  42.635  32.252  -5.592 0.0000000000
103453  42.258  32.553  -4.394 0.0000000000
103460  41.673  31.677  -4.082 0.0000000000
102854  39.774  30.462  -3.090 0.0000000000
102853  40.425  30.819  -3.354 0.0000000000
122923  40.407  29.281  -1.121 0.0000000000
100942  39.953  29.193  -0.266 0.0000000000
100931  39.573  29.174  0.541 0.0000000000
98183  49.622  22.606  8.959 0.0000000000
97538  50.185  21.207  9.783 0.0000000000
97531  50.043  21.365  10.530 0.0000000000
127152  49.807  20.933  12.538 0.0000000000
96071  49.953  20.889  11.727 0.0000000000
96073  48.289  20.210  12.333 0.0000000000
95443  47.251  19.758  12.150 0.0000000000
127862  47.500  19.571  12.814 0.0000000000
111016  43.107  45.401  -5.450 0.0000000000
111567  42.266  46.310  -6.343 0.0000000000
102255  44.141  30.041  -5.753 0.0000000000
102247  44.262  30.317  -4.478 0.0000000000
102236  45.125  29.873  -3.084 0.0000000000
101570  44.724  29.689  -3.972 0.0000000000
101557  46.377  29.549  -2.864 0.0000000000
101568  47.007  29.145  -3.851 0.0000000000
104471  49.530  35.431  6.050 0.0000000000
104485  50.000  34.708  4.616 0.0000000000
103936  49.544  34.728  5.827 0.0000000000
102780  47.790  31.958  4.557 0.0000000000
103364  48.889  32.932  4.488 0.0000000000
102779  48.458  31.776  3.950 0.0000000000
102163  48.295  30.971  3.659 0.0000000000
101503  47.564  29.796  4.464 0.0000000000
100889  47.677  28.876  4.657 0.0000000000
101484  47.287  29.096  6.085 0.0000000000
100859  48.250  28.554  7.385 0.0000000000
100858  49.328  28.316  7.612 0.0000000000
100852  48.783  28.623  8.249 0.0000000000
143100  44.715  38.205  0.168 0.0000000000
106874  45.112  38.133  -0.256 0.0000000000
105699  45.330  37.029  -1.931 0.0000000000
105708  45.669  36.867  -2.794 0.0000000000
106326  46.686  37.510  -3.107 0.0000000000
105136  45.589  35.510  -4.198 0.0000000000
104041  44.519  32.713  -5.127 0.0000000000
125551  44.484  31.665  -6.079 0.0000000000
130379  49.272  24.217  -2.552 0.0000000000
138289  48.956  24.150  -2.335 0.0000000000
98261  49.474  23.631  -1.967 0.0000000000
96928  49.431  20.769  -0.929 0.0000000000
97620  49.083  21.616  -0.729 0.0000000000
96929  48.214  20.770  -0.925 0.0000000000
96930  47.229  20.337  -1.608 0.0000000000
126798  47.352  20.467  -1.356 0.0000000000
98783  40.448  24.430  4.598 0.0000000000
140561  41.462  27.461  3.170 0.0000000000
99840  41.173  27.127  3.670 0.0000000000
100358  41.915  26.910  3.471 0.0000000000
98789  41.589  24.517  3.668 0.0000000000
98221  40.614  23.401  3.332 0.0000000000
98232  40.775  23.165  2.465 0.0000000000
97599  41.249  22.823  0.638 0.0000000000
97600  40.361  22.610  0.694 0.0000000000
136653  40.739  22.649  -0.181 0.0000000000
97614  40.139  22.493  -0.777 0.0000000000
97627  40.896  22.568  -1.438 0.0000000000
107467  47.724  39.130  -6.300 0.0000000000
106921  46.859  38.882  -6.120 0.0000000000
106345  44.770  37.785  -4.819 0.0000000000
106922  45.622  38.543  -5.361 0.0000000000
106913  44.515  38.749  -4.563 0.0000000000
106346  43.888  38.056  -4.247 0.0000000000
104544  42.803  34.267  0.028 0.0000000000
123741  43.294  32.974  -0.367 0.0000000000
103992  42.834  33.554  0.728 0.0000000000
103395  42.987  33.148  2.145 0.0000000000
103951  45.195  33.326  3.488 0.0000000000
105063  45.599  35.489  5.661 0.0000000000
129563  47.751  36.601  6.816 0.0000000000
111508  42.960  47.306  3.952 0.0000000000
111992  43.397  47.479  4.646 0.0000000000
138347  44.210  45.384  6.523 0.0000000000
110316  45.126  44.354  7.084 0.0000000000
109730  46.315  43.262  6.450 0.0000000000
107389  43.032  40.102  3.092 0.0000000000
107979  44.195  40.746  3.871 0.0000000000
107978  45.419  40.738  3.858 0.0000000000
107985  44.307  40.337  3.134 0.0000000000
107396  44.986  39.850  2.399 0.0000000000
107404  44.099  39.249  1.598 0.0000000000
105098  42.319  35.802  1.003 0.0000000000
140016  42.799  36.774  0.659 0.0000000000
105116  43.008  35.097  -0.187 0.0000000000
104543  43.356  34.705  -0.781 0.0000000000
97583  51.587  22.074  3.037 0.0000000000
140395  51.508  21.209  2.496 0.0000000000
96854  51.584  21.482  3.555 0.0000000000
96830  49.848  21.517  6.191 0.0000000000
96843  49.464  21.577  5.156 0.0000000000
123083  48.520  21.638  5.721 0.0000000000
96844  47.614  21.643  5.408 0.0000000000
96831  47.614  21.523  6.203 0.0000000000
96798  49.658  20.999  9.307 0.0000000000
96804  49.670  21.282  8.551 0.0000000000
96799  48.744  20.864  9.580 0.0000000000
96096  45.403  20.172  9.696 0.0000000000
96095  46.436  20.488  9.551 0.0000000000
123086  45.726  20.548  8.886 0.0000000000
96100  46.112  21.010  7.973 0.0000000000
133652  44.704  20.237  9.058 0.0000000000
95459  43.718  19.644  8.961 0.0000000000
95457  43.735  19.037  9.712 0.0000000000
100423  42.559  27.989  -5.627 0.0000000000
125699  44.043  27.150  -5.956 0.0000000000
100421  44.651  26.709  -5.586 0.0000000000
100414  45.357  26.538  -5.097 0.0000000000
99894  45.998  26.190  -5.729 0.0000000000
146818  44.776  28.063  -6.445 0.0000000000
100986  45.537  27.653  -6.151 0.0000000000
100983  47.985  27.560  -5.540 0.0000000000
100429  47.527  26.825  -5.690 0.0000000000
99900  47.558  26.195  -5.308 0.0000000000
99891  48.106  25.920  -4.645 0.0000000000
99367  48.300  25.453  -3.795 0.0000000000
99882  48.429  25.752  -3.913 0.0000000000
100406  48.938  26.642  -2.844 0.0000000000
99874  49.260  25.468  -2.879 0.0000000000
99868  49.525  25.631  -1.884 0.0000000000
99351  49.825  24.893  -1.584 0.0000000000
102818  44.075  31.752  0.159 0.0000000000
102836  44.348  31.262  -1.215 0.0000000000
102826  45.406  30.969  -0.137 0.0000000000
102824  48.078  31.467  -0.178 0.0000000000
102204  47.409  30.772  -0.867 0.0000000000
102835  48.857  31.474  -1.431 0.0000000000
102212  49.343  31.340  -2.475 0.0000000000
102834  49.854  31.885  -1.841 0.0000000000
103961  50.296  33.664  2.684 0.0000000000
103962  50.117  33.595  2.165 0.0000000000
103388  50.489  32.895  1.807 0.0000000000
102195  49.887  30.814  0.339 0.0000000000
102194  50.374  31.806  -0.201 0.0000000000
137281  49.766  30.245  -0.328 0.0000000000
135268  50.306  31.338  -1.882 0.0000000000
101540  50.009  30.375  -1.215 0.0000000000
100946  49.534  29.434  -1.464 0.0000000000
100939  49.083  28.529  -0.774 0.0000000000
99339  48.888  25.770  1.086 0.0000000000
99859  49.015  26.305  0.316 0.0000000000
98807  49.847  24.701  0.454 0.0000000000
98801  49.820  24.584  1.469 0.0000000000
127339  49.381  25.170  3.877 0.0000000000
98787  49.885  24.560  3.450 0.0000000000
147198  50.591  23.858  4.745 0.0000000000
132719  50.973  23.387  5.432 0.0000000000
98781  50.509  24.453  5.326 0.0000000000
100345  48.019  26.997  5.276 0.0000000000
99819  48.806  26.568  5.636 0.0000000000
147929  50.628  26.492  7.230 0.0000000000
99306  50.680  25.966  6.426 0.0000000000
99297  50.696  25.819  7.008 0.0000000000
135962  50.671  24.771  6.964 0.0000000000
98763  49.959  23.833  7.815 0.0000000000
110423  39.013  44.989  -3.502 0.0000000000
111547  38.413  46.433  -3.801 0.0000000000
111007  38.921  45.529  -4.191 0.0000000000
110440  41.198  44.514  -4.324 0.0000000000
109839  43.975  43.176  -3.827 0.0000000000
109853  43.459  43.801  -4.236 0.0000000000
147261  45.086  43.261  -3.883 0.0000000000
109838  46.135  43.421  -3.868 0.0000000000
146718  45.698  42.875  -3.541 0.0000000000
106856  48.329  39.151  1.284 0.0000000000
107989  48.609  40.273  2.159 0.0000000000
107994  48.900  40.110  1.682 0.0000000000
108001  48.584  39.999  -0.242 0.0000000000
108002  47.357  40.227  -0.242 0.0000000000
137340  45.712  40.270  -0.669 0.0000000000
108014  44.959  40.530  -1.318 0.0000000000
108013  46.279  40.465  -1.307 0.0000000000
108044  48.418  39.631  -2.514 0.0000000000
108601  47.537  40.883  -2.740 0.0000000000
136678  47.706  40.527  -3.096 0.0000000000
108615  47.443  41.666  -3.640 0.0000000000
108057  47.898  40.175  -5.146 0.0000000000
107446  48.170  39.162  -4.678 0.0000000000
106352  48.429  37.011  -6.485 0.0000000000
106362  48.283  37.665  -6.452 0.0000000000
105746  47.647  36.356  -7.267 0.0000000000
132420  46.953  36.066  -7.402 0.0000000000
105761  46.704  35.261  -7.768 0.0000000000
104578  46.323  34.566  -6.029 0.0000000000
140282  46.956  34.689  -6.890 0.0000000000
104585  46.502  33.955  -7.332 0.0000000000
103478  44.948  32.079  -8.860 0.0000000000
104058  45.854  33.405  -8.223 0.0000000000
104053  45.289  33.372  -8.230 0.0000000000
146379  43.942  32.538  -7.693 0.0000000000
104046  43.695  33.055  -7.050 0.0000000000
103466  43.401  32.283  -6.976 0.0000000000
101597  42.393  29.477  -6.725 0.0000000000
102256  42.454  30.425  -6.383 0.0000000000
100989  41.881  29.086  -5.893 0.0000000000
100979  41.483  28.949  -5.069 0.0000000000
100409  43.913  27.769  -3.313 0.0000000000
135880  44.186  27.783  -2.432 0.0000000000
99860  45.660  26.600  0.515 0.0000000000
100385  45.202  27.161  -0.129 0.0000000000
99853  45.347  26.319  1.381 0.0000000000
99341  45.547  25.611  1.615 0.0000000000
144701  48.361  23.787  -0.139 0.0000000000
99346  47.392  25.117  0.162 0.0000000000
98808  47.628  24.247  0.444 0.0000000000
97609  45.532  22.235  -0.654 0.0000000000
98236  46.265  23.671  1.195 0.0000000000
98249  44.919  22.902  0.577 0.0000000000
98250  43.929  22.946  0.540 0.0000000000
98251  42.974  22.939  0.481 0.0000000000
97611  43.507  22.537  -0.664 0.0000000000
96949  42.907  21.005  -3.435 0.0000000000
97626  42.458  22.283  -2.297 0.0000000000
97644  41.523  21.752  -3.291 0.0000000000
97645  40.996  22.038  -3.384 0.0000000000
96951  41.508  21.603  -3.240 0.0000000000
123078  50.073  21.379  2.505 0.0000000000
96885  50.149  21.119  1.394 0.0000000000
96886  48.927  21.313  1.676 0.0000000000
96889  45.974  21.521  2.638 0.0000000000
96904  47.028  21.343  1.286 0.0000000000
96905  45.509  21.451  1.720 0.0000000000
148380  45.523  21.303  0.758 0.0000000000
96906  44.927  21.354  0.844 0.0000000000
96127  42.303  20.438  5.550 0.0000000000
96863  42.718  20.888  4.988 0.0000000000
96135  42.238  20.777  4.307 0.0000000000
125869  41.365  28.886  -0.913 0.0000000000
126439  41.726  28.583  -0.117 0.0000000000
100940  43.131  27.998  -0.158 0.0000000000
102248  41.193  30.095  -4.869 0.0000000000
140801  40.947  30.668  -4.040 0.0000000000
102249  40.556  29.913  -4.368 0.0000000000
101573  39.712  29.890  -3.233 0.0000000000
101559  39.458  29.779  -2.606 0.0000000000
101549  39.762  29.507  -2.406 0.0000000000
100951  40.320  29.358  -2.058 0.0000000000
97533  48.606  22.375  11.316 0.0000000000
97524  49.652  21.620  11.088 0.0000000000
97525  49.436  21.562  11.955 0.0000000000
96778  49.934  21.019  12.171 0.0000000000
96068  49.586  20.743  13.431 0.0000000000
103458  43.821  31.799  -4.344 0.0000000000
102238  43.858  31.036  -3.936 0.0000000000
102227  44.556  30.527  -2.569 0.0000000000
104473  48.340  35.071  6.779 0.0000000000
103937  48.537  33.995  5.753 0.0000000000
103938  47.424  33.199  5.697 0.0000000000
102770  47.036  31.278  4.939 0.0000000000
105701  43.885  36.181  -1.111 0.0000000000
105700  44.578  36.522  -1.609 0.0000000000
105121  44.243  35.613  -1.825 0.0000000000
105128  44.631  35.470  -2.677 0.0000000000
129414  44.528  34.784  -3.144 0.0000000000
104565  44.914  34.805  -3.971 0.0000000000
141773  44.514  34.196  -3.663 0.0000000000
103451  44.084  32.742  -3.966 0.0000000000
98827  50.018  23.565  -2.172 0.0000000000
140607  49.931  23.076  -1.963 0.0000000000
97634  50.418  22.258  -1.549 0.0000000000
96927  50.291  20.713  -1.198 0.0000000000
96913  49.632  20.521  -0.536 0.0000000000
99329  42.392  26.018  3.633 0.0000000000
98219  42.038  23.965  3.060 0.0000000000
98231  41.529  23.418  2.349 0.0000000000
98241  41.780  23.165  1.484 0.0000000000
97598  42.081  22.857  0.531 0.0000000000
106353  46.558  37.777  -6.203 0.0000000000
138451  44.794  36.916  -5.309 0.0000000000
144506  38.161  29.175  0.664 0.0000000000
148240  38.129  28.537  2.655 0.0000000000
134065  42.282  34.953  1.195 0.0000000000
104533  42.536  34.299  0.982 0.0000000000
104522  42.164  34.394  1.884 0.0000000000
104509  42.040  34.309  2.680 0.0000000000
107969  41.658  39.872  5.051 0.0000000000
107968  42.443  40.426  4.827 0.0000000000
107385  41.873  39.753  4.349 0.0000000000
107390  42.133  39.624  3.419 0.0000000000
140694  42.493  39.383  2.577 0.0000000000
106845  42.506  38.207  1.526 0.0000000000
106846  41.744  37.826  1.880 0.0000000000
105671  42.131  36.613  1.288 0.0000000000
97576  51.654  21.840  4.617 0.0000000000
96841  51.476  21.622  4.534 0.0000000000
97567  51.587  21.754  5.685 0.0000000000
128246  50.826  21.450  6.148 0.0000000000
125004  50.007  21.446  7.195 0.0000000000
96087  48.018  20.457  10.809 0.0000000000
122891  47.168  20.459  10.178 0.0000000000
96088  46.821  20.186  10.901 0.0000000000
146459  45.316  19.373  10.952 0.0000000000
95446  44.811  18.992  10.897 0.0000000000
129502  42.758  28.294  -6.842 0.0000000000
100435  42.845  27.868  -6.426 0.0000000000
100441  43.266  27.927  -7.138 0.0000000000
100440  43.846  27.623  -7.200 0.0000000000
99911  44.914  26.885  -6.707 0.0000000000
101580  47.445  28.806  -4.752 0.0000000000
100976  47.659  28.288  -5.416 0.0000000000
100975  48.114  28.376  -5.313 0.0000000000
100413  48.413  26.705  -4.356 0.0000000000
100400  49.081  27.275  -1.970 0.0000000000
103409  45.766  31.902  1.825 0.0000000000
102816  45.830  31.348  0.552 0.0000000000
102805  47.101  31.762  1.276 0.0000000000
102814  47.935  31.859  0.805 0.0000000000
140364  49.057  32.218  0.132 0.0000000000
102172  49.477  31.186  2.744 0.0000000000
102804  50.207  31.539  1.614 0.0000000000
102180  49.674  30.983  2.065 0.0000000000
101525  49.360  30.141  1.082 0.0000000000
146491  48.697  28.812  0.757 0.0000000000
100927  48.889  28.684  0.066 0.0000000000
122770  48.537  28.060  0.582 0.0000000000
125868  48.456  26.589  1.121 0.0000000000
99332  49.109  25.234  1.938 0.0000000000
139335  48.619  25.591  2.641 0.0000000000
99327  48.697  25.611  3.445 0.0000000000
99320  48.944  25.705  4.344 0.0000000000
100325  50.080  27.400  6.796 0.0000000000
99809  49.475  26.996  6.202 0.0000000000
100324  50.527  27.186  7.180 0.0000000000
99796  50.597  27.053  7.574 0.0000000000
110399  39.140  44.437  -2.209 0.0000000000
109842  40.016  43.681  -2.941 0.0000000000
110421  40.729  44.110  -3.679 0.0000000000
109855  41.677  43.992  -3.932 0.0000000000
125956  42.090  43.354  -3.567 0.0000000000
109191  43.434  42.591  -3.258 0.0000000000
109755  44.670  43.163  4.040 0.0000000000
109771  44.449  43.029  2.961 0.0000000000
109148  45.571  42.750  3.475 0.0000000000
108572  45.829  41.873  2.465 0.0000000000
106886  48.480  38.577  -0.628 0.0000000000
106871  48.752  39.220  0.538 0.0000000000
134196  49.235  38.970  -0.484 0.0000000000
107414  49.230  39.237  -0.734 0.0000000000
108000  48.774  39.831  -0.763 0.0000000000
108011  48.347  40.185  -1.466 0.0000000000
108027  48.869  39.543  -1.690 0.0000000000
107445  48.415  38.922  -3.296 0.0000000000
131807  48.436  38.372  -4.463 0.0000000000
106334  48.518  37.952  -4.439 0.0000000000
105726  48.504  37.067  -5.765 0.0000000000
105158  47.942  35.815  -6.947 0.0000000000
103465  45.533  32.707  -7.739 0.0000000000
104052  46.066  33.358  -8.141 0.0000000000
103470  45.180  32.071  -8.483 0.0000000000
126906  44.681  31.725  -8.569 0.0000000000
135529  43.938  31.024  -8.456 0.0000000000
103472  43.487  31.541  -7.648 0.0000000000
102271  43.478  30.361  -8.059 0.0000000000
101596  42.878  29.365  -7.586 0.0000000000
100401  45.548  27.114  -2.803 0.0000000000
100402  44.886  27.455  -1.922 0.0000000000
141968  45.603  26.999  -1.933 0.0000000000
129016  45.904  26.659  -0.507 0.0000000000
141013  46.388  26.178  0.169 0.0000000000
97607  47.635  22.168  -0.195 0.0000000000
98247  46.959  22.917  0.658 0.0000000000
97608  46.688  21.943  -0.623 0.0000000000
136316  44.055  21.976  -2.116 0.0000000000
96943  42.876  21.145  -3.229 0.0000000000
123079  47.351  21.815  3.991 0.0000000000
123076  47.572  21.770  3.082 0.0000000000
96874  46.562  21.590  3.334 0.0000000000
96875  45.625  21.500  3.568 0.0000000000
96876  44.649  21.459  3.401 0.0000000000
148690  40.065  28.564  1.927 0.0000000000
100911  40.417  28.253  2.559 0.0000000000
100910  40.875  28.413  1.881 0.0000000000
100380  41.748  28.126  2.049 0.0000000000
100369  42.102  27.479  2.757 0.0000000000
100379  42.100  28.237  1.347 0.0000000000
99848  43.068  27.097  2.569 0.0000000000
99847  43.597  26.400  2.628 0.0000000000
99335  43.611  25.519  2.830 0.0000000000
104042  43.482  33.724  -5.884 0.0000000000
104574  43.522  34.595  -5.235 0.0000000000
104036  42.406  33.440  -4.175 0.0000000000
101550  39.164  29.600  -1.960 0.0000000000
101542  38.952  29.384  -1.251 0.0000000000
101533  38.955  29.293  -0.342 0.0000000000
146880  41.365  40.088  5.273 0.0000000000
107386  41.121  39.167  4.763 0.0000000000
106832  40.640  38.355  3.921 0.0000000000
97543  51.016  21.853  8.123 0.0000000000
147214  50.797  21.635  8.105 0.0000000000
96797  50.337  21.450  8.851 0.0000000000
145806  50.156  20.925  9.957 0.0000000000
96085  50.039  20.798  10.378 0.0000000000
96079  50.025  20.822  10.944 0.0000000000
96086  49.318  20.656  10.596 0.0000000000
96081  47.601  20.196  11.562 0.0000000000
95438  46.591  19.185  12.522 0.0000000000
135595  43.859  30.003  -6.910 0.0000000000
101588  44.142  29.145  -6.414 0.0000000000
101581  45.392  28.596  -5.218 0.0000000000
132642  45.273  29.187  -4.447 0.0000000000
125263  46.205  28.735  -4.438 0.0000000000
101567  48.345  29.588  -4.379 0.0000000000
102235  48.916  30.448  -3.931 0.0000000000
104486  49.075  35.034  4.411 0.0000000000
143169  49.328  34.023  3.044 0.0000000000
133926  49.923  34.760  4.117 0.0000000000
103941  50.339  34.229  3.832 0.0000000000
103374  50.282  32.953  3.336 0.0000000000
103356  49.314  33.949  5.210 0.0000000000
103375  49.485  32.436  3.684 0.0000000000
102790  49.920  32.083  2.962 0.0000000000
102173  48.667  30.613  3.180 0.0000000000
101511  48.255  29.640  3.067 0.0000000000
100898  47.816  28.688  3.222 0.0000000000
100357  47.713  27.706  3.247 0.0000000000
128684  47.731  28.321  4.005 0.0000000000
100335  47.925  28.030  4.879 0.0000000000
133095  48.340  27.843  5.714 0.0000000000
100878  48.429  28.174  6.169 0.0000000000
100312  49.696  27.884  7.195 0.0000000000
100857  50.209  28.186  7.922 0.0000000000
100851  50.266  28.709  8.841 0.0000000000
108591  40.877  42.274  -1.127 0.0000000000
107983  47.458  40.212  3.311 0.0000000000
124412  48.054  40.494  3.556 0.0000000000
107402  47.315  39.464  2.141 0.0000000000
106857  47.121  38.833  0.850 0.0000000000
106305  45.548  38.004  -0.784 0.0000000000
106316  45.911  37.858  -1.452 0.0000000000
106304  46.863  38.381  -0.692 0.0000000000
106315  47.151  38.277  -1.547 0.0000000000
105715  47.416  37.334  -4.083 0.0000000000
105728  47.334  36.561  -4.802 0.0000000000
105729  46.628  35.878  -4.969 0.0000000000
105147  46.119  35.201  -5.179 0.0000000000
104040  45.657  33.862  -5.903 0.0000000000
104573  44.895  34.143  -4.591 0.0000000000
104045  45.263  33.095  -6.252 0.0000000000
145192  45.123  32.039  -7.487 0.0000000000
99357  48.017  25.137  -2.396 0.0000000000
99869  47.375  25.707  -1.888 0.0000000000
98823  48.403  24.634  -1.792 0.0000000000
98822  48.749  24.012  -1.269 0.0000000000
145045  48.524  23.100  -0.074 0.0000000000
140566  49.736  22.507  -1.250 0.0000000000
98256  48.947  22.611  -0.496 0.0000000000
97606  48.398  22.392  -0.226 0.0000000000
133654  47.417  21.200  -1.238 0.0000000000
96190  46.745  20.048  -2.321 0.0000000000
96180  46.024  20.288  -1.863 0.0000000000
142981  43.661  20.393  7.082 0.0000000000
96834  44.306  20.947  5.965 0.0000000000
125794  42.935  20.183  6.969 0.0000000000
98214  39.862  23.524  4.566 0.0000000000
100371  40.766  27.729  3.172 0.0000000000
99828  41.040  25.834  4.364 0.0000000000
99330  41.696  25.442  3.935 0.0000000000
99321  41.085  24.952  4.266 0.0000000000
97585  39.363  22.487  2.998 0.0000000000
97592  39.396  22.409  2.027 0.0000000000
97629  38.928  21.939  -0.567 0.0000000000
107469  46.135  39.618  -5.548 0.0000000000
105148  43.590  35.365  -4.830 0.0000000000
125477  43.745  36.153  -4.593 0.0000000000
104016  43.533  33.349  -1.869 0.0000000000
103435  43.561  32.545  -1.712 0.0000000000
103426  43.540  32.434  -0.917 0.0000000000
103420  43.597  32.329  -0.130 0.0000000000
141892  43.721  32.233  0.543 0.0000000000
103981  43.071  33.021  1.324 0.0000000000
103411  43.618  32.468  1.194 0.0000000000
135412  44.946  31.896  1.741 0.0000000000
103393  45.261  32.289  2.355 0.0000000000
103950  46.261  33.460  3.482 0.0000000000
104487  47.609  34.753  4.467 0.0000000000
105074  48.346  35.429  5.032 0.0000000000
105646  49.065  36.196  6.487 0.0000000000
105045  49.228  35.949  6.986 0.0000000000
110333  42.690  44.894  4.353 0.0000000000
110920  43.605  46.079  5.953 0.0000000000
133435  43.470  45.086  5.264 0.0000000000
109744  43.986  43.595  4.777 0.0000000000
109743  45.263  43.438  5.048 0.0000000000
109742  46.630  43.042  5.463 0.0000000000
108554  47.520  41.579  4.859 0.0000000000
125981  43.446  41.172  5.027 0.0000000000
108556  45.765  41.593  5.457 0.0000000000
107966  46.392  41.154  4.641 0.0000000000
107977  47.294  40.521  4.010 0.0000000000
136657  44.891  39.050  1.162 0.0000000000
106859  44.017  38.020  0.427 0.0000000000
106280  43.143  37.837  0.857 0.0000000000
106295  43.549  37.291  0.229 0.0000000000
105692  43.890  36.911  -0.499 0.0000000000
105122  43.699  35.397  -1.230 0.0000000000
122482  43.445  33.985  -1.332 0.0000000000
97597  51.306  21.842  1.129 0.0000000000
97596  51.414  21.146  0.407 0.0000000000
139679  51.479  21.158  1.752 0.0000000000
96884  51.264  20.958  2.289 0.0000000000
96872  49.678  21.554  3.534 0.0000000000
96856  50.543  21.379  4.446 0.0000000000
96857  49.229  21.701  4.329 0.0000000000
96873  48.422  22.000  3.729 0.0000000000
123081  47.083  21.655  4.822 0.0000000000
123082  46.815  21.491  5.617 0.0000000000
96833  45.657  21.212  6.444 0.0000000000
96814  50.360  21.445  8.045 0.0000000000
124057  48.516  21.338  8.193 0.0000000000
96094  47.620  20.725  9.493 0.0000000000
96816  47.767  21.429  7.230 0.0000000000
96817  46.764  21.281  7.382 0.0000000000
96818  46.075  21.196  7.114 0.0000000000
96106  45.173  20.950  7.244 0.0000000000
96103  43.701  20.093  8.222 0.0000000000
100958  42.409  28.498  -2.885 0.0000000000
100965  42.192  28.413  -3.926 0.0000000000
100964  43.106  28.203  -3.584 0.0000000000
132525  43.229  27.560  -5.848 0.0000000000
123602  43.824  27.390  -5.177 0.0000000000
100407  45.464  26.974  -3.913 0.0000000000
99878  46.261  26.562  -3.563 0.0000000000
100987  44.256  28.279  -6.951 0.0000000000
100432  45.299  26.985  -6.703 0.0000000000
99910  45.392  26.612  -6.517 0.0000000000
100985  46.824  27.475  -5.836 0.0000000000
99908  46.539  26.397  -6.137 0.0000000000
99902  46.357  26.241  -6.053 0.0000000000
99893  46.907  26.092  -5.374 0.0000000000
99884  47.085  25.967  -4.319 0.0000000000
99883  47.733  25.574  -3.734 0.0000000000
99362  48.217  25.136  -3.131 0.0000000000
99361  48.656  24.939  -3.279 0.0000000000
98831  49.053  24.547  -3.013 0.0000000000
99875  48.759  26.167  -3.555 0.0000000000
99360  49.254  24.669  -2.915 0.0000000000
98828  49.461  24.200  -2.454 0.0000000000
98821  50.097  24.078  -2.138 0.0000000000
98820  50.423  23.768  -1.212 0.0000000000
98255  50.716  23.000  -0.650 0.0000000000
102837  43.734  31.841  -1.520 0.0000000000
102216  44.777  30.590  -1.697 0.0000000000
102215  45.688  30.342  -1.482 0.0000000000
102825  46.588  31.010  -0.043 0.0000000000
102214  46.790  30.292  -1.487 0.0000000000
102225  47.360  29.966  -2.373 0.0000000000
102224  48.649  30.669  -3.040 0.0000000000
102223  49.452  30.983  -3.177 0.0000000000
103980  49.540  33.390  1.915 0.0000000000
145996  49.401  32.963  1.293 0.0000000000
102823  49.907  32.446  -0.390 0.0000000000
102186  50.311  31.682  0.819 0.0000000000
102821  50.283  32.204  -0.500 0.0000000000
126630  50.055  32.261  -1.201 0.0000000000
102833  50.101  31.868  -1.792 0.0000000000
101548  50.067  30.903  -2.690 0.0000000000
101555  49.517  30.419  -3.391 0.0000000000
100955  49.541  29.649  -2.627 0.0000000000
100947  49.135  28.421  -1.746 0.0000000000
100392  49.314  26.616  -1.305 0.0000000000
100384  48.744  27.820  -0.199 0.0000000000
99864  49.038  26.907  -0.393 0.0000000000
143481  49.518  25.863  -0.680 0.0000000000
132314  49.827  24.890  -0.541 0.0000000000
98814  50.387  24.103  -0.369 0.0000000000
98245  50.793  22.883  0.516 0.0000000000
98235  50.926  22.850  1.608 0.0000000000
98226  51.051  22.843  2.638 0.0000000000
98218  51.041  22.882  3.575 0.0000000000
98794  49.791  24.548  2.476 0.0000000000
98793  50.452  23.817  3.021 0.0000000000
131988  51.650  22.112  4.004 0.0000000000
130557  51.595  22.307  5.413 0.0000000000
98205  51.372  22.789  6.273 0.0000000000
98200  51.485  22.571  6.905 0.0000000000
99827  48.072  26.742  4.387 0.0000000000
99826  48.539  26.319  4.836 0.0000000000
99319  50.126  25.301  5.215 0.0000000000
99818  49.884  26.481  5.810 0.0000000000
99314  50.368  26.043  5.774 0.0000000000
99313  50.617  25.256  5.886 0.0000000000
98770  50.974  23.736  6.733 0.0000000000
98191  51.130  22.924  7.087 0.0000000000
98178  48.701  22.913  9.402 0.0000000000
98171  48.154  23.306  10.161 0.0000000000
110451  42.774  44.918  -4.969 0.0000000000
109854  42.550  43.874  -4.135 0.0000000000
110438  43.041  44.417  -4.599 0.0000000000
132163  43.988  44.425  -4.639 0.0000000000
138435  45.595  43.925  -4.256 0.0000000000
109837  46.838  43.481  -3.995 0.0000000000
109188  47.215  43.167  -4.010 0.0000000000
141460  41.632  41.680  -0.166 0.0000000000
138459  42.261  41.301  -0.484 0.0000000000
107982  48.191  40.442  3.015 0.0000000000
108576  47.933  40.866  2.740 0.0000000000
107416  48.793  40.088  0.664 0.0000000000
108016  43.013  40.821  -0.766 0.0000000000
108596  43.330  41.000  -1.466 0.0000000000
108595  44.182  41.047  -1.989 0.0000000000
136286  44.990  41.671  -2.702 0.0000000000
108030  46.861  40.977  -2.082 0.0000000000
108603  46.233  41.637  -2.673 0.0000000000
109180  46.732  42.241  -3.154 0.0000000000
108616  47.148  42.452  -3.552 0.0000000000
108626  47.656  41.990  -4.830 0.0000000000
127303  47.836  41.213  -5.577 0.0000000000
107466  48.115  39.207  -6.130 0.0000000000
107465  48.405  38.599  -5.562 0.0000000000
107479  48.276  38.323  -6.192 0.0000000000
106354  46.727  36.768  -6.806 0.0000000000
105747  46.265  35.920  -7.046 0.0000000000
105734  47.730  36.030  -5.922 0.0000000000
105159  47.414  35.254  -6.924 0.0000000000
105171  47.309  35.087  -7.516 0.0000000000
104051  46.471  34.017  -8.061 0.0000000000
104592  46.830  34.534  -7.952 0.0000000000
105184  46.847  34.780  -8.025 0.0000000000
105185  46.002  34.857  -7.943 0.0000000000
104586  44.914  34.289  -7.517 0.0000000000
104579  44.129  34.433  -6.304 0.0000000000
144136  43.258  32.890  -6.006 0.0000000000
102867  42.348  31.202  -5.472 0.0000000000
102868  42.002  30.369  -5.303 0.0000000000
101583  41.295  29.529  -4.942 0.0000000000
100948  43.203  28.149  -1.207 0.0000000000
141203  43.754  27.684  0.288 0.0000000000
100395  44.632  27.480  -0.829 0.0000000000
100386  44.439  27.466  0.152 0.0000000000
100377  44.076  27.414  1.136 0.0000000000
99854  44.606  26.646  1.684 0.0000000000
98795  44.479  25.106  2.444 0.0000000000
99352  47.652  25.381  -1.026 0.0000000000
145964  46.983  25.712  -0.169 0.0000000000
99347  46.640  25.479  0.678 0.0000000000
98802  47.053  23.820  1.021 0.0000000000
142581  46.411  24.308  1.312 0.0000000000
99340  46.106  25.064  1.424 0.0000000000
99334  45.320  25.039  1.968 0.0000000000
98227  44.818  24.293  2.023 0.0000000000
98228  43.917  23.914  2.245 0.0000000000
98239  43.478  23.350  1.474 0.0000000000
145356  43.223  22.326  -1.840 0.0000000000
132933  41.757  22.557  -1.519 0.0000000000
97639  40.642  22.254  -2.664 0.0000000000
96155  51.062  20.632  0.341 0.0000000000
96901  50.279  20.648  0.383 0.0000000000
96914  48.617  20.589  -0.487 0.0000000000
96887  47.760  21.437  2.056 0.0000000000
96903  47.978  21.013  0.868 0.0000000000
96916  47.328  20.607  -0.154 0.0000000000
96168  46.550  20.527  -0.833 0.0000000000
142382  45.260  20.511  -1.571 0.0000000000
96847  44.308  21.289  5.188 0.0000000000
96861  44.375  21.407  4.363 0.0000000000
143023  43.946  21.425  2.961 0.0000000000
96141  42.239  20.986  3.423 0.0000000000
140289  43.168  21.377  3.164 0.0000000000
123074  44.007  21.422  1.021 0.0000000000
96918  44.544  20.988  -0.558 0.0000000000
134561  44.775  20.515  -2.018 0.0000000000
131581  43.989  20.780  -1.855 0.0000000000
96932  42.781  21.197  -1.771 0.0000000000
127692  49.737  20.865  14.000 0.0000000000
95432  48.963  19.983  13.605 0.0000000000
95425  48.775  19.275  14.370 0.0000000000
95433  47.865  19.262  13.607 0.0000000000
95437  48.313  19.912  13.056 0.0000000000
95451  45.882  19.703  10.940 0.0000000000
95452  45.213  19.633  10.437 0.0000000000
95460  43.161  19.610  8.197 0.0000000000
96093  49.567  20.760  9.999 0.0000000000
96099  46.893  20.827  8.794 0.0000000000
96102  44.226  20.284  8.466 0.0000000000
96107  44.191  20.478  7.684 0.0000000000
96118  44.313  20.678  6.766 0.0000000000
96119  43.462  20.573  6.312 0.0000000000
96154  51.238  20.657  -0.186 0.0000000000
96162  51.241  20.630  -0.688 0.0000000000
96163  51.022  20.484  -0.575 0.0000000000
96164  50.548  20.467  -0.380 0.0000000000
96166  47.839  20.597  -0.864 0.0000000000
96167  47.228  20.422  -1.423 0.0000000000
96175  51.350  20.815  -1.026 0.0000000000
96177  50.474  20.474  -0.985 0.0000000000
96178  47.053  20.050  -2.062 0.0000000000
96189  50.790  20.685  -1.333 0.0000000000
96191  46.144  20.313  -2.338 0.0000000000
96813  51.696  21.764  7.053 0.0000000000
96815  49.140  21.458  7.648 0.0000000000
96827  51.681  21.814  6.570 0.0000000000
96829  50.757  21.412  6.870 0.0000000000
96848  43.544  20.976  5.478 0.0000000000
96855  51.322  21.398  4.147 0.0000000000
96859  46.375  21.541  4.196 0.0000000000
96862  43.574  21.295  4.684 0.0000000000
96869  51.645  21.324  2.985 0.0000000000
96870  51.586  21.298  3.074 0.0000000000
96877  43.757  21.401  3.801 0.0000000000
96899  51.293  20.899  0.575 0.0000000000
96900  51.294  20.989  1.524 0.0000000000
96912  51.383  20.805  -0.315 0.0000000000
96915  48.103  20.557  0.056 0.0000000000
96937  51.280  21.240  -1.297 0.0000000000
96939  50.748  21.150  -1.521 0.0000000000
96941  44.940  20.777  -2.855 0.0000000000
96942  43.991  20.871  -3.228 0.0000000000
96944  41.904  21.410  -3.099 0.0000000000
96945  40.945  21.330  -3.050 0.0000000000
96957  41.602  21.655  -3.264 0.0000000000
96958  41.294  21.785  -3.340 0.0000000000
97539  49.798  22.032  9.800 0.0000000000
97544  50.419  21.788  9.034 0.0000000000
97615  39.562  22.383  -0.078 0.0000000000
97633  50.911  21.783  -1.563 0.0000000000
97637  42.239  21.575  -3.076 0.0000000000
97643  50.336  22.846  -1.704 0.0000000000
98192  50.762  22.772  7.578 0.0000000000
98212  51.098  22.837  4.550 0.0000000000
98260  50.526  22.703  -1.497 0.0000000000
98266  49.960  23.050  -1.969 0.0000000000
98782  50.062  24.671  4.461 0.0000000000
98803  45.730  24.358  1.609 0.0000000000
99808  50.405  26.709  6.441 0.0000000000
99837  43.091  26.233  3.113 0.0000000000
99845  47.759  26.925  2.722 0.0000000000
99852  47.889  26.949  1.889 0.0000000000
99903  45.694  26.337  -6.253 0.0000000000
99904  44.943  26.559  -6.412 0.0000000000
99909  46.055  26.527  -6.373 0.0000000000
100376  48.280  27.491  1.178 0.0000000000
100396  43.851  27.745  -0.543 0.0000000000
100416  43.643  27.718  -4.215 0.0000000000
100430  46.849  26.788  -6.098 0.0000000000
100433  44.367  27.210  -6.713 0.0000000000
100445  43.833  27.872  -7.340 0.0000000000
100867  48.792  28.199  6.858 0.0000000000
100994  44.563  27.594  -6.765 0.0000000000
100996  43.494  28.530  -7.301 0.0000000000
100998  42.531  28.851  -6.824 0.0000000000
101526  48.749  29.361  1.370 0.0000000000
101532  49.260  29.583  0.439 0.0000000000
101558  39.908  29.514  -3.124 0.0000000000
101572  40.168  29.671  -3.775 0.0000000000
102174  48.020  30.159  3.754 0.0000000000
102188  49.161  30.208  1.786 0.0000000000
102203  50.301  31.168  -0.801 0.0000000000
102205  46.070  30.572  -0.748 0.0000000000
102211  50.043  31.434  -2.456 0.0000000000
102222  49.752  31.087  -3.016 0.0000000000
102234  49.278  30.549  -3.696 0.0000000000
102270  43.689  30.470  -8.133 0.0000000000
102798  50.459  32.295  1.464 0.0000000000
102799  50.225  31.761  2.246 0.0000000000
102806  46.252  31.655  1.235 0.0000000000
102807  45.272  31.594  1.166 0.0000000000
102813  50.347  32.243  0.403 0.0000000000
102822  50.103  32.364  -0.579 0.0000000000
102827  44.571  31.275  -0.369 0.0000000000
102852  43.744  31.625  -3.370 0.0000000000
102873  43.149  30.798  -7.530 0.0000000000
103362  50.361  33.729  3.671 0.0000000000
103363  50.037  33.358  4.101 0.0000000000
103373  50.410  33.421  2.938 0.0000000000
103394  44.260  32.399  1.950 0.0000000000
103405  50.044  33.122  1.232 0.0000000000
103406  48.709  32.479  1.038 0.0000000000
103407  47.676  32.248  1.536 0.0000000000
103408  46.716  32.040  1.801 0.0000000000
103410  44.338  31.889  1.048 0.0000000000
103418  50.183  32.408  0.067 0.0000000000
103419  50.048  32.616  0.263 0.0000000000
103459  42.189  31.722  -4.771 0.0000000000
103477  45.004  32.084  -8.801 0.0000000000
103927  48.813  34.616  6.304 0.0000000000
103928  47.602  34.079  6.300 0.0000000000
103935  49.918  34.493  5.053 0.0000000000
103943  49.851  33.854  4.693 0.0000000000
103947  50.393  33.910  3.289 0.0000000000
103948  49.200  34.429  3.638 0.0000000000
103949  47.324  33.606  3.368 0.0000000000
103963  49.808  33.872  2.593 0.0000000000
103966  45.735  32.811  2.991 0.0000000000
103979  50.335  33.222  1.869 0.0000000000
103982  42.625  33.641  1.600 0.0000000000
104003  43.366  33.151  -1.120 0.0000000000
104054  44.611  32.697  -8.087 0.0000000000
104059  45.210  32.558  -8.507 0.0000000000
104479  49.898  34.973  5.421 0.0000000000
104492  41.570  35.239  3.687 0.0000000000
104493  50.296  34.115  3.288 0.0000000000
104494  50.025  34.323  3.295 0.0000000000
104583  47.123  34.818  -7.870 0.0000000000
104593  46.419  34.237  -8.123 0.0000000000
105046  48.858  35.893  7.344 0.0000000000
105059  49.419  35.669  5.920 0.0000000000
105060  48.896  35.913  5.736 0.0000000000
105061  47.829  35.815  5.598 0.0000000000
105072  49.756  35.211  5.366 0.0000000000
105075  47.109  35.180  5.046 0.0000000000
105086  40.937  35.746  3.724 0.0000000000
105090  41.462  35.757  2.353 0.0000000000
105107  43.065  35.875  0.195 0.0000000000
105115  43.443  35.582  -0.593 0.0000000000
105127  45.276  35.999  -3.180 0.0000000000
105161  44.003  35.065  -5.593 0.0000000000
105173  45.469  34.885  -7.503 0.0000000000
105183  47.180  34.971  -7.820 0.0000000000
105625  48.615  36.939  8.145 0.0000000000
105637  48.791  36.398  7.328 0.0000000000
105638  48.576  36.603  7.158 0.0000000000
105647  48.341  36.304  6.262 0.0000000000
105648  47.407  36.175  6.089 0.0000000000
105657  40.977  36.152  2.947 0.0000000000
105658  40.489  36.523  3.553 0.0000000000
105672  41.701  36.169  1.688 0.0000000000
105683  43.394  36.603  0.083 0.0000000000
105691  44.368  36.848  -1.062 0.0000000000
105733  48.274  36.581  -6.271 0.0000000000
105745  48.145  36.427  -7.022 0.0000000000
105760  47.179  35.392  -7.617 0.0000000000
106231  48.436  37.173  8.298 0.0000000000
106294  44.274  37.652  -0.141 0.0000000000
106317  44.961  37.330  -1.308 0.0000000000
106344  48.509  37.472  -5.143 0.0000000000
106363  48.164  37.074  -6.983 0.0000000000
106840  49.007  39.976  1.814 0.0000000000
106841  48.649  39.594  1.943 0.0000000000
106842  47.871  39.223  1.697 0.0000000000
106855  48.725  39.594  1.570 0.0000000000
106858  45.679  38.551  0.412 0.0000000000
106884  49.329  38.940  -1.120 0.0000000000
106893  49.064  38.779  -1.741 0.0000000000
106912  48.577  37.885  -5.227 0.0000000000
106920  48.420  38.074  -5.999 0.0000000000
106929  48.000  37.655  -6.705 0.0000000000
107393  48.728  39.965  2.235 0.0000000000
107394  47.945  39.983  3.039 0.0000000000
107395  46.619  39.846  2.632 0.0000000000
107398  41.677  38.954  2.899 0.0000000000
107400  48.885  39.879  2.142 0.0000000000
107403  45.654  39.440  1.828 0.0000000000
107405  42.920  39.009  1.843 0.0000000000
107407  48.879  39.814  1.246 0.0000000000
107435  49.126  39.035  -1.935 0.0000000000
107480  48.033  38.330  -6.419 0.0000000000
107952  41.738  40.492  5.221 0.0000000000
107964  47.842  41.152  4.307 0.0000000000
107965  47.495  40.898  4.396 0.0000000000
107970  41.057  39.681  5.274 0.0000000000
107988  48.956  40.024  2.078 0.0000000000
107999  48.845  39.677  -1.267 0.0000000000
108004  43.654  40.562  -0.198 0.0000000000
108029  47.701  40.682  -2.110 0.0000000000
108541  47.081  42.123  5.705 0.0000000000
108542  46.307  41.970  6.085 0.0000000000
108544  43.625  41.713  5.560 0.0000000000
108555  47.022  41.579  5.324 0.0000000000
108565  47.995  41.188  4.026 0.0000000000
108570  48.100  41.070  3.465 0.0000000000
108585  41.570  42.075  0.421 0.0000000000
108589  42.142  41.472  0.293 0.0000000000
108590  41.123  42.162  -0.335 0.0000000000
108597  42.554  41.301  -1.294 0.0000000000
108604  43.138  41.485  -2.031 0.0000000000
109114  46.510  42.909  6.568 0.0000000000
109121  46.873  42.521  5.994 0.0000000000
109133  47.673  41.459  4.493 0.0000000000
109134  47.088  42.477  4.548 0.0000000000
109158  46.553  42.243  3.268 0.0000000000
109159  45.206  42.573  2.670 0.0000000000
109178  40.444  42.787  -1.444 0.0000000000
109181  45.847  42.298  -3.175 0.0000000000
109183  42.842  42.151  -2.604 0.0000000000
109184  41.976  42.416  -2.479 0.0000000000
109187  47.481  42.647  -4.258 0.0000000000
109731  45.577  43.602  6.102 0.0000000000
109732  44.667  43.868  5.629 0.0000000000
109741  46.817  42.818  5.965 0.0000000000
109797  40.714  43.304  -0.075 0.0000000000
109828  40.810  43.098  -2.600 0.0000000000
109830  39.445  43.847  -2.322 0.0000000000
109841  41.162  43.477  -3.319 0.0000000000
109843  39.269  44.415  -2.835 0.0000000000
109851  46.559  43.986  -4.294 0.0000000000
110308  45.266  44.024  7.354 0.0000000000
110315  45.537  43.848  6.871 0.0000000000
110325  44.058  44.423  5.505 0.0000000000
110348  43.219  44.213  4.504 0.0000000000
110422  39.781  44.414  -3.524 0.0000000000
110441  39.664  44.989  -4.090 0.0000000000
110937  42.594  45.597  4.152 0.0000000000
111008  38.514  46.143  -4.342 0.0000000000
111495  43.450  46.921  5.295 0.0000000000
111496  43.009  46.543  4.433 0.0000000000
111556  42.646  45.866  -5.915 0.0000000000
112000  43.435  48.704  4.506 0.0000000000
122439  45.128  21.245  5.671 0.0000000000
122907  45.997  21.367  5.726 0.0000000000
123075  45.250  21.491  2.735 0.0000000000
125628  43.308  38.543  1.340 0.0000000000
127500  48.648  36.521  7.721 0.0000000000
128674  41.547  41.667  -1.002 0.0000000000
129004  46.302  29.950  -2.034 0.0000000000
130255  50.173  21.147  9.411 0.0000000000
131218  47.328  42.204  5.245 0.0000000000
132837  47.265  42.228  3.933 0.0000000000
133093  38.582  45.702  -3.619 0.0000000000
134088  48.080  40.781  3.663 0.0000000000
134646  49.472  20.616  12.199 0.0000000000
134815  44.839  38.602  0.679 0.0000000000
135017  48.871  33.535  2.548 0.0000000000
137621  45.507  20.595  -2.570 0.0000000000
137927  43.718  32.911  2.526 0.0000000000
138368  50.442  33.206  2.316 0.0000000000
138674  49.757  20.622  -0.903 0.0000000000
138945  49.837  35.129  4.767 0.0000000000
139858  47.202  38.112  -2.390 0.0000000000
140665  48.398  33.793  3.221 0.0000000000
140928  43.477  40.460  3.663 0.0000000000
140933  51.281  21.521  5.217 0.0000000000
141136  47.965  32.603  4.809 0.0000000000
141142  44.853  33.527  -5.158 0.0000000000
141441  42.047  38.621  2.165 0.0000000000
141647  51.451  21.631  6.170 0.0000000000
142077  49.694  32.670  0.555 0.0000000000
142162  48.519  27.075  5.988 0.0000000000
142291  49.263  35.860  6.563 0.0000000000
142554  50.192  32.202  -1.108 0.0000000000
142691  46.277  21.452  1.800 0.0000000000
143339  50.197  34.452  3.822 0.0000000000
143531  43.461  32.737  1.834 0.0000000000
144762  40.708  42.696  -1.987 0.0000000000
144983  46.823  34.183  -7.725 0.0000000000
145464  44.272  33.778  -3.452 0.0000000000
145701  43.384  24.091  2.501 0.0000000000
145851  47.985  26.525  2.361 0.0000000000
146129  44.239  24.475  2.380 0.0000000000
146296  46.073  37.179  -6.153 0.0000000000
146483  49.081  21.222  8.773 0.0000000000
147050  50.587  23.574  0.103 0.0000000000
147754  43.051  33.463  0.049 0.0000000000
148239  44.632  19.250  10.397 0.0000000000
148627  51.637  21.800  5.315 0.0000000000
