#!ascii label  , from subject chris_t1_2 vox2ras=TkReg
2189
28771  40.157  -55.110  -23.451 0.6000000238
27844  38.632  -55.645  -22.417 0.5000000000
30613  40.947  -52.783  -23.284 0.6999999881
144841  41.582  -52.242  -23.396 0.6000000238
30611  42.317  -52.142  -23.713 0.6000000238
31638  42.877  -51.436  -23.359 0.6000000238
29690  39.820  -53.565  -22.706 0.6999999881
29702  40.481  -53.630  -23.242 0.6000000238
29701  41.210  -53.593  -23.694 0.5000000000
29709  41.943  -53.599  -24.258 0.5000000000
127453  42.784  -53.801  -24.899 0.5000000000
30610  43.297  -51.940  -24.146 0.6000000238
31637  43.955  -51.305  -23.644 0.6000000238
28761  39.290  -54.223  -22.505 0.5000000000
27843  39.413  -55.170  -22.818 0.5000000000
28770  40.742  -54.406  -23.680 0.6000000238
31653  44.492  -51.776  -24.530 0.6000000238
26956  37.573  -56.635  -21.945 0.5000000000
26053  37.161  -57.446  -21.943 0.5000000000
134840  43.188  -50.248  -20.923 0.6000000238
32599  43.344  -50.531  -21.899 0.6999999881
31611  40.277  -51.175  -21.557 0.6000000238
31626  40.741  -51.500  -22.229 0.6999999881
32586  42.131  -50.506  -21.697 0.6000000238
31624  42.513  -50.917  -22.632 0.6000000238
31623  43.555  -50.807  -22.867 0.6000000238
30601  39.789  -52.733  -22.372 0.6000000238
30600  40.496  -52.333  -22.610 0.6999999881
32608  44.646  -50.748  -23.093 0.6000000238
29691  38.705  -54.072  -22.014 0.5000000000
29679  39.090  -53.324  -22.055 0.5000000000
31636  45.224  -51.251  -23.857 0.6000000238
27832  38.098  -55.277  -21.811 0.5000000000
31635  46.111  -50.987  -24.264 0.6000000238
27833  37.403  -55.842  -21.329 0.5000000000
32619  46.454  -50.683  -24.724 0.6000000238
33565  45.996  -49.815  -24.765 0.6999999881
33573  46.350  -50.418  -25.207 0.6000000238
132687  45.256  -49.454  -24.424 0.6999999881
32630  45.504  -50.760  -25.912 0.6000000238
32621  43.564  -50.361  -24.893 0.6000000238
31655  41.457  -51.185  -24.624 0.6000000238
32622  42.619  -50.563  -24.708 0.6000000238
31668  35.929  -51.699  -26.229 0.5000000000
31677  34.624  -51.716  -26.467 0.6999999881
30643  34.944  -52.282  -26.508 0.6000000238
31661  33.338  -51.535  -25.061 0.8000000119
30627  33.173  -52.386  -25.505 0.6999999881
32567  43.841  -50.028  -20.143 0.6000000238
33520  44.090  -49.718  -20.191 0.6999999881
32587  41.343  -50.314  -21.044 0.6999999881
31610  41.055  -50.770  -21.734 0.6999999881
144342  42.206  -50.183  -20.829 0.6000000238
134602  44.301  -50.279  -21.155 0.6999999881
32566  44.438  -49.962  -20.749 0.6999999881
31612  39.555  -51.557  -21.347 0.6000000238
139905  40.057  -50.439  -20.522 0.6000000238
33533  44.854  -49.599  -21.297 0.8000000119
30579  38.249  -52.326  -20.523 0.5000000000
31613  38.856  -51.902  -21.018 0.5000000000
33532  45.358  -49.560  -21.889 0.8000000119
32584  45.442  -50.092  -22.132 0.6000000238
29667  38.018  -53.203  -20.765 0.5000000000
30590  38.604  -52.771  -21.304 0.5000000000
34435  45.566  -48.997  -22.456 0.8000000119
32596  45.867  -50.121  -23.028 0.6000000238
26930  36.811  -55.993  -20.689 0.5000000000
34455  45.731  -49.032  -23.239 0.8000000119
33551  45.901  -49.281  -23.962 0.8000000119
33550  46.213  -49.755  -23.681 0.6999999881
33553  43.619  -48.841  -23.851 0.6999999881
33552  44.929  -48.841  -24.026 0.6999999881
137223  41.269  -48.921  -23.455 0.6999999881
131301  42.326  -48.855  -23.633 0.6999999881
33555  40.363  -49.113  -23.429 0.6000000238
32623  41.777  -50.355  -24.239 0.6000000238
33567  42.784  -49.737  -24.171 0.6000000238
33568  38.966  -48.915  -23.977 0.6999999881
32611  39.296  -50.248  -23.539 0.6999999881
32609  40.981  -49.722  -23.612 0.6000000238
143684  37.082  -50.552  -25.759 0.6999999881
144495  37.328  -50.566  -24.347 0.6000000238
31676  35.363  -51.564  -26.687 0.8000000119
32634  36.497  -51.114  -26.581 0.8000000119
31658  36.477  -51.169  -24.910 0.6000000238
32642  34.961  -50.907  -26.622 0.8999999762
30603  32.289  -52.637  -22.985 0.6999999881
32636  33.830  -50.980  -25.551 0.8000000119
31662  32.817  -52.089  -24.578 0.6999999881
34410  43.599  -49.108  -19.207 0.6000000238
34423  44.002  -49.106  -19.974 0.6999999881
126635  42.970  -47.930  -19.690 0.6999999881
32547  43.196  -49.771  -19.222 0.6000000238
35286  43.585  -48.200  -20.314 0.6000000238
124699  42.521  -49.838  -18.459 0.4000000060
33509  40.954  -49.813  -19.634 0.6000000238
32570  40.056  -50.094  -19.874 0.6000000238
34437  44.359  -48.525  -20.979 0.8000000119
31580  38.178  -51.354  -19.469 0.4000000060
32550  39.424  -50.342  -19.332 0.5000000000
126780  39.313  -50.619  -20.190 0.6000000238
34436  45.121  -48.847  -21.700 0.8000000119
31596  37.860  -51.927  -19.767 0.5000000000
35300  44.805  -47.877  -22.039 0.8000000119
29668  37.431  -53.618  -20.245 0.4000000060
34456  45.298  -48.371  -23.473 0.8000000119
143121  36.702  -54.761  -19.809 0.5000000000
34457  44.561  -48.100  -23.794 0.8000000119
35332  41.739  -46.846  -24.328 0.8000000119
34458  43.073  -48.105  -23.772 0.6999999881
34467  40.220  -47.796  -24.115 0.8000000119
34459  41.749  -48.203  -23.648 0.6999999881
135686  39.220  -48.389  -26.066 0.8999999762
34468  39.349  -48.263  -24.507 0.8999999762
34460  40.735  -48.371  -23.592 0.6999999881
33575  38.162  -49.427  -25.857 0.8999999762
33556  39.520  -49.386  -23.579 0.6999999881
33570  37.615  -49.868  -24.991 0.6000000238
32641  35.784  -50.967  -27.083 0.8999999762
32633  37.135  -50.549  -26.955 0.8999999762
138006  32.695  -51.827  -21.606 0.8000000119
30581  32.473  -52.676  -20.427 0.8000000119
31629  32.655  -51.890  -22.493 0.8000000119
30602  32.335  -52.500  -21.971 0.8000000119
32627  33.682  -50.865  -24.503 0.8000000119
31645  33.158  -51.379  -24.002 0.6999999881
34411  43.232  -48.535  -19.015 0.6999999881
35276  41.806  -46.988  -18.833 0.6000000238
33497  43.394  -49.447  -18.956 0.6000000238
35259  42.805  -48.467  -18.368 0.5000000000
36109  42.250  -47.004  -19.703 0.6999999881
33481  42.673  -49.606  -17.440 0.4000000060
33498  43.073  -49.586  -18.321 0.5000000000
34399  43.004  -49.111  -17.854 0.6000000238
35287  42.895  -47.355  -20.445 0.6999999881
32536  41.692  -50.113  -17.876 0.5000000000
144090  43.719  -47.496  -21.295 0.6999999881
32518  40.869  -50.547  -17.544 0.5000000000
32549  40.261  -49.946  -19.075 0.6000000238
31552  39.374  -51.188  -17.554 0.4000000060
32520  39.143  -50.760  -18.165 0.4000000060
36957  43.966  -45.969  -23.133 0.8000000119
35315  44.305  -47.063  -22.357 0.8000000119
31567  37.750  -51.724  -18.190 0.4000000060
35322  44.944  -46.849  -23.787 0.8000000119
36143  44.656  -46.621  -23.224 0.8000000119
34446  45.444  -48.202  -22.808 0.8000000119
28726  36.683  -53.993  -19.188 0.3000000119
36162  42.249  -46.177  -25.106 0.8000000119
36161  43.702  -45.985  -25.034 0.8000000119
35323  44.013  -47.374  -24.179 0.8000000119
36163  41.276  -46.670  -25.463 0.8000000119
35331  43.070  -46.662  -24.410 0.8000000119
35334  39.957  -48.165  -26.964 0.8999999762
147596  40.236  -47.402  -24.859 0.8999999762
34472  39.373  -48.609  -27.253 0.8999999762
34473  38.817  -49.094  -26.729 0.8999999762
34477  38.850  -49.061  -27.283 0.8999999762
33579  38.300  -49.575  -27.039 0.8999999762
32639  37.049  -50.341  -27.176 0.8999999762
31615  32.786  -51.884  -20.797 0.8000000119
30554  33.056  -53.094  -18.942 0.8000000119
32643  36.310  -50.335  -27.139 0.8999999762
33578  34.887  -50.143  -26.323 0.8999999762
32615  33.664  -50.847  -23.432 0.8000000119
32626  34.241  -50.408  -24.989 0.8000000119
35260  42.044  -47.645  -18.207 0.6000000238
35275  42.513  -47.757  -18.976 0.6000000238
147040  41.358  -46.359  -18.584 0.6000000238
35245  41.603  -47.415  -17.303 0.6000000238
34373  42.459  -49.094  -15.904 0.4000000060
34386  42.507  -48.980  -16.898 0.4000000060
35244  42.353  -48.338  -17.580 0.5000000000
36119  42.375  -46.660  -20.451 0.6999999881
32535  42.505  -49.945  -17.635 0.4000000060
35301  42.831  -46.751  -21.072 0.6999999881
32499  42.542  -50.828  -15.866 0.5000000000
32516  42.461  -50.236  -16.704 0.4000000060
36129  43.369  -46.655  -21.837 0.6999999881
32500  42.007  -51.004  -16.477 0.5000000000
36958  43.126  -45.301  -22.945 0.8000000119
142640  43.898  -46.434  -22.556 0.8000000119
36160  44.384  -45.722  -24.892 0.8000000119
36153  44.724  -46.076  -23.907 0.8000000119
36981  43.338  -45.508  -26.963 0.8000000119
36172  42.017  -47.247  -28.056 0.8999999762
35333  40.461  -47.332  -26.064 0.8999999762
35340  40.516  -47.730  -27.711 0.8999999762
128159  37.681  -48.909  -27.299 0.8999999762
33581  36.217  -49.470  -26.921 1.0000000000
31597  33.202  -51.309  -20.364 0.8000000119
33577  35.212  -49.468  -26.079 1.0000000000
31614  33.071  -51.223  -21.185 0.8000000119
33560  34.806  -49.947  -24.442 1.0000000000
32614  34.288  -50.441  -23.919 0.8000000119
32600  34.242  -50.398  -22.868 0.8000000119
36892  40.901  -46.035  -17.919 0.6000000238
36903  41.135  -45.710  -18.771 0.6000000238
36070  41.256  -46.702  -16.655 0.6000000238
36920  41.326  -45.393  -19.657 0.6999999881
34358  42.385  -48.263  -15.474 0.4000000060
34359  42.022  -48.274  -16.119 0.4000000060
34387  41.981  -48.109  -16.832 0.4000000060
141946  42.717  -49.971  -15.729 0.4000000060
36930  42.204  -46.145  -20.904 0.6999999881
32486  43.170  -50.495  -15.239 0.5000000000
34349  43.430  -48.647  -14.534 0.4000000060
36942  42.237  -45.625  -21.493 0.8000000119
36967  43.999  -45.395  -23.693 0.8000000119
37660  42.335  -45.127  -22.194 0.8000000119
36979  44.513  -45.071  -25.567 0.8000000119
36966  44.469  -45.506  -24.353 0.8000000119
36985  43.991  -45.202  -27.765 0.8000000119
36974  43.756  -45.496  -25.787 0.8000000119
36171  42.631  -46.507  -27.718 0.8999999762
35345  39.703  -47.974  -27.715 0.8999999762
36175  40.951  -47.189  -28.110 0.8999999762
35347  37.763  -47.968  -27.406 1.0000000000
34478  36.353  -48.516  -26.710 1.0000000000
34474  36.088  -48.172  -26.306 1.0000000000
32591  33.489  -50.672  -21.561 0.8000000119
30567  33.225  -52.286  -19.094 0.8000000119
33571  35.419  -49.406  -24.936 1.0000000000
33535  34.789  -49.778  -22.323 0.8000000119
33545  34.866  -50.009  -23.395 0.8000000119
36878  41.007  -46.091  -16.188 0.6000000238
36082  41.191  -46.579  -17.378 0.6000000238
36931  41.651  -45.400  -20.722 0.6999999881
143930  41.283  -44.606  -20.231 0.6999999881
35218  42.319  -47.497  -15.157 0.4000000060
35219  41.806  -47.556  -15.684 0.5000000000
36056  41.435  -46.801  -15.940 0.5000000000
37647  41.482  -44.642  -20.931 0.8000000119
33439  42.781  -49.113  -15.076 0.4000000060
37661  41.747  -44.951  -21.498 0.8000000119
132514  44.214  -48.403  -14.290 0.4000000060
131347  43.740  -48.014  -14.350 0.4000000060
36968  43.279  -44.797  -23.486 0.8000000119
37674  42.485  -44.452  -22.889 0.8000000119
37688  43.933  -44.690  -24.254 0.8000000119
36984  44.557  -44.577  -27.012 0.8000000119
36174  41.888  -47.169  -28.154 0.8999999762
36998  44.199  -45.132  -29.127 0.8000000119
35344  39.825  -47.219  -27.744 1.0000000000
36177  37.862  -47.039  -27.415 1.0000000000
36995  39.644  -45.978  -27.465 1.0000000000
35343  36.516  -47.643  -26.693 1.0000000000
34463  36.541  -48.770  -23.789 1.0000000000
136508  33.845  -50.117  -21.118 0.8999999762
31582  33.404  -51.480  -19.459 0.8000000119
32540  33.745  -50.824  -18.976 0.8999999762
33534  35.060  -49.353  -21.582 1.0000000000
126454  33.855  -50.093  -20.363 1.0000000000
129301  36.826  -48.618  -22.891 1.0000000000
34447  37.395  -47.983  -22.824 1.0000000000
34448  36.282  -48.753  -22.196 1.0000000000
34438  36.431  -48.364  -21.580 1.0000000000
124538  37.775  -47.130  -22.763 1.0000000000
35303  36.871  -47.811  -21.415 1.0000000000
36893  40.594  -45.168  -17.454 0.6999999881
37623  40.604  -44.667  -18.220 0.6999999881
38311  40.509  -43.501  -18.054 0.6999999881
139928  41.345  -44.833  -15.571 0.6000000238
37610  40.590  -44.473  -16.783 0.6000000238
128742  40.614  -44.131  -18.843 0.6999999881
127299  41.415  -46.165  -15.590 0.6000000238
36041  43.263  -46.590  -14.633 0.5000000000
124822  41.120  -43.156  -20.335 0.8000000119
35205  44.263  -47.676  -14.363 0.4000000060
124555  41.571  -44.276  -21.393 0.8000000119
37675  41.963  -43.620  -22.588 0.8000000119
37689  42.950  -44.096  -23.686 0.8000000119
37703  44.494  -43.840  -26.078 0.8000000119
38379  43.424  -43.691  -24.436 0.8000000119
37706  44.881  -44.202  -27.954 0.6999999881
38394  44.978  -43.958  -27.149 0.8000000119
37711  43.039  -45.764  -28.718 0.8999999762
38405  44.117  -44.366  -29.226 0.8000000119
36994  40.801  -46.098  -27.737 0.8999999762
38404  42.936  -44.275  -28.521 1.0000000000
37712  41.474  -45.152  -27.729 1.0000000000
36996  37.960  -46.195  -27.328 1.0000000000
37713  39.831  -45.023  -27.310 1.0000000000
144423  40.025  -44.145  -27.270 1.0000000000
36169  37.008  -46.309  -26.681 1.0000000000
37709  38.471  -44.750  -27.173 1.0000000000
36983  37.595  -45.743  -26.268 1.0000000000
36976  37.822  -45.846  -25.170 1.0000000000
35326  37.502  -47.556  -23.876 1.0000000000
125283  34.323  -49.509  -20.051 1.0000000000
32552  33.969  -50.082  -19.521 1.0000000000
36155  37.955  -46.573  -23.558 1.0000000000
34439  35.686  -48.774  -21.362 1.0000000000
34413  34.882  -48.802  -19.705 1.0000000000
34425  35.538  -48.467  -20.388 1.0000000000
35302  37.338  -47.099  -21.259 1.0000000000
34424  36.214  -48.126  -20.894 1.0000000000
38297  40.524  -43.609  -17.054 0.6999999881
38327  40.598  -43.219  -19.027 0.6999999881
37579  41.855  -44.515  -15.277 0.5000000000
38284  40.764  -43.848  -16.275 0.6999999881
38326  40.906  -43.761  -19.810 0.6999999881
36861  41.801  -45.435  -15.262 0.6000000238
36844  43.351  -45.629  -14.810 0.5000000000
36845  42.542  -45.927  -14.903 0.5000000000
137176  41.422  -42.897  -20.932 0.8000000119
38364  42.129  -42.991  -23.235 0.6999999881
38380  42.644  -43.288  -23.856 0.8000000119
38387  43.820  -43.232  -25.450 0.8000000119
38388  43.179  -42.841  -24.556 0.8000000119
38398  44.494  -43.397  -28.000 0.6999999881
38395  44.282  -43.257  -26.739 0.6999999881
38403  43.660  -43.559  -29.033 0.8999999762
40007  43.358  -41.825  -29.014 0.8000000119
40004  42.961  -41.269  -27.809 0.8000000119
40961  42.578  -40.611  -28.137 0.8000000119
39118  43.149  -42.247  -29.092 0.8000000119
124965  43.013  -41.488  -29.223 0.8000000119
37707  41.436  -43.607  -27.396 1.0000000000
123768  42.834  -42.761  -28.719 0.8999999762
39119  42.564  -41.791  -29.041 0.8999999762
40966  42.163  -40.319  -28.977 0.8000000119
39114  41.333  -42.479  -27.503 0.8999999762
37708  38.897  -44.056  -27.306 1.0000000000
36982  38.223  -45.278  -25.713 1.0000000000
36165  37.512  -46.644  -24.794 1.0000000000
36164  38.087  -45.962  -24.102 1.0000000000
143549  38.269  -45.935  -23.255 1.0000000000
125513  35.069  -48.330  -19.065 1.0000000000
36154  38.524  -45.379  -23.523 1.0000000000
125690  37.801  -46.694  -21.894 1.0000000000
35290  36.014  -47.709  -20.163 1.0000000000
36959  38.396  -45.491  -22.672 1.0000000000
36944  38.153  -45.716  -21.785 1.0000000000
35288  37.070  -46.634  -20.584 1.0000000000
38283  41.174  -43.277  -15.857 0.6999999881
128311  40.731  -43.021  -16.525 0.6999999881
39011  40.830  -42.341  -16.731 0.6999999881
127450  40.584  -42.641  -17.360 0.6999999881
39034  40.556  -42.560  -18.395 0.6999999881
38268  41.898  -43.606  -15.381 0.6000000238
39050  40.818  -42.865  -19.776 0.6999999881
37563  42.655  -44.960  -15.059 0.5000000000
141254  41.183  -42.478  -20.347 0.6999999881
37562  43.615  -44.841  -14.968 0.5000000000
129530  41.453  -42.086  -20.959 0.8000000119
39069  41.664  -42.421  -21.629 0.6999999881
39099  42.703  -42.341  -23.827 0.6999999881
39085  42.367  -42.156  -22.992 0.6999999881
39106  43.268  -41.940  -24.655 0.6999999881
39105  43.516  -42.437  -25.274 0.6999999881
39113  43.813  -42.611  -27.708 0.6999999881
39110  43.733  -42.522  -26.243 0.6999999881
147902  42.623  -40.926  -26.719 0.8000000119
41925  42.404  -40.313  -25.116 0.8000000119
41926  41.913  -39.843  -25.424 0.8000000119
40958  42.261  -40.322  -26.488 0.8000000119
137631  41.839  -39.696  -26.611 0.8000000119
40962  42.269  -39.728  -28.262 0.8000000119
40008  42.386  -40.811  -28.943 0.8999999762
39115  39.668  -42.254  -27.252 1.0000000000
40969  41.937  -39.959  -29.172 0.8000000119
122977  38.646  -43.946  -26.971 1.0000000000
38400  38.839  -43.231  -27.250 1.0000000000
37698  38.818  -44.731  -25.128 1.0000000000
143695  39.269  -44.233  -24.716 1.0000000000
37697  39.475  -43.900  -24.059 1.0000000000
34400  35.327  -47.678  -18.852 1.0000000000
34401  34.834  -48.212  -18.344 1.0000000000
124620  38.714  -44.773  -22.924 1.0000000000
36943  38.440  -44.881  -22.124 1.0000000000
36131  37.638  -46.271  -21.138 1.0000000000
35278  35.825  -47.248  -19.417 1.0000000000
36932  37.865  -45.476  -20.868 1.0000000000
39872  41.731  -41.949  -15.981 0.6999999881
39889  40.797  -41.778  -17.158 0.6999999881
39933  40.691  -41.757  -18.892 0.6000000238
39932  41.094  -41.363  -19.702 0.6000000238
125032  41.275  -41.752  -20.356 0.6000000238
142556  41.491  -41.409  -20.949 0.6999999881
39960  42.210  -40.990  -22.119 0.6999999881
39961  41.738  -41.560  -21.548 0.6999999881
39980  42.563  -41.252  -22.955 0.6999999881
39991  43.033  -41.260  -23.902 0.6999999881
133351  42.639  -39.991  -23.633 0.8000000119
39997  43.081  -41.299  -24.900 0.6999999881
122724  42.693  -40.828  -25.490 0.8000000119
42885  41.234  -38.681  -24.926 0.8000000119
42893  41.465  -39.234  -25.800 0.8000000119
41933  42.080  -39.450  -29.134 0.8000000119
128007  40.979  -40.386  -28.221 0.8000000119
40967  41.195  -39.792  -28.726 0.8000000119
141191  38.845  -42.808  -26.843 1.0000000000
40006  39.003  -41.843  -27.227 1.0000000000
40009  39.364  -40.898  -27.270 0.6999999881
39112  38.843  -42.053  -26.634 1.0000000000
124112  38.660  -41.257  -27.043 0.8999999762
128451  39.531  -43.241  -24.422 1.0000000000
37676  39.174  -44.063  -23.144 1.0000000000
38366  39.180  -43.438  -22.561 1.0000000000
34388  34.638  -47.940  -17.480 1.0000000000
37677  38.713  -44.147  -22.361 1.0000000000
37663  38.303  -44.879  -21.333 1.0000000000
36111  36.213  -46.383  -19.227 1.0000000000
36095  35.596  -46.792  -18.592 1.0000000000
35261  35.071  -47.414  -18.044 1.0000000000
36121  36.796  -46.121  -19.946 1.0000000000
39918  40.642  -41.816  -17.930 0.6999999881
40929  41.754  -40.707  -21.314 0.6000000238
40949  42.742  -40.485  -23.396 0.6999999881
40941  42.567  -40.494  -22.659 0.6999999881
40953  42.810  -40.562  -24.302 0.6999999881
41900  42.624  -39.748  -22.826 0.8000000119
41908  42.248  -39.320  -23.545 0.6999999881
41909  41.639  -38.833  -24.013 0.6999999881
42894  41.060  -38.440  -26.307 0.6999999881
42901  41.512  -38.292  -28.008 0.6999999881
42908  41.893  -38.857  -29.227 0.6999999881
148657  39.872  -39.530  -27.802 0.8000000119
41934  40.716  -39.286  -28.654 0.6999999881
145615  39.344  -42.237  -25.349 0.8999999762
39100  39.597  -42.522  -24.266 1.0000000000
143189  39.667  -41.948  -23.647 1.0000000000
35235  34.380  -47.586  -16.689 1.0000000000
147059  35.926  -46.225  -18.695 1.0000000000
36921  37.354  -45.303  -20.022 1.0000000000
39905  40.869  -41.098  -17.652 0.6000000238
40889  41.002  -40.441  -18.277 0.6000000238
40902  40.907  -40.900  -19.002 0.6000000238
41856  41.235  -39.396  -18.984 0.6000000238
40901  41.299  -40.591  -19.757 0.6000000238
128512  41.447  -39.836  -19.777 0.6000000238
134914  42.039  -39.763  -21.269 0.6000000238
42864  42.376  -38.878  -22.609 0.6999999881
42875  41.896  -38.509  -23.255 0.6999999881
43855  41.270  -38.194  -24.036 0.6999999881
43856  40.723  -37.882  -25.152 0.6999999881
147156  40.666  -37.844  -26.128 0.6999999881
127111  40.924  -37.711  -27.175 0.6999999881
43875  41.227  -37.539  -28.466 0.6999999881
50561  41.074  -30.269  -23.236 0.3000000119
41938  40.726  -38.535  -29.006 0.6999999881
42909  41.416  -38.328  -29.127 0.6999999881
51556  41.591  -29.382  -23.472 0.3000000119
41935  39.842  -38.999  -28.070 0.8000000119
32523  28.418  -50.235  -17.547 0.8999999762
40003  38.847  -41.271  -26.186 1.0000000000
131639  31.533  -49.092  -15.428 1.0000000000
34375  33.851  -48.214  -16.211 1.0000000000
34361  32.687  -48.648  -15.568 1.0000000000
39087  39.224  -42.924  -22.094 1.0000000000
37637  37.511  -44.291  -19.704 1.0000000000
37648  37.981  -44.652  -20.551 1.0000000000
36922  36.639  -45.624  -19.368 1.0000000000
36083  35.183  -46.619  -17.600 1.0000000000
139785  36.525  -45.313  -19.007 1.0000000000
40872  41.262  -40.370  -17.472 0.6000000238
145805  41.190  -39.900  -18.571 0.6000000238
145339  41.322  -38.809  -18.481 0.6000000238
41867  41.530  -39.157  -19.790 0.6000000238
42826  41.430  -38.472  -19.350 0.6000000238
123698  41.680  -37.808  -20.179 0.6999999881
42851  42.125  -38.085  -21.040 0.6999999881
41891  42.198  -38.903  -21.176 0.6000000238
42850  42.345  -38.448  -21.827 0.6999999881
46634  43.904  -34.340  -18.198 0.3000000119
47639  42.913  -33.821  -18.785 0.3000000119
42865  42.096  -38.071  -22.476 0.6999999881
43838  41.458  -37.753  -23.200 0.6999999881
50545  40.870  -31.094  -22.654 0.3000000119
128763  40.470  -31.144  -23.575 0.4000000060
49608  40.121  -31.199  -24.329 0.4000000060
32541  27.368  -50.587  -18.530 0.6999999881
33503  27.068  -50.094  -19.095 0.6999999881
52544  39.152  -28.776  -26.690 0.3000000119
51557  40.832  -29.767  -24.026 0.3000000119
42906  39.825  -38.208  -28.453 0.6999999881
33483  28.976  -48.958  -17.309 0.8999999762
51576  39.467  -29.459  -26.281 0.3000000119
50583  40.354  -30.090  -24.820 0.3000000119
40964  38.746  -40.114  -26.758 0.8000000119
33465  29.938  -48.996  -16.160 0.8999999762
50584  39.646  -30.298  -25.766 0.3000000119
50575  39.970  -30.808  -24.932 0.3000000119
40954  39.180  -40.763  -25.183 0.8000000119
39982  39.579  -41.730  -22.851 1.0000000000
144419  33.850  -47.440  -16.105 1.0000000000
38353  38.535  -43.276  -20.920 1.0000000000
128651  34.707  -46.903  -16.899 1.0000000000
38340  38.098  -43.795  -20.375 1.0000000000
36906  35.683  -46.032  -18.215 1.0000000000
127640  36.423  -44.970  -18.671 1.0000000000
37626  35.852  -45.210  -18.124 1.0000000000
37611  36.202  -44.310  -18.080 1.0000000000
43791  41.529  -37.542  -19.337 0.6999999881
123026  41.606  -36.972  -20.084 0.6999999881
46614  44.133  -34.941  -17.866 0.3000000119
45660  43.353  -34.921  -17.975 0.4000000060
124716  41.907  -37.252  -20.931 0.6999999881
43814  42.052  -37.640  -21.720 0.6999999881
46648  42.303  -34.165  -19.194 0.4000000060
43839  40.759  -37.454  -24.023 0.6999999881
47654  42.519  -33.365  -19.422 0.3000000119
47655  41.815  -33.763  -19.805 0.5000000000
44774  40.368  -36.522  -24.005 0.6999999881
44787  40.403  -37.105  -24.895 0.6999999881
43866  40.394  -37.232  -26.156 0.6999999881
48642  40.764  -32.447  -21.728 0.4000000060
47694  40.181  -33.606  -22.594 0.6000000238
48660  40.409  -32.609  -22.458 0.5000000000
126421  40.751  -36.999  -27.725 0.6999999881
49581  40.751  -31.805  -22.180 0.3000000119
49638  37.926  -31.557  -28.358 0.4000000060
48675  39.654  -32.777  -24.283 0.4000000060
43879  41.019  -37.475  -28.841 0.6999999881
33512  26.542  -50.024  -19.842 0.6999999881
134995  38.042  -30.937  -28.192 0.4000000060
48683  39.931  -31.964  -24.079 0.4000000060
32555  26.154  -50.970  -19.995 0.6000000238
51583  38.605  -29.297  -27.208 0.3000000119
50592  38.849  -30.070  -26.886 0.3000000119
50600  38.421  -30.652  -27.677 0.4000000060
49609  39.673  -31.549  -25.008 0.4000000060
48684  39.489  -32.387  -25.033 0.4000000060
41936  39.018  -38.843  -27.545 0.6999999881
43880  39.797  -37.315  -28.600 0.6999999881
32524  28.003  -50.038  -18.132 0.6999999881
49628  38.849  -31.365  -27.346 0.4000000060
134566  39.493  -31.084  -25.662 0.4000000060
48696  39.292  -31.864  -26.277 0.4000000060
41932  38.662  -39.416  -26.789 0.8000000119
41919  38.970  -40.081  -25.313 0.8000000119
35221  32.351  -47.804  -15.469 1.0000000000
41910  39.393  -40.127  -24.349 0.8999999762
39070  39.281  -42.213  -22.100 1.0000000000
36894  35.340  -45.670  -17.468 1.0000000000
37625  36.852  -44.282  -18.849 1.0000000000
38328  38.217  -42.993  -20.201 1.0000000000
37612  35.436  -44.649  -17.367 1.0000000000
36895  34.802  -45.312  -16.761 1.0000000000
133849  34.068  -45.124  -16.168 1.0000000000
124415  41.676  -37.194  -18.640 0.6000000238
44716  41.881  -36.238  -18.843 0.6000000238
44738  41.614  -36.435  -20.773 0.6999999881
45662  42.272  -35.394  -18.648 0.5000000000
45672  41.834  -35.403  -19.357 0.6000000238
44747  41.601  -36.734  -21.678 0.6999999881
46636  42.143  -34.839  -19.052 0.5000000000
46649  41.782  -34.608  -19.619 0.4000000060
43826  41.593  -37.307  -22.423 0.6999999881
45686  41.519  -35.191  -20.121 0.6000000238
44756  41.222  -36.624  -22.450 0.6999999881
46658  41.406  -34.344  -20.333 0.6000000238
44773  40.962  -36.985  -23.142 0.6999999881
47666  41.401  -33.489  -20.536 0.6000000238
47677  40.441  -33.859  -21.675 0.6000000238
129204  40.123  -36.327  -25.417 0.6999999881
124326  40.462  -33.125  -21.902 0.5000000000
47707  39.895  -33.752  -23.444 0.6000000238
45721  39.906  -35.030  -23.856 0.6000000238
140055  37.613  -32.867  -26.917 0.4000000060
49597  40.374  -31.888  -23.044 0.4000000060
129122  39.979  -32.866  -23.415 0.4000000060
46700  39.785  -34.297  -23.886 0.5000000000
45737  39.700  -34.954  -24.803 0.6000000238
44797  40.345  -36.377  -26.930 0.6999999881
48705  37.542  -32.081  -27.614 0.4000000060
47708  39.656  -33.552  -24.187 0.5000000000
44806  40.686  -36.324  -28.210 0.6999999881
49636  38.119  -31.562  -28.337 0.4000000060
47749  37.791  -32.780  -27.990 0.5000000000
128277  39.455  -33.103  -24.861 0.4000000060
47731  39.374  -33.025  -25.911 0.4000000060
43882  40.463  -36.754  -28.741 0.6999999881
33501  28.087  -49.261  -18.282 0.8999999762
33511  27.107  -49.395  -19.347 0.6999999881
128596  39.109  -30.882  -26.610 0.4000000060
123556  39.324  -32.638  -27.105 0.4000000060
126241  38.634  -39.053  -26.011 0.6999999881
42907  38.996  -37.965  -27.764 0.6999999881
48704  38.960  -32.085  -27.657 0.4000000060
35237  30.285  -47.775  -16.230 0.8999999762
40942  39.592  -40.969  -22.983 0.8999999762
35223  30.872  -47.544  -15.691 0.8999999762
36084  34.779  -46.183  -16.879 1.0000000000
128900  32.718  -46.996  -15.552 1.0000000000
39059  38.585  -42.458  -20.778 1.0000000000
35236  33.513  -46.864  -15.821 1.0000000000
37624  37.387  -43.553  -19.067 1.0000000000
36881  33.821  -46.027  -15.854 1.0000000000
36057  33.093  -46.192  -15.588 1.0000000000
38312  36.743  -43.560  -18.334 1.0000000000
39013  34.521  -42.744  -16.619 0.8999999762
38285  35.071  -43.135  -16.865 1.0000000000
37595  35.220  -43.786  -17.047 1.0000000000
37597  33.422  -44.622  -15.925 1.0000000000
38286  34.555  -43.569  -16.611 1.0000000000
135409  33.129  -43.897  -16.064 1.0000000000
37580  32.602  -44.641  -15.801 0.8999999762
126347  33.706  -43.232  -16.420 1.0000000000
37598  32.337  -43.730  -16.176 0.8999999762
124110  41.606  -36.101  -19.880 0.6000000238
135939  41.465  -35.711  -20.615 0.6999999881
123903  41.339  -35.866  -21.313 0.6999999881
131139  41.159  -35.006  -20.939 0.6999999881
45708  40.655  -35.476  -22.368 0.6999999881
46670  40.696  -34.572  -21.488 0.6000000238
44757  40.616  -36.129  -22.896 0.6999999881
125891  40.343  -35.247  -23.002 0.6999999881
142810  40.266  -35.731  -23.624 0.6000000238
45736  39.999  -35.695  -24.487 0.6000000238
139957  39.859  -35.524  -25.392 0.6000000238
47732  37.547  -32.779  -25.688 0.3000000119
142514  40.410  -34.646  -22.253 0.6000000238
46699  40.087  -34.430  -23.160 0.6000000238
45749  40.046  -35.659  -26.395 0.6000000238
47740  37.627  -33.606  -26.119 0.4000000060
133088  37.493  -33.621  -25.103 0.4000000060
139904  39.561  -34.386  -25.287 0.6000000238
45750  39.704  -34.878  -26.050 0.6000000238
45761  40.392  -35.663  -27.637 0.6000000238
46717  39.488  -33.987  -26.122 0.4000000060
45768  40.382  -35.718  -28.561 0.6000000238
46736  37.836  -33.724  -27.384 0.5000000000
144066  39.499  -33.427  -27.175 0.4000000060
47753  38.708  -33.111  -28.560 0.5000000000
122840  39.173  -32.982  -28.091 0.4000000060
43876  38.554  -37.598  -26.893 0.6000000238
48714  38.770  -33.086  -28.501 0.4000000060
47747  39.247  -33.716  -28.575 0.4000000060
34389  29.437  -48.202  -17.106 0.8999999762
139347  39.278  -39.574  -23.823 0.8999999762
41920  39.073  -39.499  -24.611 0.8000000119
35238  29.824  -47.587  -16.724 0.8999999762
126620  30.342  -47.095  -16.324 0.8999999762
36059  30.972  -46.576  -15.929 0.8999999762
135459  31.743  -46.972  -15.536 0.8999999762
39052  38.304  -42.178  -20.027 1.0000000000
38298  36.239  -43.551  -17.771 1.0000000000
36865  32.515  -45.585  -15.615 1.0000000000
38287  32.287  -42.840  -16.562 1.0000000000
38288  31.620  -43.485  -16.593 1.0000000000
124275  31.743  -44.440  -16.182 0.8999999762
39014  31.490  -42.647  -17.188 1.0000000000
38300  31.157  -43.446  -17.241 0.8999999762
45697  40.849  -35.285  -21.714 0.6999999881
49611  37.648  -31.456  -25.297 0.3000000119
126817  37.535  -33.023  -24.545 0.3000000119
47719  37.396  -33.867  -24.153 0.3000000119
45762  40.010  -35.120  -27.142 0.6000000238
145595  37.578  -34.145  -25.508 0.5000000000
46709  37.584  -34.704  -24.336 0.4000000060
46725  39.750  -34.349  -27.410 0.5000000000
45769  40.121  -35.017  -28.114 0.5000000000
46727  37.815  -34.371  -26.306 0.5000000000
46734  39.653  -34.383  -28.427 0.5000000000
46733  39.863  -35.107  -28.687 0.5000000000
46726  38.104  -34.658  -27.291 0.5000000000
46740  39.410  -34.367  -28.681 0.5000000000
43881  38.830  -37.059  -28.067 0.6000000238
46735  38.256  -34.222  -28.223 0.5000000000
46741  38.905  -33.939  -28.738 0.5000000000
42895  38.614  -38.139  -25.912 0.6999999881
45751  38.315  -35.822  -26.349 0.5000000000
45763  38.344  -35.514  -27.407 0.5000000000
42886  38.744  -38.711  -24.992 0.6000000238
40930  39.253  -40.555  -22.243 0.8999999762
39944  38.588  -41.637  -20.680 0.8999999762
39963  38.914  -41.898  -21.425 0.8999999762
39934  38.321  -41.325  -19.942 0.8999999762
39012  35.270  -42.490  -16.880 0.8999999762
39025  35.959  -42.288  -17.313 0.8999999762
39024  36.572  -42.813  -17.780 0.8999999762
39053  37.770  -42.739  -19.376 1.0000000000
126873  31.535  -45.244  -16.131 0.8999999762
36866  31.690  -45.912  -15.733 0.8999999762
125663  33.081  -42.765  -16.490 0.8000000119
123411  32.834  -42.225  -16.573 0.6999999881
37599  31.128  -44.994  -16.687 0.8999999762
38301  30.807  -43.991  -17.777 0.8999999762
37614  30.681  -44.800  -17.482 0.8999999762
148374  37.778  -31.747  -24.448 0.3000000119
123640  37.532  -33.190  -23.758 0.3000000119
47709  37.475  -33.716  -23.208 0.4000000060
47695  37.628  -33.390  -22.400 0.3000000119
46701  37.420  -34.552  -23.449 0.3000000119
46684  37.495  -34.407  -22.408 0.4000000060
45722  37.555  -35.370  -23.772 0.4000000060
45738  37.869  -35.429  -24.644 0.5000000000
44813  39.470  -35.523  -28.877 0.5000000000
43883  39.672  -36.378  -28.804 0.5000000000
44799  38.151  -36.024  -24.934 0.5000000000
140318  38.689  -34.617  -28.573 0.5000000000
44810  38.711  -36.113  -28.340 0.5000000000
44807  38.434  -36.540  -26.953 0.5000000000
44798  38.336  -36.314  -25.706 0.5000000000
43867  38.474  -37.180  -25.858 0.5000000000
146164  38.424  -37.339  -24.242 0.5000000000
42876  38.680  -38.333  -23.303 0.6000000238
137365  38.929  -38.925  -23.974 0.6000000238
42837  38.398  -39.189  -21.158 0.6999999881
41892  38.869  -40.155  -21.620 0.6999999881
40931  38.881  -40.981  -21.363 0.6999999881
40903  38.292  -40.373  -19.980 0.6999999881
138574  38.544  -40.937  -20.564 0.8000000119
36882  31.030  -45.752  -16.332 0.8999999762
39036  37.124  -42.165  -18.049 0.8999999762
129010  37.505  -42.234  -18.674 0.8999999762
126765  34.739  -41.828  -16.641 0.6999999881
36896  30.181  -45.477  -18.044 0.8999999762
37627  30.477  -44.661  -18.397 0.8999999762
39037  31.250  -42.328  -18.205 1.0000000000
47679  37.861  -33.840  -21.586 0.3000000119
46671  37.632  -34.775  -21.206 0.4000000060
123957  38.036  -34.080  -20.776 0.3000000119
45709  37.313  -35.278  -22.889 0.4000000060
45687  37.598  -35.490  -20.370 0.3000000119
44776  37.547  -36.143  -23.198 0.4000000060
123337  37.499  -36.036  -21.713 0.4000000060
123049  37.548  -36.190  -20.890 0.4000000060
44789  37.768  -36.116  -24.181 0.4000000060
44758  37.597  -36.497  -22.297 0.4000000060
44748  37.556  -36.763  -21.443 0.4000000060
43841  37.932  -36.983  -22.948 0.4000000060
43828  37.886  -37.226  -22.063 0.4000000060
43815  38.373  -38.002  -21.870 0.5000000000
43840  38.392  -37.513  -23.516 0.5000000000
40904  37.831  -40.943  -19.181 0.6000000238
39919  37.468  -41.544  -18.487 0.8000000119
39907  36.164  -41.430  -17.265 0.6999999881
38314  30.631  -43.795  -18.695 0.8999999762
37639  30.435  -44.554  -19.349 0.8999999762
38330  31.021  -42.926  -19.068 0.8999999762
38331  30.721  -43.737  -19.760 0.8000000119
39054  31.242  -42.322  -19.787 0.6999999881
146512  31.264  -42.476  -20.565 0.8000000119
47668  38.142  -33.773  -20.026 0.3000000119
140313  37.598  -35.211  -19.719 0.3000000119
123162  37.564  -36.249  -20.098 0.3000000119
44717  37.404  -36.415  -18.623 0.4000000060
43792  37.612  -37.608  -19.540 0.4000000060
43778  37.459  -37.288  -18.687 0.4000000060
125237  37.533  -38.181  -18.780 0.5000000000
43816  37.759  -37.562  -21.216 0.5000000000
125418  37.611  -39.092  -18.907 0.5000000000
129697  37.282  -38.777  -18.067 0.5000000000
42838  38.151  -38.869  -20.455 0.5000000000
41842  37.416  -39.655  -18.239 0.5000000000
127352  37.881  -40.002  -18.971 0.5000000000
40891  37.393  -40.610  -18.229 0.6000000238
39906  36.975  -41.422  -17.794 0.6999999881
39892  33.996  -41.416  -16.629 0.6999999881
39893  33.097  -41.464  -16.747 0.6999999881
39026  32.216  -41.972  -16.891 0.6999999881
39908  32.344  -41.176  -17.376 0.6999999881
39920  31.465  -41.562  -18.628 0.6999999881
47667  38.274  -33.231  -20.830 0.3000000119
46637  37.470  -34.225  -18.459 0.3000000119
45645  36.968  -35.372  -17.982 0.4000000060
129240  37.558  -34.924  -19.079 0.3000000119
44700  37.059  -36.127  -18.048 0.4000000060
43762  37.176  -36.961  -17.925 0.4000000060
42798  37.270  -37.847  -18.050 0.4000000060
43763  36.745  -37.617  -17.531 0.3000000119
42799  36.665  -38.967  -17.450 0.5000000000
41843  36.489  -39.826  -17.340 0.6000000238
43764  36.165  -38.287  -17.129 0.3000000119
42800  35.945  -39.215  -17.023 0.5000000000
41828  35.250  -39.584  -16.689 0.4000000060
40873  36.718  -40.655  -17.535 0.6999999881
40874  35.982  -40.564  -17.050 0.6999999881
40859  35.285  -40.372  -16.713 0.6000000238
39890  35.398  -41.162  -16.797 0.6999999881
125556  35.502  -41.838  -16.935 0.6999999881
39891  34.635  -40.920  -16.653 0.6999999881
40862  32.952  -40.732  -17.131 0.6000000238
137202  36.568  -35.894  -17.631 0.3000000119
142917  36.601  -36.968  -17.443 0.3000000119
130207  36.094  -37.342  -17.039 0.3000000119
44702  36.119  -36.454  -17.194 0.3000000119
43743  34.555  -37.481  -16.670 0.3000000119
43744  33.724  -37.255  -16.835 0.3000000119
42785  34.594  -38.347  -16.632 0.3000000119
42786  33.854  -38.021  -16.754 0.4000000060
40860  34.550  -40.062  -16.644 0.5000000000
41830  33.862  -38.803  -16.686 0.5000000000
41845  33.152  -39.138  -17.113 0.5000000000
40875  33.129  -40.029  -17.138 0.6000000238
40876  32.418  -40.331  -17.735 0.6000000238
48594  37.747  -32.710  -18.387 0.4000000060
47623  36.523  -33.794  -17.572 0.3000000119
45646  36.456  -35.189  -17.606 0.3000000119
122549  35.720  -35.072  -17.254 0.3000000119
143943  36.048  -35.708  -17.295 0.3000000119
146109  35.107  -35.290  -17.019 0.3000000119
44686  34.389  -36.507  -16.734 0.3000000119
146916  33.902  -36.004  -16.775 0.3000000119
43765  33.106  -37.213  -17.183 0.3000000119
133801  33.160  -37.816  -16.999 0.4000000060
43766  32.582  -37.591  -17.515 0.4000000060
145778  32.660  -39.623  -17.588 0.6000000238
41846  32.505  -38.982  -17.834 0.4000000060
42814  32.223  -38.198  -17.999 0.4000000060
40892  32.247  -39.609  -18.288 0.5000000000
40877  31.965  -40.226  -18.550 0.6000000238
123855  31.461  -41.622  -21.259 0.6999999881
38354  31.129  -43.257  -21.810 0.8000000119
48580  37.252  -32.535  -17.796 0.4000000060
46617  35.732  -34.153  -17.404 0.3000000119
46618  34.920  -34.652  -17.162 0.3000000119
46619  34.000  -34.795  -17.256 0.3000000119
45629  33.471  -35.564  -17.131 0.3000000119
147996  32.377  -37.161  -17.785 0.4000000060
43779  32.107  -37.443  -18.094 0.4000000060
42815  31.729  -37.881  -18.801 0.4000000060
41857  32.057  -38.835  -18.641 0.4000000060
140622  31.823  -39.620  -19.226 0.5000000000
129981  31.697  -38.663  -19.518 0.4000000060
41869  31.645  -39.266  -20.089 0.4000000060
40905  31.437  -40.996  -20.499 0.6999999881
129193  31.561  -40.055  -20.166 0.4000000060
41877  31.532  -39.538  -21.031 0.4000000060
40913  31.521  -40.330  -21.028 0.6000000238
40932  31.610  -41.013  -21.946 0.5000000000
39072  31.444  -42.765  -22.087 0.6999999881
39964  31.549  -41.985  -22.208 0.6999999881
49515  37.113  -31.698  -17.674 0.3000000119
123582  35.056  -33.802  -17.355 0.3000000119
47625  34.306  -33.998  -17.373 0.3000000119
140814  33.290  -34.862  -17.407 0.3000000119
45648  32.724  -35.271  -17.534 0.3000000119
127013  32.174  -36.690  -17.987 0.4000000060
43780  31.805  -37.081  -18.551 0.3000000119
125020  31.485  -36.969  -19.306 0.3000000119
42828  31.422  -37.830  -19.815 0.3000000119
43806  31.147  -37.779  -20.585 0.3000000119
42839  31.434  -38.576  -20.571 0.3000000119
43817  31.037  -38.093  -21.370 0.3000000119
123797  31.359  -38.907  -21.700 0.3000000119
41893  31.494  -39.697  -22.117 0.3000000119
42867  31.637  -39.177  -22.818 0.4000000060
40943  32.023  -40.911  -23.273 0.5000000000
39983  32.008  -41.732  -23.305 0.5000000000
126473  35.760  -32.143  -17.500 0.3000000119
124936  34.952  -32.336  -17.519 0.3000000119
123409  33.733  -33.389  -17.574 0.3000000119
46620  32.807  -34.530  -17.691 0.3000000119
44718  32.079  -35.720  -18.040 0.3000000119
44740  30.638  -36.522  -20.553 0.3000000119
43807  30.683  -37.228  -21.049 0.3000000119
42854  31.173  -38.391  -22.385 0.3000000119
40951  32.351  -40.611  -24.225 0.4000000060
145924  32.190  -41.600  -24.701 0.5000000000
49518  34.435  -31.678  -17.638 0.3000000119
48583  33.933  -32.414  -17.558 0.3000000119
47626  32.989  -33.751  -17.844 0.3000000119
46638  32.263  -34.231  -18.266 0.3000000119
45674  31.295  -34.991  -19.027 0.3000000119
135246  31.067  -35.641  -19.456 0.3000000119
148524  30.470  -36.612  -21.076 0.3000000119
44749  30.325  -36.694  -21.710 0.3000000119
41913  32.182  -39.607  -24.142 0.4000000060
41912  32.386  -40.307  -25.135 0.4000000060
41928  32.107  -40.067  -25.796 0.4000000060
39999  32.009  -41.708  -24.831 0.5000000000
40956  32.061  -40.937  -25.295 0.4000000060
51478  37.140  -29.401  -17.949 0.3000000119
50477  36.300  -30.403  -17.604 0.3000000119
47643  32.577  -33.328  -18.430 0.3000000119
47644  31.880  -33.635  -19.046 0.3000000119
45675  30.845  -34.915  -19.756 0.3000000119
44728  30.548  -35.641  -20.298 0.3000000119
44750  29.672  -35.973  -21.765 0.3000000119
43829  30.962  -37.974  -22.924 0.3000000119
122519  30.584  -37.320  -23.071 0.3000000119
127889  31.570  -38.575  -23.575 0.3000000119
42877  32.075  -38.955  -24.684 0.4000000060
41922  32.274  -39.605  -25.288 0.3000000119
51480  35.581  -29.858  -17.681 0.3000000119
49530  34.099  -31.204  -17.851 0.3000000119
49531  33.555  -31.216  -18.314 0.3000000119
48595  33.281  -32.035  -18.027 0.3000000119
48608  32.415  -32.198  -19.276 0.3000000119
47658  31.311  -33.523  -19.807 0.3000000119
47659  30.699  -33.402  -20.354 0.3000000119
45688  30.362  -34.699  -20.448 0.3000000119
45689  29.912  -35.200  -21.123 0.3000000119
46662  29.715  -34.220  -20.892 0.3000000119
44760  30.063  -36.481  -22.654 0.3000000119
51491  34.976  -29.368  -18.067 0.3000000119
49532  32.929  -31.711  -18.788 0.3000000119
49539  33.107  -30.930  -19.087 0.3000000119
49540  32.593  -31.418  -19.550 0.3000000119
48610  31.192  -32.897  -20.167 0.3000000119
147638  29.541  -35.218  -21.900 0.3000000119
45710  29.548  -35.599  -22.552 0.3000000119
44777  30.496  -36.650  -23.754 0.3000000119
132570  34.543  -28.970  -18.531 0.3000000119
51504  34.001  -29.039  -19.112 0.3000000119
49550  32.296  -31.127  -20.302 0.3000000119
50500  32.855  -30.698  -19.874 0.4000000060
48626  30.652  -32.559  -20.646 0.3000000119
47669  29.927  -33.295  -20.887 0.3000000119
47670  29.446  -33.658  -21.542 0.3000000119
50533  31.952  -30.759  -21.121 0.4000000060
51521  33.371  -29.309  -20.332 0.4000000060
49569  30.513  -31.886  -21.169 0.4000000060
52469  33.695  -28.920  -19.834 0.3000000119
50532  32.432  -30.004  -21.170 0.4000000060
34471  36.146  -48.785  -24.794 1.0000000000
34470  36.803  -48.191  -24.457 1.0000000000
33558  35.955  -49.275  -23.982 0.8999999762
138771  31.185  -42.107  -19.010 0.8000000119
138651  31.371  -41.874  -20.475 0.8000000119
136204  31.591  -40.694  -19.251 0.6999999881
31625  41.565  -51.130  -22.437 0.6000000238
31639  41.945  -51.562  -23.138 0.6000000238
136356  44.934  -50.346  -21.777 0.6000000238
28752  38.217  -54.448  -21.604 0.5000000000
28741  37.242  -54.435  -20.433 0.5000000000
32569  41.655  -49.970  -20.266 0.6000000238
33576  37.710  -50.081  -26.584 0.8999999762
32548  42.132  -49.826  -19.393 0.5000000000
31566  38.305  -51.186  -18.767 0.4000000060
32537  39.660  -50.337  -18.561 0.5000000000
30565  37.369  -52.445  -19.283 0.4000000060
142631  40.794  -47.168  -24.562 0.8999999762
36110  41.582  -46.276  -19.303 0.6999999881
33499  40.557  -50.144  -18.255 0.5000000000
32501  41.122  -50.975  -16.888 0.5000000000
36144  43.037  -45.917  -22.235 0.8000000119
30543  36.899  -52.795  -18.257 0.4000000060
35329  44.697  -46.234  -24.199 0.8000000119
36120  41.810  -46.175  -20.154 0.6999999881
141348  43.004  -49.809  -15.125 0.4000000060
36986  43.325  -46.034  -28.346 0.8000000119
32571  33.441  -50.631  -20.762 0.8000000119
36071  40.803  -46.009  -16.971 0.6000000238
134859  43.275  -47.928  -14.540 0.4000000060
134075  43.448  -49.661  -14.733 0.4000000060
130146  41.843  -44.356  -22.065 0.8000000119
35339  36.424  -47.434  -26.082 1.0000000000
35206  43.599  -47.428  -14.488 0.5000000000
135029  41.960  -46.226  -15.173 0.5000000000
34449  35.602  -49.286  -22.249 1.0000000000
38269  41.263  -44.105  -15.671 0.6999999881
36988  38.146  -45.467  -27.163 1.0000000000
35338  36.810  -46.750  -25.878 1.0000000000
35289  36.664  -47.377  -20.729 1.0000000000
40002  42.980  -41.383  -26.149 0.8000000119
38389  39.381  -43.645  -25.081 1.0000000000
42900  41.723  -39.077  -27.357 0.8000000119
39116  38.873  -42.609  -27.266 1.0000000000
37704  38.985  -44.101  -25.765 1.0000000000
40963  38.909  -40.586  -27.146 0.8000000119
39086  39.543  -42.585  -22.922 1.0000000000
37662  38.420  -44.107  -21.092 1.0000000000
40950  39.639  -40.793  -24.023 1.0000000000
41890  42.439  -39.273  -21.963 0.6999999881
48641  41.296  -32.299  -21.187 0.4000000060
33466  29.354  -49.588  -16.673 1.0000000000
34363  31.153  -48.423  -15.536 1.0000000000
135814  35.759  -43.881  -17.534 1.0000000000
131750  41.485  -32.774  -20.735 0.4000000060
47676  40.903  -33.150  -21.235 0.5000000000
48715  38.338  -32.291  -28.402 0.4000000060
48711  38.552  -32.281  -28.234 0.4000000060
37596  34.707  -44.417  -16.663 1.0000000000
47718  39.469  -33.730  -25.108 0.5000000000
38313  30.883  -43.113  -17.950 0.8000000119
45764  38.107  -35.133  -26.336 0.5000000000
43857  38.539  -37.703  -24.983 0.5000000000
41902  39.096  -39.792  -22.337 0.6999999881
42866  38.626  -38.565  -22.501 0.6000000238
42853  38.181  -38.417  -21.149 0.5000000000
41876  38.355  -39.664  -20.594 0.5000000000
43805  37.797  -37.975  -20.391 0.5000000000
39027  31.692  -41.735  -17.663 0.6999999881
39909  31.821  -40.923  -18.176 0.6999999881
44719  31.679  -36.401  -18.607 0.3000000119
31656  40.634  -51.436  -24.381 0.5000000000
31640  39.917  -50.854  -23.729 0.5000000000
32612  38.523  -50.500  -23.596 0.5000000000
29710  40.191  -52.877  -24.844 0.5000000000
30624  39.293  -52.631  -24.243 0.5000000000
30642  42.583  -52.885  -26.488 0.5000000000
31666  41.291  -51.916  -25.023 0.5000000000
31667  40.612  -52.163  -24.744 0.5000000000
140447  43.817  -52.720  -26.880 0.5000000000
30639  46.055  -52.634  -26.709 0.4000000060
31664  45.071  -51.487  -26.398 0.5000000000
30621  46.168  -52.077  -25.836 0.4000000060
32638  46.441  -51.210  -26.215 0.5000000000
138110  43.994  -52.557  -24.885 0.5000000000
31651  46.426  -51.305  -25.237 0.5000000000
30529  28.734  -52.149  -16.178 0.6999999881
142422  27.108  -53.231  -17.272 0.6999999881
127803  31.391  -52.331  -15.460 0.8000000119
31554  33.745  -51.590  -17.346 0.8000000119
30510  32.564  -52.555  -15.877 0.8000000119
32522  33.839  -50.860  -17.980 0.8999999762
30545  27.399  -52.532  -17.301 0.6999999881
31521  32.597  -51.788  -15.723 0.8999999762
31522  31.963  -51.628  -15.455 0.8999999762
126351  33.958  -50.829  -17.052 0.8999999762
32539  34.121  -50.121  -18.578 0.8999999762
31556  27.784  -51.650  -17.375 0.6000000238
31538  29.066  -51.356  -16.211 0.8000000119
32487  33.159  -51.221  -15.881 0.8999999762
141401  34.026  -50.160  -16.877 0.8999999762
33500  34.410  -49.333  -18.200 0.8999999762
41825  43.104  -39.441  -16.364 0.5000000000
40857  42.305  -40.668  -16.220 0.5000000000
40858  41.635  -40.419  -16.740 0.5000000000
39871  42.329  -41.422  -15.913 0.6000000238
122883  41.695  -41.216  -16.365 0.5000000000
39904  41.209  -41.111  -16.975 0.5000000000
38994  42.436  -42.178  -15.678 0.6000000238
31569  27.316  -51.409  -18.135 0.6000000238
144818  28.805  -50.927  -16.658 0.8999999762
32488  31.797  -50.848  -15.335 0.8999999762
31524  30.409  -51.371  -15.667 0.8999999762
128943  33.021  -50.373  -15.733 0.8999999762
33482  34.250  -49.410  -17.133 0.8999999762
145483  34.600  -48.744  -18.291 0.8999999762
42796  42.094  -38.233  -17.351 0.5000000000
43761  41.795  -37.717  -17.874 0.5000000000
42782  42.610  -38.371  -16.819 0.5000000000
42783  42.033  -38.909  -16.991 0.5000000000
42797  41.541  -38.670  -17.749 0.5000000000
42781  43.213  -38.703  -16.523 0.5000000000
125276  42.637  -39.019  -16.590 0.5000000000
32504  29.405  -50.532  -16.324 0.8999999762
31555  28.438  -50.953  -17.260 0.6999999881
32490  30.140  -50.601  -15.795 0.8999999762
133689  32.355  -50.177  -15.433 0.8999999762
33464  33.408  -49.680  -16.022 0.8999999762
34374  34.313  -48.502  -16.883 0.8999999762
43741  42.662  -37.469  -17.206 0.5000000000
124478  41.478  -38.052  -18.528 0.5000000000
43740  43.587  -37.465  -16.866 0.5000000000
42780  43.936  -38.281  -16.598 0.5000000000
135555  30.599  -50.038  -15.573 0.8999999762
128545  32.188  -49.323  -15.423 0.8999999762
34360  33.327  -48.825  -15.873 0.8999999762
44698  42.828  -36.473  -17.501 0.5000000000
44699  42.128  -36.819  -17.979 0.5000000000
43760  43.330  -36.875  -17.175 0.5000000000
45644  43.086  -35.687  -17.671 0.4000000060
34416  26.667  -49.121  -20.199 0.6000000238
34427  26.474  -48.952  -21.320 0.6000000238
34403  27.640  -48.910  -18.832 0.8000000119
34415  27.232  -48.571  -19.594 0.6999999881
34426  26.803  -48.281  -20.579 0.6999999881
35293  26.790  -48.244  -21.855 0.6999999881
34464  26.861  -48.201  -23.686 0.6999999881
34414  27.874  -48.148  -19.077 0.8000000119
35247  28.843  -48.111  -17.823 0.8000000119
35280  27.454  -47.683  -19.892 0.6999999881
35292  27.049  -47.524  -21.036 0.6999999881
35304  27.222  -47.602  -22.383 0.6999999881
36123  27.439  -46.863  -21.433 0.6999999881
36133  27.602  -46.926  -22.733 0.6999999881
35262  29.113  -47.252  -18.236 0.8000000119
36097  28.653  -46.901  -19.020 0.8000000119
36074  29.891  -46.870  -17.040 0.8000000119
36132  27.941  -46.231  -21.755 0.6999999881
36122  28.015  -46.431  -20.552 0.6999999881
36112  29.069  -46.050  -19.327 0.8000000119
36085  30.092  -46.193  -17.494 0.8000000119
36924  28.585  -45.948  -20.071 0.6999999881
141365  29.645  -45.505  -19.366 0.8000000119
136552  29.681  -44.943  -21.606 0.6000000238
36883  30.556  -45.574  -17.105 0.8000000119
36908  29.664  -45.790  -18.708 0.8000000119
37650  29.851  -44.961  -20.765 0.6000000238
37678  30.318  -44.275  -22.784 0.6000000238
37640  30.090  -45.122  -19.840 0.8000000119
37664  30.254  -44.445  -21.568 0.6000000238
38355  30.710  -43.741  -22.166 0.6000000238
36907  30.122  -45.221  -18.960 0.8000000119
38369  30.803  -43.662  -23.240 0.6000000238
37649  30.419  -44.490  -20.382 0.6999999881
38342  30.731  -43.613  -20.990 0.6000000238
38368  31.312  -43.230  -22.741 0.6999999881
39088  31.736  -42.575  -23.304 0.6000000238
38341  31.114  -43.030  -20.196 0.6999999881
29708  43.753  -53.393  -25.293 0.4000000060
30622  45.212  -52.349  -25.435 0.5000000000
31652  45.725  -51.598  -24.877 0.5000000000
125577  43.946  -51.763  -26.326 0.5000000000
31665  42.867  -52.111  -26.056 0.5000000000
33510  34.381  -49.419  -19.165 0.8999999762
45643  43.811  -35.525  -17.613 0.3000000119
35263  28.494  -47.730  -18.612 0.8000000119
30633  41.909  -52.387  -25.719 0.5000000000
31674  44.898  -52.281  -26.877 0.5000000000
30528  29.661  -51.976  -15.759 0.8000000119
40856  43.096  -40.297  -16.151 0.5000000000
35279  28.153  -47.524  -19.282 0.8000000119
128382  27.539  -47.058  -20.486 0.6999999881
36096  29.324  -46.474  -18.541 0.8000000119
36946  28.568  -45.691  -22.057 0.6999999881
36923  29.304  -45.509  -20.172 0.6999999881
36039  44.842  -46.456  -14.730 0.4000000060
131416  45.448  -46.019  -15.234 0.4000000060
36843  44.032  -45.399  -14.817 0.4000000060
36842  44.683  -45.681  -15.005 0.4000000060
37577  44.022  -44.132  -15.271 0.5000000000
36858  46.047  -45.564  -15.761 0.4000000060
36069  46.727  -46.010  -16.120 0.4000000060
38266  43.455  -43.348  -15.482 0.5000000000
38993  43.250  -42.430  -15.638 0.5000000000
146773  44.878  -43.682  -16.119 0.5000000000
38281  45.515  -43.741  -16.566 0.4000000060
37576  44.879  -44.272  -15.757 0.4000000060
36891  46.940  -44.853  -17.033 0.4000000060
37593  46.334  -44.401  -16.758 0.4000000060
36859  45.226  -45.193  -15.494 0.4000000060
36876  47.208  -45.601  -16.728 0.4000000060
39870  43.039  -41.650  -15.752 0.5000000000
38265  44.355  -43.518  -15.750 0.5000000000
38295  46.300  -43.713  -17.267 0.4000000060
37609  46.744  -44.261  -17.301 0.4000000060
37635  48.651  -43.887  -19.216 0.4000000060
37622  48.176  -44.176  -18.576 0.4000000060
144599  47.201  -44.478  -17.516 0.4000000060
37634  49.442  -44.262  -19.471 0.4000000060
37621  48.975  -44.735  -18.672 0.4000000060
39869  43.708  -41.892  -15.832 0.5000000000
39009  44.807  -42.364  -16.491 0.5000000000
38282  45.285  -42.919  -16.755 0.4000000060
40925  51.296  -40.024  -22.085 0.3000000119
40940  51.016  -41.053  -22.513 0.3000000119
38294  46.987  -43.787  -17.815 0.4000000060
39978  50.723  -41.981  -22.964 0.3000000119
39979  50.076  -42.253  -22.349 0.3000000119
39068  49.686  -42.625  -21.791 0.3000000119
39058  49.054  -42.330  -20.989 0.3000000119
38324  48.355  -43.141  -19.644 0.4000000060
123370  47.998  -43.452  -19.041 0.4000000060
38309  47.528  -43.648  -18.476 0.4000000060
38363  50.205  -42.935  -22.642 0.3000000119
38337  49.488  -43.145  -21.037 0.3000000119
38323  49.093  -43.446  -19.920 0.4000000060
125015  44.354  -41.046  -16.355 0.4000000060
39885  45.030  -41.413  -16.644 0.4000000060
39023  45.989  -42.318  -17.662 0.4000000060
39008  45.427  -42.259  -17.045 0.4000000060
41888  50.663  -39.489  -21.411 0.3000000119
41889  49.909  -39.874  -21.001 0.3000000119
40926  50.419  -40.431  -21.655 0.3000000119
40927  49.569  -40.789  -21.323 0.3000000119
142555  48.814  -41.714  -20.893 0.3000000119
39930  48.101  -41.648  -20.089 0.4000000060
38325  47.854  -42.852  -19.385 0.4000000060
129533  47.482  -42.953  -18.904 0.4000000060
39958  50.121  -41.370  -22.038 0.3000000119
39959  49.386  -41.750  -21.489 0.3000000119
39942  48.456  -42.040  -20.495 0.3000000119
39887  43.627  -41.131  -16.032 0.4000000060
41865  48.321  -39.049  -19.643 0.3000000119
138302  47.690  -39.385  -19.270 0.3000000119
40887  47.144  -40.659  -18.833 0.4000000060
40888  46.696  -40.357  -18.327 0.4000000060
40870  46.204  -40.651  -17.690 0.4000000060
39903  45.703  -41.475  -17.361 0.4000000060
41873  49.462  -39.297  -20.445 0.3000000119
41874  48.756  -39.625  -20.100 0.3000000119
41866  47.586  -40.272  -19.300 0.3000000119
40900  47.527  -41.002  -19.320 0.4000000060
39917  46.720  -41.094  -18.374 0.4000000060
39902  46.330  -41.617  -17.949 0.4000000060
138928  48.529  -40.468  -20.224 0.3000000119
40899  48.012  -40.899  -19.815 0.3000000119
39931  47.702  -41.631  -19.602 0.4000000060
39916  47.218  -41.536  -18.946 0.4000000060
39022  46.563  -42.373  -18.204 0.4000000060
40909  49.137  -40.287  -20.623 0.3000000119
40910  48.487  -41.248  -20.451 0.3000000119
39049  47.547  -42.287  -19.271 0.4000000060
140648  47.098  -42.331  -18.703 0.4000000060
42795  44.835  -38.266  -16.882 0.4000000060
132446  45.331  -38.998  -17.040 0.4000000060
42779  44.578  -39.039  -16.644 0.4000000060
41823  44.319  -39.804  -16.528 0.4000000060
42813  46.707  -38.922  -18.243 0.3000000119
131226  46.079  -38.948  -17.592 0.4000000060
41839  45.747  -39.772  -17.320 0.4000000060
40854  44.741  -40.516  -16.579 0.4000000060
132424  47.307  -38.798  -18.787 0.4000000060
41855  46.441  -39.717  -17.951 0.4000000060
40871  45.429  -40.590  -17.021 0.4000000060
36146  28.194  -46.341  -23.149 0.6000000238
36147  27.621  -46.932  -23.866 0.6000000238
36960  29.341  -45.081  -23.122 0.5000000000
36969  29.238  -45.153  -23.988 0.5000000000
37691  30.264  -44.118  -23.703 0.5000000000
38383  30.797  -43.550  -24.027 0.5000000000
38382  31.266  -42.999  -24.327 0.5000000000
39101  31.696  -42.650  -24.139 0.4000000060
46711  29.657  -34.733  -24.115 0.3000000119
142963  30.183  -34.445  -24.823 0.3000000119
46710  30.854  -34.599  -25.595 0.3000000119
48643  29.456  -32.739  -21.657 0.3000000119
47696  29.091  -33.258  -22.100 0.3000000119
46686  29.183  -34.121  -23.253 0.3000000119
47711  28.845  -33.177  -23.626 0.3000000119
47720  30.377  -33.815  -25.325 0.3000000119
134053  31.020  -33.944  -26.189 0.3000000119
47735  30.698  -33.151  -25.938 0.3000000119
49583  30.396  -31.228  -21.694 0.3000000119
133869  29.297  -32.068  -22.151 0.3000000119
48664  28.649  -32.500  -23.155 0.3000000119
49600  28.708  -31.745  -23.581 0.3000000119
47722  29.171  -32.921  -24.377 0.3000000119
48686  29.419  -32.187  -24.866 0.3000000119
48699  30.312  -32.474  -25.637 0.3000000119
48698  30.794  -32.452  -26.615 0.3000000119
48706  30.791  -32.115  -27.074 0.3000000119
50534  31.129  -30.607  -21.701 0.3000000119
50548  30.288  -30.474  -22.310 0.3000000119
49585  28.812  -31.846  -22.748 0.3000000119
49599  29.056  -31.121  -23.223 0.3000000119
49613  28.854  -31.669  -24.235 0.3000000119
51561  29.569  -29.690  -24.019 0.3000000119
49612  29.393  -31.212  -24.850 0.3000000119
49621  30.294  -31.656  -25.877 0.3000000119
132604  30.736  -31.684  -26.810 0.3000000119
51531  32.738  -29.267  -21.508 0.3000000119
51544  31.276  -29.297  -22.386 0.3000000119
51545  30.426  -29.686  -22.724 0.3000000119
51560  30.122  -29.304  -23.444 0.3000000119
50578  29.465  -30.300  -24.717 0.3000000119
50586  30.047  -30.734  -25.830 0.3000000119
52537  30.116  -29.058  -25.571 0.3000000119
52499  32.943  -28.507  -22.062 0.3000000119
52512  31.583  -28.541  -22.711 0.3000000119
52513  30.759  -28.878  -22.955 0.3000000119
52527  31.089  -28.174  -23.300 0.3000000119
135718  30.185  -28.584  -24.699 0.3000000119
53542  33.290  -27.214  -22.473 0.3000000119
53544  31.854  -27.800  -23.027 0.3000000119
54538  32.289  -26.243  -23.594 0.3000000119
53558  31.327  -27.433  -23.630 0.3000000119
54529  32.945  -26.728  -23.090 0.3000000119
56506  33.927  -24.969  -23.447 0.3000000119
57413  35.202  -23.717  -23.157 0.3000000119
37607  48.299  -44.898  -18.053 0.4000000060
35217  45.618  -46.818  -14.920 0.4000000060
36054  46.217  -46.408  -15.512 0.4000000060
36081  47.885  -46.041  -17.072 0.4000000060
36068  47.396  -46.449  -16.465 0.4000000060
36093  48.815  -45.403  -18.167 0.4000000060
39977  51.532  -41.727  -23.721 0.3000000119
39990  51.207  -42.594  -23.814 0.3000000119
39084  50.564  -42.844  -23.292 0.3000000119
38351  50.216  -43.294  -22.262 0.3000000119
38336  50.425  -43.693  -21.631 0.3000000119
37646  49.942  -43.827  -20.374 0.3000000119
42836  48.987  -38.689  -20.002 0.3000000119
41872  50.238  -38.945  -20.805 0.3000000119
43759  45.094  -37.650  -17.198 0.4000000060
43758  45.727  -37.443  -17.550 0.4000000060
42794  46.363  -38.097  -17.923 0.4000000060
42812  47.385  -37.984  -18.882 0.3000000119
42825  47.802  -38.489  -19.319 0.3000000119
44684  44.026  -36.813  -17.157 0.4000000060
35318  27.320  -47.662  -23.535 0.6000000238
53519  33.748  -27.958  -21.107 0.3000000119
53535  33.497  -27.779  -21.843 0.3000000119
140494  34.324  -25.810  -22.305 0.3000000119
55538  34.671  -25.109  -22.439 0.3000000119
57403  35.118  -23.841  -22.524 0.3000000119
41887  51.428  -39.101  -21.831 0.3000000119
36040  44.051  -46.112  -14.712 0.4000000060
37578  43.147  -44.171  -15.177 0.5000000000
134035  46.396  -43.059  -17.821 0.4000000060
41840  45.107  -39.777  -16.718 0.4000000060
128946  31.821  -29.837  -21.737 0.3000000119
52528  30.421  -28.617  -23.705 0.3000000119
53559  30.639  -27.909  -24.048 0.3000000119
57402  35.435  -23.190  -22.844 0.3000000119
35204  44.941  -48.041  -14.400 0.3000000119
35216  46.357  -47.239  -15.276 0.3000000119
29670  31.725  -53.822  -20.977 0.6000000238
29669  32.103  -53.411  -20.510 0.6999999881
28727  32.288  -54.324  -19.381 0.6999999881
36053  46.920  -46.837  -15.846 0.3000000119
30541  38.012  -51.903  -17.391 0.3000000119
31535  39.710  -51.685  -17.088 0.3000000119
28665  31.674  -54.822  -15.681 0.6999999881
148159  45.540  -49.206  -14.627 0.3000000119
28701  32.748  -54.398  -17.276 0.6999999881
28715  32.427  -54.969  -18.034 0.6999999881
33449  46.432  -49.161  -15.133 0.3000000119
35215  47.062  -47.664  -15.615 0.3000000119
29644  32.821  -53.867  -18.838 0.6999999881
34356  47.055  -48.432  -15.525 0.3000000119
35243  48.663  -47.384  -17.275 0.3000000119
35232  48.182  -47.795  -16.661 0.3000000119
35233  47.536  -47.310  -16.256 0.3000000119
35258  49.758  -47.350  -18.269 0.3000000119
36079  49.180  -46.946  -17.794 0.3000000119
36067  48.061  -46.911  -16.827 0.3000000119
31533  41.397  -51.634  -16.539 0.3000000119
31520  42.927  -51.320  -15.533 0.4000000060
28664  31.937  -54.108  -15.647 0.6999999881
33436  45.739  -49.778  -14.735 0.3000000119
32477  43.833  -50.479  -14.740 0.3000000119
28681  32.373  -54.448  -16.320 0.6999999881
128669  32.894  -54.195  -18.086 0.6999999881
33462  47.460  -49.128  -15.877 0.3000000119
34371  48.228  -48.772  -16.582 0.3000000119
34397  49.831  -48.260  -18.293 0.3000000119
31532  42.260  -51.713  -16.003 0.4000000060
29595  30.291  -53.801  -15.143 0.6999999881
31518  44.382  -51.667  -14.966 0.3000000119
31511  44.270  -51.020  -14.800 0.3000000119
131082  46.997  -49.843  -15.567 0.3000000119
32485  46.297  -50.315  -15.135 0.3000000119
29632  33.405  -53.051  -17.314 0.6999999881
33461  47.996  -49.540  -16.417 0.3000000119
29643  33.241  -53.488  -18.153 0.6999999881
36902  49.410  -45.595  -18.486 0.3000000119
36080  48.528  -46.518  -17.434 0.3000000119
36092  50.294  -46.818  -18.729 0.3000000119
137661  49.614  -46.463  -18.355 0.3000000119
29593  31.721  -53.571  -15.511 0.6999999881
129928  46.496  -51.187  -15.457 0.3000000119
29612  33.055  -52.857  -16.422 0.6999999881
31530  47.585  -51.603  -16.520 0.3000000119
128213  47.615  -50.818  -16.320 0.3000000119
30553  33.437  -52.684  -18.229 0.6999999881
140031  50.623  -45.372  -19.502 0.3000000119
31517  46.618  -51.877  -15.790 0.3000000119
31568  33.591  -51.724  -18.368 0.6999999881
36919  49.885  -45.015  -19.021 0.3000000119
44696  45.887  -36.628  -17.815 0.3000000119
29693  31.748  -53.466  -23.570 0.5000000000
27796  31.961  -55.687  -18.433 0.6999999881
28754  31.592  -54.169  -21.530 0.6000000238
123649  31.796  -55.552  -20.193 0.6000000238
29692  31.925  -53.227  -22.312 0.6000000238
28650  29.641  -55.088  -14.893 0.6999999881
28667  29.562  -54.338  -15.076 0.6999999881
30523  41.635  -52.393  -16.377 0.3000000119
136991  28.896  -54.106  -15.258 0.6999999881
146014  43.028  -52.001  -15.599 0.4000000060
29597  28.614  -53.563  -15.649 0.6999999881
30508  43.777  -52.222  -15.307 0.4000000060
31519  43.635  -51.328  -15.153 0.4000000060
30512  29.128  -52.839  -15.695 0.6999999881
126011  45.193  -51.760  -15.121 0.3000000119
30506  45.462  -52.446  -15.588 0.3000000119
29603  45.390  -53.422  -16.275 0.3000000119
34347  45.661  -48.494  -14.692 0.3000000119
29594  31.061  -53.178  -15.275 0.6999999881
28728  31.792  -54.909  -19.820 0.6000000238
30519  46.658  -52.542  -16.234 0.3000000119
30521  43.184  -52.752  -15.833 0.3000000119
30625  38.576  -52.530  -23.830 0.5000000000
31659  35.760  -51.890  -24.835 0.5000000000
29714  34.941  -53.453  -24.608 0.5000000000
31642  38.238  -51.237  -23.549 0.4000000060
23282  30.567  -60.314  -15.437 0.4000000060
122633  27.729  -60.815  -15.285 0.5000000000
31644  36.375  -51.729  -23.943 0.4000000060
31643  37.278  -51.351  -23.688 0.5000000000
30635  34.870  -52.721  -26.089 0.5000000000
21596  27.218  -62.155  -19.886 0.4000000060
20762  27.026  -62.630  -22.195 0.4000000060
23283  29.922  -60.719  -15.017 0.5000000000
30638  32.898  -53.226  -25.614 0.4000000060
21618  26.101  -61.971  -22.897 0.4000000060
21631  25.287  -62.547  -23.533 0.4000000060
22466  27.563  -61.456  -20.161 0.4000000060
23273  27.786  -60.124  -15.012 0.5000000000
23297  26.719  -60.683  -17.384 0.4000000060
24152  30.603  -59.440  -15.416 0.5000000000
125890  31.645  -57.823  -17.446 0.4000000060
28763  31.525  -54.029  -22.469 0.5000000000
26919  31.874  -56.476  -19.631 0.4000000060
140186  31.792  -57.167  -18.892 0.4000000060
27835  31.692  -54.768  -21.832 0.4000000060
21620  24.270  -62.339  -22.405 0.4000000060
22446  18.182  -61.784  -17.493 0.4000000060
22473  27.793  -61.150  -21.642 0.4000000060
22443  20.299  -60.917  -17.678 0.4000000060
23285  26.716  -60.094  -16.444 0.5000000000
22452  27.400  -60.950  -19.393 0.4000000060
23315  20.826  -60.399  -18.134 0.4000000060
24143  28.367  -59.615  -14.712 0.5000000000
24208  22.730  -59.516  -19.338 0.4000000060
24190  21.362  -59.838  -18.560 0.4000000060
24142  29.323  -59.328  -14.721 0.5000000000
25032  29.455  -58.520  -14.673 0.5000000000
25113  23.224  -58.929  -19.949 0.4000000060
25133  21.704  -58.388  -19.923 0.4000000060
25045  30.607  -58.553  -15.408 0.5000000000
25044  31.080  -58.080  -15.953 0.6000000238
124042  31.660  -57.062  -18.070 0.6000000238
26906  31.763  -56.419  -18.718 0.5000000000
21569  18.967  -62.347  -17.560 0.4000000060
22444  19.791  -61.379  -17.538 0.4000000060
21607  24.420  -61.997  -21.293 0.4000000060
22456  21.009  -61.332  -18.274 0.4000000060
24176  26.550  -59.743  -17.792 0.5000000000
23334  27.585  -60.485  -21.459 0.4000000060
22454  22.410  -61.073  -19.006 0.4000000060
24168  26.521  -59.438  -16.841 0.5000000000
24206  24.477  -59.970  -20.075 0.4000000060
24189  22.214  -60.124  -18.841 0.4000000060
25034  27.908  -58.769  -14.713 0.5000000000
25960  30.597  -57.662  -15.354 0.5000000000
25131  23.735  -58.396  -20.901 0.4000000060
25959  31.115  -57.234  -15.815 0.6000000238
125354  31.808  -56.275  -17.845 0.6000000238
21582  20.745  -62.114  -18.466 0.4000000060
22482  27.465  -61.142  -22.159 0.4000000060
22469  22.002  -61.790  -19.206 0.4000000060
22468  22.696  -61.675  -19.641 0.4000000060
23336  25.364  -60.147  -20.712 0.4000000060
25065  26.533  -58.638  -16.567 0.5000000000
24217  26.209  -59.525  -21.553 0.4000000060
24219  24.163  -59.201  -20.379 0.4000000060
147926  28.323  -58.260  -14.640 0.5000000000
25130  24.892  -58.566  -21.418 0.4000000060
141324  32.118  -55.610  -17.683 0.6000000238
26878  31.608  -56.167  -16.367 0.6000000238
26859  30.667  -56.716  -15.231 0.6000000238
21609  21.871  -62.590  -20.450 0.4000000060
21598  22.186  -62.184  -19.793 0.4000000060
22474  25.668  -60.872  -21.102 0.4000000060
23329  23.827  -60.544  -19.705 0.4000000060
134696  26.454  -58.879  -17.456 0.5000000000
24204  27.476  -59.965  -20.756 0.5000000000
23342  26.972  -59.701  -21.897 0.5000000000
24205  27.122  -59.261  -20.104 0.5000000000
25127  27.310  -58.873  -22.125 0.5000000000
25961  27.183  -57.891  -15.478 0.5000000000
25076  26.443  -58.115  -17.193 0.5000000000
125280  26.579  -58.640  -19.277 0.5000000000
25129  25.976  -58.759  -21.943 0.4000000060
25947  28.512  -57.648  -14.612 0.6000000238
26056  26.613  -58.007  -22.266 0.5000000000
25145  25.535  -57.933  -22.512 0.4000000060
27762  31.931  -55.354  -16.361 0.6000000238
145053  30.979  -55.979  -15.328 0.6000000238
140268  27.323  -57.108  -15.408 0.6000000238
125241  26.460  -57.493  -17.012 0.5000000000
134508  26.503  -58.032  -20.938 0.5000000000
26842  29.352  -56.325  -14.604 0.6000000238
128597  26.406  -56.933  -17.292 0.6000000238
26017  26.241  -57.852  -18.633 0.5000000000
27726  29.862  -55.791  -14.720 0.6000000238
135212  30.966  -55.229  -15.205 0.6000000238
28718  25.482  -54.244  -18.518 0.5000000000
28703  26.521  -54.576  -17.428 0.6000000238
130219  25.768  -55.073  -18.130 0.5000000000
28682  27.515  -54.545  -16.010 0.6000000238
27782  26.487  -55.567  -17.359 0.6000000238
27798  25.285  -55.852  -18.796 0.5000000000
26934  25.465  -57.048  -21.022 0.5000000000
129849  27.729  -56.089  -15.219 0.6000000238
26907  26.127  -56.967  -18.139 0.5000000000
26031  25.783  -57.471  -20.159 0.5000000000
26057  25.709  -57.423  -22.239 0.5000000000
26071  25.126  -57.215  -22.817 0.5000000000
142496  26.613  -53.720  -17.599 0.5000000000
29645  26.094  -53.538  -18.249 0.5000000000
29614  28.317  -52.945  -16.183 0.6000000238
29598  27.829  -53.697  -16.072 0.6000000238
27797  25.934  -56.061  -18.103 0.6000000238
26908  25.623  -56.758  -18.911 0.5000000000
27747  27.945  -55.104  -15.385 0.6000000238
27764  26.911  -55.729  -16.603 0.6000000238
29725  33.470  -53.573  -25.778 0.4000000060
28775  31.510  -54.246  -23.523 0.4000000060
30644  34.357  -52.358  -26.273 0.5000000000
30636  34.305  -52.943  -26.189 0.4000000060
27746  28.382  -55.555  -14.963 0.6000000238
30616  37.000  -52.381  -23.483 0.5000000000
28784  34.244  -53.959  -24.987 0.5000000000
30617  35.971  -52.454  -23.914 0.5000000000
29723  34.580  -53.243  -25.662 0.5000000000
24153  29.994  -59.846  -14.954 0.5000000000
21616  27.776  -61.733  -22.129 0.4000000060
22488  26.972  -61.846  -22.933 0.4000000060
24177  19.971  -60.087  -17.797 0.4000000060
24209  21.800  -59.160  -19.121 0.4000000060
22475  24.596  -61.327  -20.612 0.4000000060
122848  26.843  -60.545  -21.757 0.4000000060
21599  21.539  -62.382  -19.590 0.4000000060
122808  26.644  -56.324  -16.903 0.6000000238
23305  18.446  -60.472  -17.623 0.3000000119
25091  20.987  -59.156  -18.795 0.3000000119
24178  19.006  -59.831  -17.736 0.3000000119
25115  20.930  -58.578  -19.422 0.3000000119
24192  19.590  -59.340  -18.218 0.3000000119
25092  20.164  -58.758  -18.784 0.3000000119
24193  18.610  -59.114  -18.223 0.3000000119
20793  26.615  -62.525  -23.043 0.4000000060
20801  26.136  -62.706  -23.537 0.4000000060
21567  20.338  -61.729  -17.869 0.4000000060
21568  19.694  -62.068  -17.650 0.4000000060
21581  21.364  -61.981  -18.817 0.4000000060
21583  19.579  -62.775  -18.082 0.4000000060
21595  27.701  -61.770  -21.130 0.4000000060
21600  20.814  -62.557  -19.222 0.4000000060
21606  27.071  -62.577  -21.305 0.4000000060
21608  22.716  -62.249  -20.391 0.4000000060
21617  27.411  -62.176  -22.613 0.4000000060
21619  25.157  -62.157  -22.305 0.4000000060
21628  27.453  -61.774  -22.582 0.4000000060
21629  26.843  -62.243  -23.087 0.4000000060
21630  26.263  -62.564  -23.401 0.4000000060
22415  28.445  -60.557  -14.886 0.5000000000
22445  18.950  -61.405  -17.448 0.4000000060
22453  27.145  -61.591  -19.032 0.4000000060
22455  21.695  -61.390  -18.728 0.4000000060
22467  23.976  -61.106  -19.962 0.4000000060
22476  23.580  -61.685  -20.293 0.4000000060
22481  27.693  -61.351  -22.120 0.4000000060
22483  26.617  -61.308  -22.126 0.4000000060
22484  25.461  -61.601  -21.595 0.4000000060
23272  29.212  -60.205  -14.778 0.5000000000
23281  31.126  -59.897  -15.988 0.4000000060
23284  27.225  -60.112  -15.594 0.5000000000
23296  27.043  -60.939  -16.126 0.5000000000
23304  19.441  -60.664  -17.545 0.4000000060
23314  21.615  -60.709  -18.527 0.4000000060
23326  27.661  -60.785  -20.659 0.4000000060
23327  27.350  -60.154  -19.753 0.5000000000
23328  24.584  -60.671  -20.273 0.4000000060
23330  23.028  -60.395  -19.267 0.4000000060
23335  26.266  -60.208  -21.391 0.4000000060
23340  27.561  -60.686  -21.710 0.4000000060
23341  27.405  -59.972  -21.595 0.4000000060
24141  30.092  -58.983  -14.873 0.5000000000
24151  31.186  -58.991  -15.957 0.5000000000
24154  26.813  -59.238  -15.878 0.5000000000
24188  26.850  -59.629  -18.951 0.5000000000
24191  20.508  -59.580  -18.348 0.3000000119
24207  23.608  -59.754  -19.642 0.4000000060
24215  27.375  -59.600  -21.806 0.5000000000
24216  27.315  -58.888  -21.395 0.5000000000
24218  25.219  -59.385  -20.826 0.4000000060
24224  27.273  -59.114  -22.173 0.5000000000
24225  26.878  -58.898  -22.342 0.5000000000
25031  30.100  -58.119  -14.874 0.5000000000
25033  28.704  -58.783  -14.631 0.5000000000
25046  27.311  -58.589  -15.315 0.5000000000
25047  26.771  -58.299  -15.861 0.5000000000
25064  31.498  -58.460  -16.674 0.4000000060
25093  19.290  -58.744  -18.559 0.3000000119
25112  26.844  -58.582  -20.669 0.5000000000
25114  22.428  -58.787  -19.670 0.4000000060
25128  27.041  -58.349  -21.916 0.5000000000
25132  22.581  -58.233  -20.536 0.4000000060
25143  26.894  -58.550  -22.245 0.4000000060
25144  26.442  -58.393  -22.333 0.5000000000
25146  24.393  -57.853  -22.041 0.4000000060
25154  26.048  -57.839  -22.422 0.4000000060
25155  25.214  -57.329  -22.725 0.5000000000
25945  30.142  -57.280  -14.770 0.6000000238
25946  29.404  -57.673  -14.600 0.5000000000
25962  26.837  -57.547  -15.887 0.6000000238
25980  31.406  -57.562  -16.537 0.6000000238
25981  26.570  -57.858  -16.459 0.5000000000
26002  26.360  -57.574  -17.711 0.5000000000
26030  26.252  -58.072  -19.788 0.5000000000
26043  26.367  -57.701  -21.669 0.5000000000
26058  24.782  -57.432  -22.799 0.5000000000
26841  30.093  -56.503  -14.706 0.6000000238
26843  28.530  -56.230  -14.722 0.6000000238
26844  28.023  -56.962  -14.756 0.6000000238
26858  31.248  -56.442  -15.738 0.6000000238
26879  27.063  -56.388  -16.063 0.6000000238
26880  26.662  -57.073  -16.484 0.6000000238
26920  25.192  -56.585  -19.758 0.5000000000
26946  31.923  -55.442  -21.161 0.4000000060
27725  30.512  -55.930  -14.978 0.6000000238
27727  29.068  -55.607  -14.713 0.6000000238
27745  31.428  -55.646  -15.724 0.6000000238
27761  32.343  -55.142  -17.093 0.6999999881
27763  27.320  -55.447  -15.954 0.6000000238
27781  31.952  -55.902  -17.057 0.6000000238
27808  31.818  -55.704  -19.311 0.5000000000
27818  37.016  -55.255  -20.592 0.5000000000
27820  31.708  -54.664  -20.804 0.6000000238
27845  38.030  -55.987  -22.035 0.5000000000
28649  30.293  -55.351  -14.960 0.6000000238
28651  28.775  -54.838  -15.006 0.6000000238
28666  30.342  -54.665  -15.081 0.6999999881
28668  28.224  -54.289  -15.516 0.6999999881
28683  26.958  -54.948  -16.664 0.6000000238
28702  27.150  -53.960  -16.802 0.6000000238
28716  32.082  -55.038  -18.962 0.6999999881
28717  26.116  -54.228  -17.994 0.5000000000
28725  36.978  -54.011  -19.835 0.4000000060
28742  31.920  -54.091  -20.195 0.6000000238
28753  37.580  -54.869  -21.154 0.5000000000
28760  39.972  -54.357  -23.090 0.6999999881
28762  38.696  -54.789  -22.237 0.5000000000
29589  44.898  -52.988  -15.777 0.3000000119
29590  44.033  -52.919  -15.756 0.3000000119
29596  29.433  -53.585  -15.333 0.6999999881
29613  32.434  -53.465  -15.925 0.6999999881
29615  27.607  -53.097  -16.707 0.6000000238
29633  32.958  -53.699  -16.741 0.6999999881
29654  37.023  -53.252  -19.450 0.3000000119
29655  36.687  -53.303  -18.632 0.4000000060
29656  32.472  -53.440  -19.693 0.6999999881
29680  38.399  -53.643  -21.458 0.5000000000
29681  37.791  -54.033  -20.966 0.5000000000
29682  32.036  -53.075  -21.281 0.6000000238
29683  31.704  -53.661  -21.691 0.6000000238
29703  37.981  -52.880  -23.670 0.5000000000
29705  35.649  -53.312  -23.926 0.5000000000
29706  32.071  -53.508  -24.919 0.4000000060
29715  31.596  -54.180  -24.409 0.4000000060
29719  43.667  -54.112  -25.581 0.4000000060
29720  41.669  -53.138  -26.042 0.5000000000
29724  34.019  -53.544  -25.836 0.5000000000
30505  46.157  -52.334  -15.748 0.3000000119
30507  44.603  -52.339  -15.376 0.3000000119
30509  33.117  -52.024  -16.151 0.8000000119
30511  30.609  -52.122  -15.499 0.8000000119
30520  45.930  -52.879  -15.977 0.3000000119
30526  38.780  -51.843  -17.020 0.3000000119
30530  27.976  -52.282  -16.675 0.6999999881
30542  37.332  -52.487  -17.623 0.3000000119
30544  33.508  -52.244  -16.804 0.6999999881
30552  37.305  -52.304  -18.524 0.4000000060
30566  36.948  -52.769  -18.834 0.4000000060
30580  37.622  -52.788  -20.022 0.5000000000
30589  39.309  -52.368  -21.692 0.5000000000
30599  41.185  -51.917  -22.878 0.6999999881
30612  41.753  -52.867  -23.792 0.6000000238
30614  38.803  -51.880  -23.725 0.5000000000
30615  37.939  -52.013  -23.542 0.4000000060
30618  32.280  -52.701  -24.155 0.6999999881
30623  42.774  -52.881  -24.403 0.5000000000
30626  35.235  -52.792  -25.061 0.5000000000
30628  32.576  -52.777  -25.077 0.6999999881
30629  46.468  -51.714  -25.970 0.5000000000
30630  46.029  -52.363  -26.518 0.4000000060
30634  41.074  -52.643  -25.349 0.5000000000
30637  33.696  -52.775  -26.040 0.5000000000
30640  45.677  -52.727  -26.997 0.4000000060
30641  44.865  -52.940  -27.332 0.5000000000
31509  45.767  -51.144  -14.945 0.3000000119
31510  44.959  -51.111  -14.733 0.3000000119
31516  47.108  -51.350  -15.969 0.3000000119
31523  31.219  -51.524  -15.482 0.8999999762
31531  47.103  -51.959  -16.197 0.3000000119
31534  40.550  -51.577  -16.919 0.3000000119
31536  33.545  -51.428  -16.537 0.8999999762
31537  29.712  -51.159  -15.940 0.8999999762
31539  28.443  -51.545  -16.709 0.6000000238
31551  40.233  -51.060  -17.337 0.5000000000
31553  38.541  -51.324  -17.886 0.4000000060
31581  37.640  -51.695  -19.022 0.4000000060
31594  39.182  -51.226  -20.762 0.5000000000
31595  38.532  -51.361  -20.217 0.5000000000
31598  32.964  -52.040  -19.960 0.8000000119
31627  39.983  -51.901  -22.027 0.6000000238
31628  33.186  -51.379  -22.953 0.8000000119
31641  39.085  -51.094  -23.512 0.5000000000
31646  32.658  -51.956  -23.515 0.6999999881
31650  46.612  -51.077  -25.513 0.5000000000
31654  42.169  -51.014  -24.855 0.6000000238
31657  39.771  -51.836  -24.193 0.5000000000
31660  35.379  -52.281  -26.091 0.5000000000
31663  45.968  -51.245  -26.455 0.5000000000
31669  34.252  -51.175  -26.250 0.8999999762
31670  33.836  -51.845  -26.020 0.6999999881
31671  46.261  -51.967  -26.394 0.4000000060
31672  46.159  -51.866  -26.479 0.5000000000
31673  45.682  -51.954  -26.663 0.5000000000
31675  35.964  -51.432  -26.922 0.8000000119
32475  45.396  -50.444  -14.669 0.3000000119
32476  44.575  -50.460  -14.573 0.3000000119
32484  47.046  -50.594  -15.729 0.3000000119
32489  30.970  -50.733  -15.506 0.8999999762
32498  47.551  -50.022  -16.096 0.3000000119
32502  33.813  -49.770  -16.516 0.8999999762
32503  33.570  -50.509  -16.327 0.8999999762
32505  28.853  -50.316  -16.947 0.6999999881
32517  41.886  -50.477  -17.124 0.5000000000
32519  39.901  -50.537  -17.847 0.4000000060
32521  34.166  -50.141  -17.613 0.8999999762
32538  38.890  -50.597  -18.793 0.4000000060
32551  38.667  -50.769  -19.483 0.4000000060
32553  33.581  -50.706  -19.927 0.8000000119
32568  42.795  -50.001  -20.094 0.6000000238
32572  26.200  -50.367  -20.623 0.6999999881
32585  44.926  -50.055  -21.439 0.8000000119
32588  40.513  -50.567  -21.075 0.6999999881
32589  39.765  -50.839  -20.968 0.6000000238
32590  34.025  -50.203  -21.927 0.8000000119
32597  45.242  -50.442  -22.508 0.6000000238
32598  44.407  -50.566  -22.142 0.6999999881
32601  33.609  -50.773  -22.438 0.8000000119
32605  46.412  -50.230  -24.359 0.6000000238
32606  46.320  -50.347  -23.869 0.6000000238
32607  45.648  -50.608  -23.392 0.6000000238
32610  40.103  -49.950  -23.543 0.6000000238
32613  37.854  -50.710  -23.727 0.6000000238
32618  46.480  -50.547  -25.000 0.6000000238
32620  44.965  -50.112  -25.082 0.6999999881
32624  40.805  -50.602  -23.969 0.5000000000
32625  37.981  -50.044  -23.979 0.6000000238
32628  46.572  -50.916  -25.728 0.5000000000
32629  46.321  -50.767  -25.936 0.6000000238
32631  44.281  -50.919  -25.713 0.6000000238
32632  43.007  -51.180  -25.447 0.5000000000
32635  34.384  -50.543  -25.985 0.8000000119
32637  46.521  -51.430  -26.102 0.5000000000
32640  36.474  -50.885  -27.087 0.8999999762
33437  44.896  -49.707  -14.409 0.3000000119
33438  44.119  -49.909  -14.451 0.3000000119
33450  32.862  -49.516  -15.647 0.8999999762
33451  31.479  -49.924  -15.354 0.8999999762
33452  29.937  -49.804  -15.925 0.8999999762
33463  42.560  -49.653  -16.572 0.4000000060
33467  28.803  -49.718  -17.245 0.8999999762
33484  28.451  -49.504  -17.727 0.6999999881
33502  27.550  -49.713  -18.679 0.6999999881
33508  43.644  -49.548  -19.606 0.6000000238
33521  34.852  -49.167  -20.744 1.0000000000
33542  45.755  -49.580  -22.717 0.6000000238
33543  36.182  -49.257  -23.057 1.0000000000
33544  35.468  -49.614  -23.036 1.0000000000
33554  41.794  -49.516  -23.732 0.6000000238
33557  38.747  -49.726  -23.752 0.6999999881
33559  35.396  -49.639  -23.873 0.8999999762
33564  46.358  -49.965  -24.478 0.6999999881
33566  44.138  -49.535  -24.396 0.6999999881
33569  38.302  -49.405  -24.444 0.6000000238
33572  34.753  -49.929  -25.500 0.8000000119
33574  45.937  -50.341  -25.407 0.6000000238
33580  37.714  -50.030  -27.167 0.8999999762
33582  35.557  -50.061  -26.771 0.8999999762
33583  38.211  -49.433  -27.195 0.8999999762
33584  37.461  -49.744  -27.256 0.8999999762
33585  36.766  -49.857  -27.245 0.8999999762
34348  44.878  -48.847  -14.390 0.3000000119
34350  42.800  -48.150  -14.879 0.4000000060
34357  46.420  -48.099  -15.137 0.3000000119
34362  31.954  -48.529  -15.395 1.0000000000
34372  47.615  -48.180  -16.068 0.3000000119
34376  30.466  -48.367  -15.926 0.8999999762
34377  29.889  -48.278  -16.448 0.8999999762
34385  48.743  -48.262  -17.200 0.3000000119
34398  43.344  -49.120  -18.574 0.6000000238
34402  28.262  -48.505  -18.422 0.8000000119
34412  35.495  -48.078  -19.582 1.0000000000
34422  44.481  -49.364  -20.782 0.8000000119
34461  39.819  -48.606  -23.688 0.6999999881
34462  37.119  -48.292  -23.553 1.0000000000
34469  38.623  -48.735  -25.108 0.8999999762
34475  35.730  -48.772  -25.782 1.0000000000
34476  39.352  -48.480  -27.390 0.8999999762
34479  35.788  -49.030  -26.486 1.0000000000
34480  38.591  -48.799  -27.420 0.8999999762
34481  36.879  -49.083  -27.050 1.0000000000
35207  42.895  -47.395  -14.667 0.4000000060
35220  33.229  -47.833  -15.724 1.0000000000
35222  31.622  -47.852  -15.484 1.0000000000
35234  41.599  -47.487  -16.352 0.5000000000
35246  29.451  -47.457  -17.467 0.8000000119
35274  43.538  -48.623  -19.584 0.6999999881
35277  36.366  -46.885  -20.028 1.0000000000
35291  28.056  -47.016  -19.794 0.6999999881
35305  27.061  -48.356  -23.137 0.6999999881
35314  45.134  -47.322  -23.035 0.8000000119
35316  37.460  -47.559  -21.992 1.0000000000
35317  36.984  -48.267  -22.098 1.0000000000
35324  42.382  -47.425  -23.927 0.6999999881
35325  41.224  -47.608  -23.870 0.6999999881
35330  44.537  -46.571  -24.294 0.8000000119
35335  36.872  -47.433  -25.145 1.0000000000
35336  36.327  -48.121  -25.525 1.0000000000
35337  40.553  -47.712  -27.641 0.8999999762
35341  39.968  -48.120  -27.570 0.8999999762
35342  36.937  -47.059  -27.173 1.0000000000
35346  38.763  -47.998  -27.607 0.8999999762
35348  36.938  -48.105  -27.043 1.0000000000
36042  42.417  -46.743  -14.906 0.5000000000
36055  41.819  -46.847  -15.389 0.5000000000
36058  32.326  -46.315  -15.533 1.0000000000
36072  34.210  -46.702  -16.310 1.0000000000
36073  30.454  -46.330  -16.678 0.8999999762
36086  29.581  -46.715  -17.811 0.8000000119
36094  41.424  -46.846  -18.058 0.6000000238
36113  28.454  -46.455  -19.726 0.6999999881
36130  42.682  -46.226  -21.505 0.6999999881
36145  38.136  -46.252  -22.624 1.0000000000
36159  44.597  -45.917  -24.383 0.8000000119
36166  42.728  -45.711  -26.067 0.8000000119
36167  41.888  -46.474  -26.628 0.8999999762
36168  41.251  -47.309  -27.394 0.8999999762
36170  36.619  -46.964  -26.578 1.0000000000
36173  41.248  -47.411  -27.976 0.8999999762
36176  38.827  -47.112  -27.581 1.0000000000
36860  44.408  -44.910  -15.178 0.4000000060
36862  41.090  -45.438  -15.800 0.6000000238
36863  40.861  -44.671  -16.047 0.6000000238
36864  33.304  -45.370  -15.714 1.0000000000
36877  46.521  -45.193  -16.410 0.4000000060
36879  40.740  -45.322  -16.504 0.6000000238
36880  34.341  -45.871  -16.330 1.0000000000
36889  48.381  -45.672  -17.666 0.4000000060
36890  47.657  -45.127  -17.430 0.4000000060
36897  29.750  -46.116  -18.119 0.8000000119
36901  50.122  -45.904  -18.851 0.3000000119
36904  40.742  -45.319  -18.265 0.6000000238
36905  36.205  -45.695  -18.740 1.0000000000
36933  29.275  -45.407  -21.261 0.6000000238
36934  28.580  -45.825  -20.922 0.6999999881
36945  29.259  -45.269  -22.259 0.5000000000
36973  44.476  -45.526  -24.767 0.8000000119
36975  38.457  -45.352  -24.554 1.0000000000
36980  44.224  -45.146  -26.243 0.8000000119
36987  38.611  -45.297  -27.321 1.0000000000
36989  37.550  -45.787  -27.029 1.0000000000
36990  44.445  -44.816  -28.297 0.6999999881
36991  44.010  -45.498  -28.877 0.8000000119
36992  43.354  -45.881  -28.693 0.8000000119
36993  41.917  -46.617  -28.352 0.8999999762
36997  44.354  -45.014  -28.930 0.8000000119
36999  43.906  -45.413  -29.079 0.8000000119
37581  31.994  -45.132  -15.792 0.8999999762
37594  45.783  -44.725  -16.115 0.4000000060
37608  47.625  -44.374  -18.005 0.4000000060
37613  31.161  -44.172  -16.950 0.8999999762
37636  40.970  -44.580  -19.505 0.6999999881
37638  36.856  -44.957  -19.275 1.0000000000
37665  29.732  -44.725  -22.413 0.5000000000
37679  29.727  -44.623  -23.379 0.6000000238
37687  44.618  -44.923  -24.953 0.8000000119
37690  39.021  -44.675  -23.937 1.0000000000
37692  29.603  -44.526  -24.008 0.5000000000
37696  44.205  -44.174  -25.164 0.8000000119
37702  44.535  -44.466  -25.998 0.8000000119
37705  38.494  -44.677  -26.386 1.0000000000
37710  44.561  -44.537  -28.572 0.6999999881
37714  38.836  -44.888  -27.357 1.0000000000
37715  44.379  -44.597  -29.055 0.8000000119
37716  44.167  -44.896  -29.242 0.8000000119
37717  43.824  -44.772  -29.236 0.8000000119
38267  42.673  -43.651  -15.305 0.6000000238
38296  45.750  -43.036  -17.288 0.4000000060
38299  35.733  -43.133  -17.312 1.0000000000
38310  46.961  -43.053  -18.385 0.4000000060
38329  37.790  -43.475  -19.766 1.0000000000
38338  48.715  -42.733  -20.299 0.4000000060
38339  41.341  -43.820  -20.754 0.8000000119
38352  41.616  -43.449  -21.679 0.8000000119
38365  41.888  -42.746  -22.419 0.6999999881
38367  38.739  -43.553  -21.738 1.0000000000
38381  39.505  -43.297  -23.481 1.0000000000
38396  38.967  -43.385  -26.359 1.0000000000
38397  44.857  -43.927  -28.146 0.6999999881
38399  39.421  -43.114  -27.236 1.0000000000
38401  44.696  -44.172  -28.538 0.6999999881
38402  44.386  -43.833  -28.876 0.6999999881
38992  44.138  -42.605  -15.869 0.5000000000
38995  41.788  -42.725  -15.643 0.6999999881
39010  41.200  -42.512  -16.186 0.6999999881
39035  37.233  -42.854  -18.475 1.0000000000
39048  48.069  -42.348  -19.861 0.4000000060
39051  40.659  -42.498  -19.181 0.6999999881
39060  31.119  -42.867  -21.142 0.8000000119
39071  38.912  -42.726  -21.492 1.0000000000
39107  39.325  -42.842  -25.570 1.0000000000
39111  43.413  -41.864  -25.610 0.6999999881
39117  43.612  -42.972  -28.777 0.6999999881
39120  41.402  -41.657  -27.807 0.8999999762
39886  44.299  -41.739  -16.196 0.5000000000
39888  41.207  -41.810  -16.551 0.6999999881
39935  37.903  -41.840  -19.293 0.8999999762
39936  31.360  -41.571  -19.574 0.6999999881
39941  48.970  -41.107  -20.914 0.3000000119
39943  41.404  -41.003  -20.460 0.6000000238
39962  39.285  -41.381  -22.119 0.8999999762
39981  42.076  -41.848  -22.263 0.6999999881
39992  39.662  -41.382  -23.631 1.0000000000
39993  32.282  -41.097  -25.025 0.5000000000
39994  32.122  -42.104  -24.300 0.5000000000
39998  39.419  -41.607  -24.861 1.0000000000
40001  43.322  -41.925  -27.051 0.8000000119
40005  40.509  -41.268  -27.454 1.0000000000
40847  42.868  -40.999  -15.897 0.6000000238
40855  43.961  -40.439  -16.362 0.4000000060
40861  33.751  -40.622  -16.791 0.6000000238
40890  40.753  -41.184  -18.327 0.6000000238
40911  41.589  -40.216  -20.546 0.6000000238
40912  38.561  -40.315  -20.896 0.6999999881
40928  42.369  -40.139  -22.019 0.6999999881
40955  32.183  -40.459  -25.544 0.4000000060
40959  38.745  -40.627  -26.324 0.8000000119
40960  32.042  -40.276  -25.708 0.4000000060
40965  42.820  -41.094  -29.047 0.8000000119
40968  40.047  -40.019  -27.651 0.8000000119
41824  43.806  -39.178  -16.463 0.5000000000
41826  42.302  -39.742  -16.535 0.5000000000
41827  41.593  -39.588  -17.229 0.5000000000
41829  34.564  -39.201  -16.602 0.5000000000
41841  41.247  -39.573  -18.062 0.6000000238
41844  35.798  -39.911  -16.915 0.5000000000
41854  47.082  -39.722  -18.686 0.3000000119
41868  38.070  -39.427  -19.765 0.5000000000
41875  41.760  -39.416  -20.506 0.6000000238
41901  39.447  -40.125  -23.236 0.8999999762
41911  39.069  -39.217  -23.051 0.6999999881
41917  42.335  -39.909  -24.346 0.8000000119
41918  41.732  -39.341  -24.604 0.8000000119
41921  32.223  -40.084  -25.670 0.4000000060
41927  38.683  -39.840  -26.101 0.8000000119
41931  39.151  -39.694  -27.317 0.8000000119
41937  41.717  -39.341  -29.188 0.8000000119
42784  35.327  -38.744  -16.717 0.3000000119
42801  32.760  -38.367  -17.316 0.4000000060
42827  37.778  -38.507  -19.633 0.5000000000
42852  38.506  -38.831  -21.786 0.6999999881
42902  38.594  -38.554  -26.849 0.6999999881
42904  42.046  -38.907  -28.791 0.8000000119
42905  41.643  -38.262  -28.967 0.6999999881
42910  40.732  -37.700  -29.007 0.6999999881
43739  44.400  -37.522  -16.949 0.5000000000
43742  35.368  -37.850  -16.741 0.3000000119
43827  38.381  -37.741  -22.679 0.5000000000
44685  35.340  -36.917  -16.758 0.3000000119
44687  33.406  -36.504  -17.027 0.3000000119
44697  43.568  -36.234  -17.394 0.3000000119
44701  36.730  -36.477  -17.646 0.3000000119
44703  32.718  -36.105  -17.478 0.3000000119
44715  42.446  -35.964  -18.079 0.5000000000
44726  37.534  -36.730  -19.436 0.4000000060
44727  30.998  -36.364  -19.814 0.3000000119
44739  31.132  -37.107  -20.208 0.3000000119
44759  30.684  -37.551  -22.102 0.3000000119
44775  38.103  -36.770  -23.803 0.4000000060
44788  38.316  -36.753  -24.799 0.5000000000
44811  40.502  -36.532  -28.670 0.6999999881
44812  40.205  -35.774  -28.907 0.5000000000
45628  35.322  -35.920  -16.958 0.3000000119
45647  34.450  -35.524  -16.931 0.3000000119
45661  42.733  -35.284  -18.102 0.4000000060
45663  37.341  -35.593  -18.530 0.3000000119
45664  32.244  -34.931  -17.889 0.3000000119
45665  31.713  -34.976  -18.335 0.3000000119
45673  37.544  -35.802  -19.384 0.3000000119
45698  37.544  -35.567  -21.235 0.4000000060
45699  30.269  -36.093  -21.076 0.3000000119
45707  41.110  -36.010  -22.084 0.6999999881
45740  29.856  -35.451  -24.021 0.3000000119
45752  38.162  -35.579  -25.512 0.5000000000
45770  38.727  -35.260  -28.498 0.5000000000
45771  39.737  -35.086  -28.790 0.5000000000
45772  39.269  -34.759  -28.751 0.5000000000
46615  36.987  -34.501  -17.854 0.3000000119
46616  36.343  -34.553  -17.539 0.3000000119
46635  42.690  -34.641  -18.533 0.5000000000
46639  31.645  -34.435  -18.771 0.3000000119
46650  31.301  -34.281  -19.430 0.3000000119
46651  30.827  -34.139  -20.058 0.3000000119
46659  40.884  -34.071  -20.983 0.6000000238
46660  37.756  -34.628  -20.066 0.3000000119
46661  30.258  -33.965  -20.494 0.3000000119
46672  29.522  -34.494  -21.672 0.3000000119
46685  29.201  -33.937  -22.280 0.3000000119
46708  39.616  -34.281  -24.545 0.6000000238
46718  37.812  -34.803  -25.324 0.5000000000
47622  37.303  -33.475  -17.949 0.4000000060
47624  35.738  -33.082  -17.405 0.3000000119
47637  44.383  -33.860  -18.468 0.3000000119
47642  33.194  -32.892  -17.933 0.3000000119
47657  37.801  -34.084  -19.277 0.3000000119
47697  28.813  -33.276  -22.767 0.3000000119
47710  29.490  -33.779  -24.394 0.3000000119
47721  29.822  -33.070  -25.118 0.3000000119
47734  31.111  -33.279  -26.732 0.3000000119
47748  38.291  -33.371  -28.373 0.5000000000
47752  39.055  -33.624  -28.703 0.5000000000
47754  38.246  -32.663  -28.399 0.5000000000
48582  34.601  -33.160  -17.433 0.3000000119
48596  32.779  -32.514  -18.561 0.3000000119
48597  32.316  -32.902  -19.034 0.3000000119
48609  31.791  -32.744  -19.655 0.3000000119
48625  31.379  -32.230  -20.273 0.3000000119
48663  28.926  -32.609  -22.398 0.3000000119
48685  37.577  -32.217  -24.911 0.3000000119
48687  28.721  -32.358  -23.973 0.3000000119
48712  37.832  -32.057  -28.321 0.4000000060
49517  35.274  -31.548  -17.595 0.3000000119
49519  33.801  -31.678  -17.764 0.3000000119
49529  37.533  -31.249  -18.011 0.3000000119
49541  31.963  -31.835  -19.887 0.3000000119
49551  31.621  -31.519  -20.568 0.3000000119
49552  31.018  -31.866  -20.703 0.3000000119
49566  41.137  -31.828  -21.620 0.4000000060
49568  31.134  -31.321  -21.174 0.4000000060
49570  29.821  -31.904  -21.641 0.3000000119
49580  41.325  -31.217  -21.911 0.3000000119
49584  29.550  -31.276  -22.335 0.3000000119
49620  30.576  -31.156  -26.590 0.3000000119
49635  38.423  -31.482  -28.042 0.4000000060
50478  35.484  -30.735  -17.638 0.3000000119
50479  34.699  -30.979  -17.749 0.3000000119
50490  34.164  -30.613  -18.169 0.3000000119
50491  33.641  -30.402  -18.737 0.3000000119
50499  33.319  -30.228  -19.413 0.4000000060
50512  33.136  -30.003  -20.138 0.4000000060
50513  32.609  -30.389  -20.584 0.4000000060
50549  29.577  -30.503  -22.880 0.3000000119
50564  29.339  -30.432  -23.717 0.3000000119
50565  28.877  -31.044  -24.087 0.3000000119
50574  40.479  -30.542  -24.144 0.4000000060
50593  38.206  -29.876  -27.702 0.3000000119
50606  37.880  -30.888  -28.117 0.4000000060
51479  36.362  -29.578  -17.734 0.3000000119
51481  34.822  -30.199  -17.894 0.3000000119
51492  34.237  -29.756  -18.501 0.3000000119
51493  33.690  -29.767  -19.039 0.3000000119
51505  33.522  -29.542  -19.631 0.4000000060
51522  32.929  -29.685  -20.790 0.4000000060
51530  33.245  -29.097  -20.949 0.4000000060
51532  31.023  -30.006  -22.204 0.3000000119
51546  29.768  -29.923  -23.240 0.3000000119
51570  29.901  -29.081  -24.136 0.3000000119
51571  29.713  -29.376  -24.849 0.3000000119
51579  30.088  -29.837  -25.969 0.3000000119
52437  37.352  -28.634  -18.057 0.3000000119
52468  34.108  -28.244  -19.662 0.3000000119
52498  33.347  -28.557  -21.386 0.3000000119
52500  32.227  -29.028  -22.267 0.3000000119
52511  32.404  -28.209  -22.540 0.3000000119
53534  34.053  -27.134  -21.199 0.3000000119
53536  33.003  -27.870  -22.379 0.3000000119
53543  32.614  -27.476  -22.796 0.3000000119
53557  32.098  -27.052  -23.325 0.3000000119
54513  34.233  -26.389  -21.811 0.3000000119
54514  33.761  -26.967  -21.976 0.3000000119
54528  33.730  -26.352  -22.581 0.3000000119
54537  33.275  -25.775  -23.366 0.3000000119
54539  31.478  -26.661  -23.882 0.3000000119
56495  34.940  -24.406  -22.866 0.3000000119
56496  34.559  -24.882  -23.074 0.3000000119
57389  35.137  -23.167  -22.035 0.3000000119
59337  35.582  -21.910  -22.921 0.3000000119
122514  23.437  -62.338  -21.272 0.4000000060
122571  37.537  -37.022  -20.438 0.4000000060
122639  34.665  -48.787  -18.825 0.8999999762
122852  37.652  -32.919  -23.093 0.4000000060
122933  31.926  -40.066  -23.169 0.4000000060
123232  42.074  -51.615  -25.326 0.5000000000
123415  26.431  -58.326  -18.101 0.5000000000
123688  31.657  -40.366  -22.406 0.5000000000
123699  37.434  -35.327  -21.978 0.4000000060
123770  27.019  -61.085  -18.422 0.4000000060
124189  33.720  -42.231  -16.500 0.8000000119
124330  33.944  -44.132  -16.300 1.0000000000
124416  42.407  -44.184  -15.224 0.5000000000
124665  38.813  -39.475  -25.374 0.8000000119
124691  33.822  -39.649  -16.718 0.5000000000
124805  23.276  -61.113  -19.550 0.4000000060
124903  37.484  -34.228  -24.857 0.4000000060
125164  41.778  -38.632  -20.350 0.6000000238
125363  40.805  -36.985  -28.542 0.6999999881
125390  40.726  -50.147  -20.431 0.6000000238
125734  37.114  -40.034  -17.746 0.6999999881
125789  31.025  -32.858  -27.180 0.3000000119
126152  27.358  -62.300  -20.906 0.4000000060
126191  44.927  -47.253  -14.536 0.4000000060
126265  28.883  -56.955  -14.556 0.6000000238
126354  20.204  -62.403  -18.227 0.4000000060
126607  45.969  -51.798  -15.402 0.3000000119
126773  38.766  -46.141  -27.461 1.0000000000
126947  31.179  -54.192  -15.276 0.6999999881
127329  42.573  -46.526  -28.374 0.8999999762
127498  39.539  -33.740  -28.096 0.5000000000
127520  36.912  -30.053  -17.732 0.3000000119
127535  33.511  -34.214  -17.522 0.3000000119
127646  36.735  -33.050  -17.563 0.4000000060
127776  32.528  -51.018  -15.515 0.8999999762
127911  30.686  -49.216  -15.629 1.0000000000
128053  37.318  -46.232  -25.762 1.0000000000
128418  34.432  -49.699  -21.390 1.0000000000
128585  26.913  -60.417  -18.602 0.4000000060
129143  31.671  -56.828  -17.074 0.6000000238
129293  38.019  -45.251  -26.781 1.0000000000
130371  45.590  -38.235  -17.356 0.4000000060
130501  36.587  -42.033  -17.616 0.8999999762
130532  44.158  -46.923  -14.528 0.5000000000
130968  40.706  -55.143  -23.982 0.6000000238
131015  38.694  -39.497  -21.715 0.6999999881
131262  41.333  -49.844  -18.755 0.4000000060
131461  41.160  -40.177  -19.056 0.6000000238
131564  31.380  -42.274  -21.273 0.6999999881
132083  29.502  -48.794  -16.717 0.8999999762
132328  31.913  -52.901  -15.548 0.6999999881
132389  30.122  -52.856  -15.293 0.6999999881
132589  32.103  -52.251  -15.584 0.8000000119
132699  44.103  -49.213  -14.324 0.4000000060
132746  27.752  -57.889  -14.923 0.5000000000
132822  48.179  -39.962  -19.683 0.3000000119
133804  33.164  -51.325  -22.023 0.8000000119
134322  43.294  -34.276  -18.405 0.3000000119
134795  31.513  -40.178  -21.682 0.4000000060
135092  40.923  -42.114  -19.726 0.6999999881
135099  27.604  -62.240  -21.806 0.4000000060
135187  27.886  -50.813  -17.832 0.6999999881
135314  34.797  -47.297  -17.312 1.0000000000
135492  31.389  -43.174  -23.731 0.5000000000
135845  44.989  -47.413  -23.884 0.8000000119
135976  33.828  -49.069  -16.397 0.8999999762
136557  37.385  -45.964  -20.504 1.0000000000
136752  27.499  -59.422  -15.120 0.5000000000
136853  35.760  -49.453  -23.467 0.8999999762
136902  32.898  -43.279  -16.360 1.0000000000
137397  32.803  -52.689  -19.613 0.8000000119
137401  42.565  -42.976  -15.453 0.5000000000
137791  26.610  -59.037  -18.421 0.5000000000
137896  26.343  -56.342  -17.558 0.6000000238
137940  37.438  -35.861  -22.409 0.4000000060
137969  31.433  -56.861  -16.290 0.6000000238
138064  34.502  -48.680  -17.708 0.8999999762
138177  48.985  -46.110  -17.988 0.3000000119
138475  32.713  -36.884  -17.506 0.4000000060
138717  40.838  -44.975  -18.898 0.6999999881
138864  40.294  -53.023  -22.868 0.6999999881
139271  29.629  -56.954  -14.589 0.6000000238
139729  41.431  -38.855  -29.213 0.6999999881
139879  40.527  -44.252  -17.608 0.6999999881
140746  37.261  -34.921  -18.347 0.4000000060
140791  41.626  -36.807  -19.360 0.6000000238
140830  43.193  -38.034  -16.705 0.5000000000
140916  25.917  -57.475  -19.065 0.5000000000
140960  32.515  -54.493  -18.673 0.6999999881
141046  32.300  -41.426  -24.255 0.5000000000
141646  34.906  -24.464  -22.246 0.3000000119
141884  34.234  -49.701  -20.733 1.0000000000
141932  37.675  -30.712  -18.133 0.3000000119
142022  33.138  -53.794  -17.504 0.6999999881
142246  35.497  -51.836  -26.555 0.6000000238
142797  38.497  -44.317  -21.729 1.0000000000
143153  31.201  -37.848  -23.618 0.3000000119
143334  42.371  -43.685  -23.242 0.8000000119
143366  31.499  -35.659  -18.745 0.3000000119
143642  46.933  -38.280  -18.473 0.3000000119
143643  36.901  -38.293  -17.617 0.5000000000
143835  45.674  -47.649  -14.770 0.3000000119
143956  38.554  -39.765  -21.195 0.6999999881
143972  38.798  -39.220  -22.297 0.6000000238
144451  28.886  -58.185  -14.580 0.5000000000
144539  43.641  -39.840  -16.412 0.5000000000
144791  38.615  -38.087  -24.159 0.5000000000
144865  30.070  -32.478  -21.201 0.3000000119
144977  44.774  -43.169  -16.334 0.4000000060
145222  33.332  -38.432  -16.920 0.5000000000
145324  30.443  -36.990  -22.367 0.3000000119
145372  39.753  -47.713  -25.330 0.8999999762
145661  45.433  -52.957  -15.870 0.3000000119
145676  45.154  -47.589  -23.438 0.8000000119
145749  38.686  -50.949  -18.388 0.4000000060
146192  35.539  -22.602  -23.092 0.3000000119
146392  37.347  -46.372  -27.165 1.0000000000
146564  32.432  -52.368  -21.209 0.8000000119
147131  31.346  -36.216  -19.189 0.3000000119
147355  40.548  -44.136  -18.184 0.6999999881
147374  29.977  -30.119  -22.767 0.3000000119
147545  39.717  -34.661  -24.242 0.6000000238
147562  48.746  -40.782  -20.573 0.3000000119
147567  37.063  -39.448  -17.736 0.6000000238
147585  26.916  -57.022  -15.920 0.6000000238
147677  42.663  -41.727  -23.423 0.6999999881
147722  26.568  -59.995  -17.095 0.5000000000
147880  34.150  -25.507  -22.911 0.3000000119
148174  30.798  -52.624  -15.352 0.6999999881
148270  46.762  -41.792  -18.464 0.4000000060
148326  27.752  -61.298  -20.955 0.4000000060
148345  26.792  -59.126  -19.178 0.5000000000
148394  33.594  -52.285  -17.582 0.6999999881
148567  28.492  -48.849  -17.883 0.8999999762
148656  38.349  -34.884  -28.057 0.5000000000
