#!ascii label  , from subject chris_t1_2 vox2ras=TkReg
1428
24122  21.351  -59.055  -12.827 0.8999999762
24135  20.925  -59.714  -12.907 0.8000000119
24134  21.361  -59.285  -13.498 0.8000000119
23267  19.791  -60.864  -13.515 0.6999999881
23274  19.999  -60.240  -14.056 0.8000000119
25009  20.886  -58.438  -12.217 0.8999999762
25021  21.692  -58.555  -13.422 1.0000000000
25036  21.659  -58.766  -14.178 1.0000000000
143597  21.212  -59.429  -14.143 0.8999999762
24145  20.536  -59.610  -14.454 0.8000000119
24146  19.208  -60.003  -14.518 0.8000000119
126026  19.797  -59.726  -14.700 0.8999999762
147626  18.897  -60.655  -14.139 0.8000000119
24147  18.379  -59.956  -14.635 0.6999999881
24148  17.445  -59.873  -14.688 0.6999999881
25897  20.228  -57.680  -11.791 0.8000000119
25918  20.965  -57.587  -12.281 0.8999999762
134994  20.433  -57.016  -12.196 0.8999999762
26794  18.699  -56.697  -12.069 0.8999999762
25020  22.370  -58.181  -13.946 1.0000000000
24144  21.082  -59.155  -14.802 0.8999999762
144822  21.435  -58.247  -15.470 1.0000000000
24155  20.929  -58.648  -15.449 0.8999999762
24156  20.177  -59.283  -15.331 0.8999999762
24157  19.048  -59.545  -15.182 0.8000000119
26812  21.810  -56.538  -12.660 0.8999999762
26813  21.045  -56.831  -12.401 0.8999999762
128654  20.273  -56.278  -12.531 0.8999999762
127443  19.207  -56.117  -12.622 0.8999999762
25917  21.549  -57.355  -12.720 0.8999999762
25932  22.019  -57.823  -13.246 0.8999999762
25035  22.174  -58.149  -14.609 1.0000000000
25051  19.246  -58.824  -15.758 0.8000000119
147341  18.444  -59.000  -15.626 0.8000000119
24159  17.091  -59.336  -15.170 0.8000000119
25053  17.456  -58.684  -15.816 0.8000000119
25054  16.338  -58.923  -15.542 0.8000000119
25968  15.956  -58.204  -16.212 0.8000000119
27694  20.783  -55.507  -12.644 0.8999999762
27695  19.782  -55.418  -12.824 0.8999999762
27696  18.714  -55.257  -12.795 0.8999999762
27693  21.711  -55.688  -12.486 0.8999999762
28615  19.448  -54.546  -12.850 0.8999999762
130594  18.700  -54.383  -12.768 0.8000000119
27697  17.816  -55.509  -12.564 0.8000000119
26811  22.420  -56.671  -13.084 0.8999999762
29553  19.145  -53.745  -12.753 0.6999999881
28616  17.903  -54.589  -12.592 0.6999999881
148269  17.156  -54.356  -12.271 0.6999999881
26829  23.005  -56.500  -13.492 0.8999999762
29555  17.465  -53.736  -12.432 0.6999999881
133403  16.942  -52.959  -12.437 0.6999999881
25930  23.170  -56.859  -14.204 1.0000000000
30483  17.384  -52.024  -12.422 0.6000000238
25949  22.622  -57.474  -14.449 1.0000000000
25964  22.394  -57.528  -15.218 1.0000000000
25048  21.912  -58.100  -15.202 1.0000000000
25966  20.947  -58.001  -15.962 1.0000000000
25050  20.071  -58.369  -16.014 0.8999999762
25965  21.631  -57.701  -15.690 1.0000000000
25983  20.324  -57.561  -16.441 0.8999999762
25066  19.199  -58.272  -16.271 0.8000000119
25967  17.831  -58.040  -16.465 0.8000000119
130568  16.913  -57.844  -16.439 0.8000000119
25986  16.048  -57.245  -16.592 0.8000000119
132369  16.747  -56.911  -16.725 0.8000000119
26884  16.128  -56.221  -16.841 0.8000000119
28613  21.367  -54.814  -12.549 0.8999999762
28614  20.382  -54.642  -12.780 0.8999999762
27692  22.578  -55.947  -12.813 0.8999999762
29554  18.316  -53.732  -12.620 0.6999999881
27713  23.322  -55.750  -13.366 0.8999999762
133404  17.893  -52.937  -12.494 0.6000000238
27712  23.814  -55.550  -14.115 1.0000000000
31491  16.649  -51.387  -12.482 0.5000000000
26860  23.289  -56.280  -15.241 1.0000000000
31492  16.078  -50.827  -12.667 0.5000000000
25963  22.670  -56.740  -15.487 1.0000000000
128401  22.227  -56.386  -15.988 1.0000000000
25982  21.158  -57.274  -16.277 1.0000000000
25985  18.627  -57.724  -16.570 0.8000000119
141604  19.581  -56.910  -16.844 0.8999999762
145262  19.077  -57.337  -16.733 0.8000000119
146288  19.520  -56.311  -17.132 0.8999999762
128490  18.639  -56.965  -16.880 0.8000000119
27785  19.380  -55.790  -17.307 0.8999999762
26883  17.086  -56.229  -16.971 0.8000000119
28690  16.462  -54.897  -17.497 0.8000000119
28691  16.060  -55.090  -17.624 0.8000000119
29552  19.973  -53.783  -12.848 0.8999999762
124941  22.361  -55.103  -12.489 0.8999999762
28612  22.056  -54.224  -12.421 0.8999999762
145087  19.845  -52.614  -12.785 0.6999999881
133405  18.797  -52.989  -12.597 0.8000000119
28634  23.680  -54.872  -13.281 0.8999999762
28635  23.004  -54.544  -12.596 0.8999999762
30482  18.411  -52.188  -12.582 0.6999999881
31490  18.068  -51.383  -12.491 0.6000000238
139202  17.366  -51.191  -12.466 0.6000000238
131882  18.534  -50.852  -12.463 0.6999999881
137673  17.778  -50.537  -12.462 0.6000000238
133379  16.884  -50.657  -12.505 0.5000000000
27729  23.727  -55.642  -14.958 1.0000000000
32462  17.084  -50.060  -12.456 0.5000000000
33424  16.720  -49.438  -12.627 0.5000000000
27748  23.772  -54.953  -15.265 1.0000000000
26861  22.787  -56.046  -15.730 1.0000000000
26881  22.218  -55.756  -16.234 1.0000000000
27767  21.347  -56.251  -16.461 1.0000000000
26882  20.529  -56.838  -16.634 0.8999999762
28671  22.749  -54.709  -16.144 1.0000000000
27766  21.697  -55.261  -16.643 0.8999999762
26896  20.187  -56.129  -17.025 0.8999999762
27783  20.833  -55.367  -16.977 0.8999999762
27784  19.984  -55.263  -17.374 0.8999999762
27768  18.511  -55.599  -17.330 0.8999999762
27769  17.544  -55.485  -17.246 0.8999999762
28704  20.519  -54.654  -17.351 0.8999999762
28706  19.133  -54.991  -17.472 0.8999999762
28689  17.087  -54.690  -17.398 0.8999999762
28687  19.024  -54.148  -17.602 0.8999999762
29550  21.937  -53.328  -12.338 0.8999999762
29551  20.992  -53.787  -12.577 0.8999999762
30480  20.295  -52.952  -12.763 0.8999999762
30479  21.100  -52.829  -12.545 0.8999999762
133402  20.159  -52.204  -12.760 1.0000000000
30481  19.354  -52.297  -12.711 0.8000000119
31489  18.884  -51.507  -12.556 0.6999999881
27711  24.194  -54.826  -13.973 0.8999999762
29572  23.595  -53.834  -12.787 0.8999999762
130460  19.203  -50.794  -12.489 0.6999999881
147637  18.658  -50.077  -12.538 0.6999999881
33423  17.720  -49.686  -12.530 0.5000000000
27728  24.102  -54.930  -14.666 1.0000000000
34329  17.489  -48.912  -12.715 0.5000000000
34330  16.530  -48.651  -12.958 0.5000000000
29600  23.785  -53.466  -15.681 1.0000000000
28670  23.389  -54.283  -15.795 1.0000000000
28684  22.741  -54.136  -16.334 1.0000000000
29616  23.081  -53.571  -16.272 1.0000000000
28685  22.130  -54.476  -16.698 0.8999999762
29634  20.914  -54.138  -17.367 0.8999999762
135651  20.792  -53.593  -17.418 0.8999999762
27822  20.764  -55.253  -20.799 0.6999999881
28745  20.241  -54.483  -20.178 0.8000000119
28746  19.351  -54.621  -20.117 0.8000000119
28731  18.699  -54.018  -19.772 0.8000000119
29573  22.714  -53.807  -12.439 0.8999999762
140085  21.972  -52.339  -12.335 1.0000000000
31486  21.448  -51.434  -12.676 1.0000000000
31487  20.508  -51.421  -12.671 0.6999999881
31488  19.682  -51.492  -12.611 0.6999999881
28633  24.233  -54.167  -13.578 0.8999999762
142794  19.439  -50.187  -12.616 0.6999999881
33422  18.424  -49.167  -12.661 0.6000000238
28652  24.364  -54.357  -14.322 1.0000000000
29571  24.284  -53.331  -13.265 0.8999999762
35199  17.348  -47.627  -13.385 0.4000000060
28669  24.294  -54.191  -15.113 1.0000000000
30531  23.422  -52.763  -16.284 1.0000000000
29617  22.380  -53.665  -16.733 1.0000000000
30532  22.700  -53.069  -16.645 1.0000000000
129630  17.631  -52.500  -18.830 0.8999999762
27849  22.727  -55.626  -23.114 0.6000000238
27837  21.423  -55.723  -21.661 0.6000000238
28744  21.226  -54.329  -20.433 0.8000000119
29660  19.583  -53.808  -19.776 0.8000000119
143312  17.906  -54.361  -19.698 0.8999999762
29662  17.160  -53.122  -19.049 0.8999999762
30493  23.751  -52.880  -12.656 0.8999999762
30478  23.123  -52.257  -12.409 0.8999999762
130592  19.961  -50.724  -12.570 0.8000000119
32461  20.026  -49.982  -12.733 0.6999999881
33421  19.330  -49.441  -12.680 0.6999999881
34328  18.995  -48.616  -12.834 0.6000000238
29584  24.560  -53.580  -14.215 1.0000000000
135031  24.629  -52.863  -13.695 0.8999999762
29599  24.437  -53.213  -15.075 1.0000000000
30515  24.105  -52.774  -15.668 1.0000000000
133961  24.170  -52.099  -16.083 1.0000000000
31541  23.396  -51.866  -16.613 1.0000000000
137600  23.249  -51.023  -16.786 1.0000000000
30548  17.753  -52.635  -18.268 0.8999999762
144108  18.366  -51.670  -18.633 0.8999999762
30557  17.954  -52.221  -18.561 0.8999999762
30572  18.363  -52.532  -19.470 0.8999999762
130428  17.718  -52.653  -19.222 0.8999999762
137294  24.199  -55.019  -22.373 0.6000000238
27861  23.903  -55.365  -23.650 0.6000000238
27836  22.254  -55.262  -22.289 0.6000000238
28756  21.757  -54.858  -21.339 0.8000000119
29675  20.523  -53.638  -19.823 0.8000000119
133698  18.892  -53.132  -19.655 0.8999999762
31485  22.502  -51.504  -12.562 0.8999999762
130593  20.869  -50.550  -12.725 0.6999999881
130417  21.972  -50.706  -12.773 0.8999999762
138923  20.014  -49.342  -12.783 0.6000000238
130790  24.345  -52.506  -13.097 1.0000000000
31501  24.421  -51.633  -12.900 1.0000000000
142883  23.913  -52.190  -12.638 1.0000000000
34327  19.724  -48.751  -12.900 0.6000000238
147825  18.800  -47.994  -13.195 0.5000000000
30500  24.791  -52.708  -14.411 1.0000000000
30492  24.909  -52.104  -13.671 1.0000000000
30514  24.677  -52.259  -15.216 1.0000000000
31526  24.707  -51.416  -15.689 1.0000000000
31540  24.075  -51.266  -16.351 1.0000000000
32506  23.894  -50.451  -16.568 1.0000000000
31542  22.553  -51.563  -17.080 1.0000000000
137140  21.729  -51.310  -17.369 1.0000000000
146359  21.322  -51.672  -17.488 1.0000000000
135965  20.866  -51.262  -17.675 1.0000000000
31545  19.921  -51.784  -17.969 0.8999999762
30534  20.276  -52.490  -17.623 0.8999999762
30536  18.169  -52.490  -18.173 0.8999999762
31605  18.446  -51.591  -19.264 0.8999999762
30571  19.200  -52.351  -19.657 0.8999999762
29646  25.421  -53.441  -18.862 0.6000000238
28730  24.282  -54.018  -20.282 0.6000000238
28776  24.059  -54.705  -23.557 0.6000000238
28766  22.923  -54.783  -23.111 0.6000000238
28755  22.144  -54.038  -21.016 0.8000000119
127478  23.005  -50.816  -12.644 0.8999999762
135745  21.543  -49.879  -12.716 0.6999999881
33420  20.658  -49.624  -12.756 0.6000000238
138716  20.449  -48.851  -12.879 0.6000000238
32469  24.721  -50.748  -13.010 0.8999999762
34340  19.459  -48.067  -13.236 0.6000000238
31500  25.058  -51.313  -13.411 1.0000000000
30513  25.098  -52.049  -14.499 1.0000000000
32468  25.383  -50.521  -13.709 0.8999999762
31525  25.276  -51.502  -14.987 1.0000000000
32491  25.299  -50.789  -15.438 1.0000000000
32492  24.694  -50.623  -16.066 1.0000000000
32507  23.226  -50.380  -17.028 1.0000000000
32508  22.432  -50.685  -17.247 1.0000000000
32509  21.462  -50.646  -17.546 1.0000000000
32511  20.040  -50.892  -18.123 1.0000000000
31558  19.157  -51.190  -18.290 0.8999999762
31559  18.630  -51.448  -18.487 0.8999999762
31573  18.199  -51.548  -19.025 0.8999999762
31604  18.896  -51.343  -19.484 0.8999999762
29671  24.666  -53.227  -20.400 0.6000000238
29684  24.598  -53.428  -22.122 0.6000000238
29707  24.225  -53.781  -23.500 0.6000000238
29685  23.379  -53.146  -22.791 0.6999999881
29673  22.408  -53.276  -20.729 0.6999999881
29674  21.588  -53.444  -20.107 0.6999999881
30570  20.014  -52.045  -19.745 0.8000000119
31588  19.866  -51.364  -19.650 0.8999999762
30546  26.683  -52.812  -17.856 0.6000000238
29658  21.658  -52.646  -19.741 0.6999999881
29659  20.756  -52.804  -19.608 0.8000000119
31587  20.399  -51.333  -19.616 0.8999999762
34326  21.238  -49.053  -12.757 0.6999999881
34339  20.204  -48.155  -13.264 0.6000000238
142622  23.438  -50.252  -12.613 0.8999999762
33417  23.391  -49.503  -12.636 0.8000000119
33419  22.099  -49.276  -12.686 0.6999999881
32460  24.168  -50.092  -12.779 0.8000000119
31499  25.367  -51.422  -14.118 1.0000000000
33428  25.575  -49.515  -13.690 0.8000000119
33441  25.814  -49.844  -14.402 0.8999999762
123283  25.673  -50.237  -15.153 1.0000000000
33454  25.354  -50.052  -15.759 1.0000000000
33469  24.583  -49.722  -16.422 1.0000000000
33470  23.642  -49.775  -16.958 1.0000000000
33471  22.825  -49.892  -17.359 1.0000000000
33472  21.944  -49.990  -17.563 1.0000000000
32510  20.752  -50.605  -17.841 1.0000000000
126190  18.811  -50.815  -18.561 0.8999999762
31572  18.561  -50.933  -18.802 0.8999999762
32579  18.920  -50.645  -19.376 0.8999999762
29695  24.759  -53.313  -23.192 0.6000000238
30594  23.055  -52.704  -21.365 0.6999999881
31603  19.476  -51.007  -19.561 0.8999999762
31557  27.178  -52.086  -17.834 0.6000000238
30556  25.513  -52.695  -19.269 0.6000000238
30584  22.409  -52.584  -20.181 0.6999999881
31586  21.242  -51.289  -19.547 0.6999999881
34325  21.880  -48.514  -12.773 0.6999999881
34338  21.054  -48.198  -13.169 0.6000000238
34323  23.750  -48.716  -12.666 0.8000000119
147957  22.695  -49.391  -12.632 0.8000000119
143971  22.466  -48.097  -12.743 0.6999999881
34337  21.864  -47.742  -13.010 0.6999999881
138107  25.120  -49.028  -13.227 0.6999999881
33416  24.345  -49.316  -12.844 0.8000000119
33427  26.051  -49.131  -14.031 0.6999999881
34364  26.406  -48.313  -15.036 0.8000000119
130685  26.115  -48.971  -15.282 0.8000000119
33468  25.446  -49.152  -15.881 0.8000000119
34365  25.964  -48.537  -15.667 0.8000000119
131553  24.794  -48.907  -16.508 0.8999999762
33485  24.160  -49.043  -17.091 1.0000000000
33486  23.278  -49.186  -17.441 1.0000000000
33473  21.113  -50.065  -17.853 1.0000000000
34392  22.947  -48.602  -17.942 1.0000000000
33487  22.322  -49.247  -17.724 1.0000000000
32525  20.266  -50.157  -18.155 1.0000000000
33489  19.796  -49.541  -18.482 1.0000000000
32526  19.345  -50.336  -18.468 0.8999999762
33490  19.127  -49.600  -18.791 0.8999999762
32542  18.694  -50.202  -18.987 0.8999999762
33515  18.979  -49.652  -19.270 0.8999999762
30568  25.151  -52.639  -20.121 0.6000000238
30582  24.906  -52.787  -21.298 0.6000000238
29696  23.831  -53.513  -23.478 0.6000000238
30606  23.952  -52.699  -23.252 0.6999999881
32578  19.524  -50.177  -19.664 0.8999999762
32560  19.990  -50.738  -19.681 0.8999999762
31601  22.970  -51.816  -20.193 0.6999999881
31602  22.017  -51.981  -19.516 0.6999999881
32559  20.568  -50.598  -19.695 0.8999999762
33514  20.740  -49.881  -19.903 0.8999999762
35187  23.227  -48.057  -12.701 0.6000000238
35195  21.264  -47.304  -13.407 0.6000000238
35192  25.184  -48.092  -13.076 0.6999999881
35193  23.549  -47.335  -12.885 0.6000000238
34335  25.786  -48.660  -13.630 0.6999999881
34334  26.249  -48.437  -14.175 0.6999999881
35225  26.137  -47.879  -15.838 0.8000000119
34378  25.407  -48.321  -16.372 0.8000000119
35241  25.051  -47.798  -17.053 0.8000000119
34379  24.634  -48.412  -16.965 0.8000000119
34391  23.748  -48.531  -17.588 1.0000000000
143987  24.215  -48.490  -17.311 0.8000000119
129365  22.105  -48.662  -18.210 1.0000000000
146834  21.785  -49.053  -18.010 1.0000000000
33488  20.691  -49.484  -18.199 1.0000000000
124552  21.234  -48.800  -18.284 1.0000000000
34393  20.240  -48.804  -18.528 1.0000000000
35254  19.822  -48.145  -18.878 1.0000000000
34404  19.451  -48.564  -19.102 1.0000000000
34405  19.179  -49.069  -19.191 0.8999999762
30605  25.101  -52.792  -23.308 0.6000000238
33528  19.311  -49.618  -19.611 0.8999999762
31571  25.988  -52.140  -18.984 0.6000000238
130778  25.447  -52.215  -22.049 0.6000000238
30619  24.957  -52.422  -23.509 0.6999999881
33527  19.672  -49.324  -20.048 0.8999999762
31633  24.065  -51.857  -22.774 0.6999999881
32576  23.028  -50.815  -19.901 0.6999999881
148702  21.437  -49.871  -19.810 0.8999999762
36030  22.195  -46.148  -13.498 0.5000000000
122956  24.539  -47.287  -12.904 0.6000000238
129372  22.867  -46.702  -13.199 0.5000000000
125746  25.368  -47.238  -13.161 0.6999999881
131145  25.816  -46.545  -13.421 0.6999999881
126969  26.405  -46.836  -13.920 0.6999999881
35191  26.007  -47.657  -13.598 0.6999999881
143921  26.568  -46.922  -14.662 0.6999999881
36060  26.738  -46.551  -15.396 0.6999999881
35239  26.361  -47.110  -16.055 0.8000000119
35240  25.712  -47.491  -16.558 0.8000000119
35248  25.363  -47.112  -17.243 0.8000000119
36088  25.637  -46.311  -17.565 0.8000000119
35249  24.804  -47.417  -17.555 0.8000000119
35250  23.579  -47.886  -18.189 0.8999999762
35264  24.340  -47.345  -18.087 0.8000000119
129146  23.821  -47.169  -18.556 0.8999999762
35251  22.613  -48.018  -18.492 1.0000000000
35252  21.666  -48.066  -18.619 1.0000000000
35253  20.653  -48.055  -18.690 1.0000000000
35269  19.771  -47.603  -19.430 1.0000000000
34417  19.498  -48.352  -19.553 0.8999999762
34418  19.294  -48.993  -19.721 0.8999999762
146991  19.549  -48.767  -20.093 0.8999999762
124439  19.513  -48.268  -20.043 0.8999999762
34432  19.977  -48.505  -20.353 0.8999999762
127902  25.708  -51.440  -20.591 0.6000000238
30591  25.465  -52.309  -23.072 0.6000000238
31618  23.954  -51.325  -21.851 0.6999999881
32557  22.150  -50.292  -19.687 0.8000000119
144861  21.142  -49.286  -20.161 0.8999999762
32554  26.725  -50.737  -19.179 0.6000000238
31632  24.670  -51.414  -23.323 0.6999999881
32575  23.644  -50.325  -20.406 0.6999999881
33525  21.805  -48.843  -20.341 0.8000000119
34431  20.943  -48.518  -20.532 0.8999999762
32556  22.880  -49.927  -19.867 0.6999999881
130969  21.701  -48.207  -20.606 0.8999999762
36029  23.847  -46.560  -13.106 0.5000000000
123862  23.070  -45.746  -13.359 0.5000000000
36028  24.892  -46.532  -13.070 0.6999999881
132720  23.646  -44.954  -13.443 0.5000000000
36027  26.395  -45.954  -13.803 0.6999999881
36043  26.726  -46.241  -14.471 0.6999999881
36087  26.306  -46.151  -17.013 0.8000000119
36089  24.953  -46.847  -17.889 0.8000000119
36099  24.411  -46.580  -18.574 0.8000000119
35265  23.080  -47.282  -18.729 0.8999999762
35266  22.170  -47.362  -18.937 1.0000000000
35267  21.152  -47.354  -19.014 1.0000000000
36098  25.098  -46.240  -18.238 0.8000000119
36100  23.600  -46.633  -19.023 0.8000000119
36103  20.744  -46.638  -19.405 1.0000000000
35268  20.237  -47.377  -19.156 1.0000000000
36102  21.744  -46.648  -19.322 0.8999999762
36104  20.027  -46.676  -19.568 1.0000000000
35281  19.613  -47.487  -19.904 1.0000000000
35296  20.533  -47.751  -20.638 0.8999999762
31648  25.106  -51.778  -23.541 0.6999999881
35312  20.311  -46.978  -20.658 0.8999999762
31599  25.713  -51.537  -21.551 0.6000000238
32593  26.191  -51.060  -22.230 0.6000000238
35295  21.282  -47.748  -20.786 0.8999999762
31630  25.892  -51.081  -23.406 0.6999999881
32574  24.126  -50.602  -21.334 0.6999999881
33523  24.236  -49.678  -20.911 0.6999999881
33524  22.750  -49.163  -20.140 0.6999999881
34430  22.555  -48.403  -20.468 0.8000000119
34429  23.697  -48.814  -20.470 0.6999999881
128406  22.141  -47.642  -20.820 0.8000000119
35310  21.541  -47.210  -21.065 0.8999999762
35294  23.284  -47.900  -20.704 0.6999999881
36832  24.191  -45.781  -13.283 0.5000000000
36830  25.902  -45.637  -13.456 0.6999999881
36831  25.169  -45.758  -13.280 0.5000000000
36847  26.880  -45.422  -14.270 0.6999999881
36846  27.260  -44.903  -14.850 0.6999999881
37565  27.003  -44.672  -14.127 0.6999999881
36868  27.113  -45.730  -15.108 0.6999999881
36867  27.121  -45.057  -15.858 0.6999999881
131167  26.975  -45.911  -15.838 0.6999999881
36884  26.732  -45.647  -16.606 0.6999999881
36898  26.253  -45.451  -17.535 0.8000000119
36899  25.529  -45.619  -18.246 0.8000000119
36909  24.823  -45.747  -18.754 0.8000000119
37617  25.943  -44.908  -18.328 0.8000000119
137850  25.276  -44.998  -18.874 0.8000000119
36911  23.310  -45.970  -19.450 0.8000000119
36912  22.326  -45.833  -19.571 0.8999999762
134454  21.298  -45.945  -19.633 0.8999999762
36914  20.459  -45.966  -19.757 1.0000000000
37629  24.497  -45.113  -19.293 0.8000000119
135578  23.789  -45.349  -19.490 0.8000000119
36114  19.806  -46.825  -19.824 1.0000000000
36915  19.978  -46.075  -19.935 1.0000000000
36124  19.827  -46.665  -20.215 1.0000000000
32604  24.858  -50.586  -23.165 0.6999999881
141050  24.567  -50.137  -22.133 0.6999999881
35311  20.916  -47.134  -21.004 0.8999999762
36138  20.701  -46.424  -21.038 1.0000000000
33538  24.436  -48.904  -21.062 0.6999999881
34428  24.290  -48.186  -20.953 0.8000000119
38259  27.097  -43.226  -14.218 0.6999999881
37582  27.405  -44.355  -15.423 0.6999999881
37600  27.441  -44.055  -16.366 0.6999999881
37601  26.873  -44.803  -16.923 0.6999999881
37616  26.479  -44.538  -17.778 0.8000000119
136945  25.604  -44.372  -18.732 0.8000000119
37628  26.092  -44.247  -18.347 0.8000000119
38317  24.964  -44.137  -19.334 0.8000000119
135904  23.098  -45.203  -19.739 0.8999999762
36913  21.701  -45.304  -19.815 0.8999999762
133674  23.842  -44.458  -19.666 0.8000000119
37631  22.345  -45.054  -19.874 0.8999999762
32592  26.332  -50.462  -22.711 0.6000000238
37641  21.731  -44.421  -20.192 0.8999999762
37642  21.085  -44.699  -20.301 0.8999999762
36936  20.200  -45.936  -20.374 1.0000000000
33522  26.363  -49.735  -20.883 0.6000000238
36952  20.702  -45.906  -21.008 0.8999999762
34452  25.174  -49.022  -22.882 0.6999999881
36950  21.093  -45.621  -21.233 0.8999999762
35309  22.148  -46.904  -21.225 0.8999999762
36137  21.416  -46.478  -21.269 0.8000000119
37564  27.305  -44.011  -14.601 0.6999999881
38258  27.591  -43.187  -14.846 0.6999999881
129413  27.689  -43.107  -16.181 0.6999999881
37615  27.100  -43.968  -17.375 0.6999999881
39015  27.807  -42.407  -16.730 0.6999999881
38303  26.954  -43.149  -17.779 0.6999999881
37630  22.768  -44.362  -19.843 0.8000000119
38319  23.228  -43.531  -19.700 0.8000000119
138060  20.742  -45.499  -19.926 0.8999999762
32616  25.819  -50.539  -23.417 0.6000000238
38332  22.282  -43.419  -20.004 0.8000000119
38333  21.496  -43.165  -20.284 0.8999999762
138047  20.908  -43.939  -20.666 0.8999999762
36935  20.704  -45.269  -20.621 0.8999999762
33536  26.420  -49.704  -22.076 0.6000000238
33547  25.643  -49.469  -23.441 0.6999999881
36951  20.867  -44.913  -21.021 0.8999999762
34442  24.797  -48.548  -21.763 0.6999999881
146241  21.608  -45.817  -21.396 0.8000000119
36135  23.964  -46.460  -21.441 0.6999999881
36949  22.300  -45.976  -21.435 0.8000000119
130017  27.822  -42.595  -15.124 0.6999999881
38997  28.035  -42.355  -15.864 0.6999999881
38996  28.154  -41.799  -16.450 0.6999999881
38318  24.177  -43.413  -19.535 0.8000000119
132179  23.462  -42.800  -19.522 0.8000000119
131519  22.614  -42.646  -19.694 0.8000000119
143148  21.253  -43.845  -20.448 0.8999999762
38343  20.961  -43.080  -20.794 0.8999999762
33561  26.105  -49.759  -23.488 0.6000000238
37669  20.725  -44.132  -20.933 0.8999999762
34466  26.114  -49.188  -23.733 0.6999999881
34441  25.327  -48.250  -22.687 0.6999999881
37686  20.838  -43.872  -21.190 0.8999999762
36134  24.945  -46.866  -21.827 0.6999999881
36948  23.396  -45.790  -21.550 0.8000000119
37668  21.837  -45.081  -21.482 0.8000000119
36947  24.444  -45.882  -21.819 0.6999999881
37667  22.841  -45.062  -21.766 0.8000000119
37666  23.801  -45.019  -22.096 0.8000000119
39860  28.296  -41.083  -15.272 0.6999999881
39873  28.334  -41.491  -15.867 0.6000000238
34440  26.672  -48.987  -22.631 0.6000000238
39042  21.637  -42.425  -19.918 0.8000000119
39056  20.844  -42.390  -20.512 0.8999999762
38359  20.886  -43.087  -21.008 0.8999999762
34450  26.637  -48.952  -23.375 0.6000000238
38376  21.409  -43.200  -21.385 0.8999999762
35306  25.375  -47.567  -22.498 0.8000000119
37685  21.544  -44.114  -21.475 0.8999999762
36150  25.446  -46.180  -22.451 0.6999999881
37683  23.313  -44.212  -21.984 0.8000000119
143092  26.286  -48.579  -23.733 0.6999999881
39055  20.923  -42.193  -20.086 0.8000000119
35328  26.707  -48.026  -23.887 0.5000000000
35319  25.930  -47.894  -23.499 0.6000000238
36158  26.486  -47.512  -23.845 0.6000000238
36149  25.804  -47.131  -23.035 0.6999999881
39095  21.982  -42.802  -21.596 0.8000000119
36148  26.421  -46.638  -23.643 0.6000000238
36963  25.891  -45.535  -22.906 0.6000000238
37682  24.281  -44.112  -22.377 0.8000000119
37684  22.442  -44.233  -21.652 0.8000000119
37681  25.436  -44.488  -22.659 0.6000000238
39951  20.887  -41.460  -20.615 0.8000000119
39973  21.098  -41.627  -21.153 0.8000000119
39079  21.587  -42.026  -21.488 0.8999999762
130196  26.996  -47.334  -24.233 0.6000000238
38374  23.572  -43.513  -22.179 0.8000000119
38375  22.779  -43.333  -21.876 0.8000000119
38358  22.428  -42.430  -21.680 0.8000000119
39950  21.335  -41.167  -20.655 0.8000000119
39972  21.899  -41.632  -21.366 0.8000000119
36157  27.308  -46.522  -24.205 0.6000000238
36962  26.655  -45.865  -23.701 0.6000000238
38357  23.299  -42.846  -22.064 0.8000000119
37680  26.377  -44.978  -23.278 0.6000000238
39094  24.862  -42.837  -22.339 0.6999999881
39078  22.962  -42.226  -21.675 0.8000000119
38372  26.652  -43.620  -23.186 0.6000000238
39076  25.230  -42.400  -21.623 0.6999999881
36972  27.246  -45.529  -23.964 0.6000000238
37695  26.957  -44.506  -23.569 0.6000000238
40906  21.976  -39.588  -19.798 0.8000000119
39949  22.074  -40.945  -20.712 0.8000000119
36156  27.772  -46.437  -24.114 0.6000000238
40920  21.567  -40.396  -20.116 0.8000000119
148145  28.185  -46.284  -23.927 0.5000000000
39970  24.598  -41.906  -21.014 0.8000000119
39971  22.809  -41.617  -21.147 0.8000000119
36970  28.433  -45.586  -24.110 0.6000000238
39969  25.567  -41.851  -20.938 0.6000000238
36961  28.729  -45.602  -23.314 0.5000000000
36971  27.940  -45.822  -24.318 0.6000000238
37694  27.841  -44.999  -24.116 0.6000000238
39093  25.788  -43.274  -22.643 0.6000000238
36978  28.571  -45.179  -24.292 0.6000000238
38386  27.629  -43.993  -23.826 0.6000000238
38371  27.227  -43.261  -23.146 0.6000000238
39092  26.546  -42.845  -22.540 0.6000000238
40919  22.277  -40.129  -20.248 0.8000000119
39948  23.469  -41.209  -20.607 0.8000000119
41882  22.392  -39.119  -20.050 0.8000000119
40918  23.680  -40.161  -20.188 0.6999999881
39075  26.117  -42.342  -21.660 0.6000000238
39947  24.822  -41.179  -20.486 0.6999999881
36977  29.120  -45.012  -24.338 0.5000000000
39074  27.057  -42.312  -21.705 0.6000000238
38393  29.336  -44.177  -24.244 0.5000000000
38370  28.028  -43.252  -23.406 0.6000000238
39091  27.524  -42.709  -22.552 0.6000000238
37699  30.114  -43.956  -24.116 0.5000000000
41881  23.193  -38.876  -20.188 0.6999999881
40917  25.163  -40.432  -20.190 0.6000000238
39946  25.905  -41.178  -20.440 0.6000000238
39945  26.878  -41.040  -20.608 0.6000000238
40916  26.227  -40.391  -20.264 0.6000000238
38384  29.532  -43.602  -24.170 0.5000000000
39104  28.953  -43.167  -23.674 0.6000000238
39090  28.396  -42.587  -22.777 0.6000000238
39073  27.950  -42.183  -21.839 0.6000000238
39968  26.517  -41.768  -21.017 0.6000000238
40915  27.169  -40.250  -20.467 0.6000000238
39103  29.796  -42.885  -24.160 0.6000000238
39089  29.312  -42.405  -23.160 0.6000000238
38391  30.621  -43.365  -24.288 0.5000000000
39109  30.314  -43.199  -24.355 0.5000000000
38390  31.051  -42.782  -24.493 0.4000000060
39102  30.681  -42.557  -24.427 0.5000000000
143896  24.395  -39.638  -20.095 0.6000000238
41880  25.431  -39.611  -20.148 0.6000000238
39986  28.758  -41.838  -22.287 0.6000000238
39967  27.438  -41.614  -21.159 0.6000000238
41879  26.488  -39.542  -20.351 0.6000000238
39985  29.619  -41.596  -22.785 0.6000000238
39965  29.161  -41.001  -21.921 0.6000000238
39996  30.167  -42.130  -23.741 0.5000000000
39995  30.853  -41.830  -24.482 0.5000000000
40000  31.419  -42.136  -24.598 0.4000000060
137561  31.659  -41.437  -24.871 0.4000000060
40934  28.582  -40.456  -21.254 0.6000000238
41878  27.314  -39.550  -20.560 0.5000000000
42840  26.863  -38.846  -20.664 0.5000000000
127544  24.267  -38.762  -20.392 0.5000000000
39966  28.311  -41.348  -21.441 0.6000000238
40914  28.046  -39.983  -20.575 0.5000000000
40945  29.769  -40.779  -22.661 0.6000000238
39984  30.322  -41.345  -23.504 0.5000000000
40952  30.899  -40.935  -24.376 0.4000000060
42841  25.538  -38.682  -20.590 0.4000000060
40933  29.494  -40.052  -21.859 0.6000000238
41894  28.624  -39.553  -21.262 0.5000000000
41903  30.455  -40.095  -23.504 0.4000000060
137479  30.009  -40.202  -22.733 0.6000000238
41904  29.823  -39.584  -22.725 0.6000000238
41914  30.932  -40.075  -24.716 0.4000000060
42856  28.350  -38.667  -21.478 0.4000000060
41915  30.197  -39.402  -23.765 0.4000000060
42855  29.225  -39.104  -21.947 0.4000000060
40957  31.684  -40.650  -25.280 0.4000000060
42868  29.482  -38.845  -22.980 0.4000000060
43819  25.590  -37.484  -21.712 0.4000000060
43818  26.843  -37.647  -21.692 0.4000000060
42869  28.697  -38.371  -22.369 0.4000000060
41924  30.497  -39.317  -25.041 0.4000000060
42878  29.738  -38.688  -24.146 0.4000000060
43831  27.264  -37.460  -22.487 0.4000000060
42870  27.847  -37.918  -21.894 0.4000000060
42890  30.034  -38.554  -25.308 0.3000000119
42879  29.008  -38.133  -23.424 0.4000000060
43830  28.162  -37.695  -22.838 0.4000000060
148271  26.824  -37.220  -22.920 0.4000000060
28732  18.569  -54.871  -20.068 0.8000000119
28733  17.132  -53.964  -19.279 0.8999999762
29647  17.076  -53.183  -18.477 0.8999999762
29648  16.678  -53.794  -18.746 0.8999999762
29638  16.631  -53.802  -18.137 0.8999999762
29618  21.560  -53.776  -17.225 0.8999999762
30533  22.080  -52.998  -17.179 1.0000000000
134077  22.653  -52.393  -16.875 1.0000000000
28688  18.114  -54.595  -17.442 0.8999999762
28705  19.774  -54.487  -17.513 0.8999999762
29619  20.095  -53.228  -17.534 0.8999999762
31543  21.801  -52.135  -17.368 1.0000000000
29622  17.411  -53.793  -17.635 0.8999999762
29636  19.672  -53.833  -17.567 0.8999999762
29620  19.167  -53.344  -17.657 0.8999999762
142137  21.072  -52.883  -17.399 1.0000000000
29637  17.069  -53.194  -18.005 0.8999999762
30535  19.447  -52.586  -17.775 0.8999999762
41895  27.819  -39.134  -20.865 0.4000000060
42859  24.938  -37.856  -21.165 0.4000000060
25008  21.473  -58.177  -12.753 0.8999999762
25049  21.585  -58.557  -14.958 1.0000000000
24158  17.968  -59.447  -15.207 0.8000000119
26814  19.668  -56.834  -12.120 0.8999999762
25931  22.576  -57.263  -13.638 1.0000000000
129212  23.081  -55.274  -12.799 0.8999999762
25984  19.496  -57.734  -16.534 0.8000000119
122831  17.689  -57.131  -16.713 0.8000000119
148542  23.216  -54.971  -15.713 1.0000000000
128491  18.034  -56.305  -17.083 0.8999999762
27770  16.674  -55.492  -17.192 0.8000000119
29623  16.726  -54.083  -17.718 0.8999999762
28707  16.315  -54.548  -17.887 0.8000000119
28686  21.297  -54.626  -17.093 0.8999999762
29621  18.303  -53.594  -17.680 0.8999999762
133418  20.947  -52.118  -12.686 1.0000000000
34342  17.205  -48.286  -13.066 0.4000000060
34341  18.117  -48.319  -13.012 0.4000000060
27825  18.401  -55.656  -20.246 0.6999999881
125369  19.800  -52.940  -19.681 0.8000000119
31484  23.537  -51.555  -12.547 0.8999999762
143894  17.520  -52.786  -18.375 0.8999999762
27850  22.021  -56.127  -22.401 0.6000000238
29661  17.871  -53.330  -19.493 0.8999999762
35198  18.270  -47.461  -13.428 0.4000000060
30537  17.785  -53.025  -17.965 0.8999999762
30585  18.720  -51.917  -19.502 0.8999999762
136800  19.392  -51.683  -19.643 0.8999999762
142806  22.522  -54.405  -22.148 0.6999999881
29686  22.745  -53.574  -21.933 0.6999999881
33418  22.572  -49.977  -12.627 0.8000000119
32470  23.981  -50.861  -12.536 0.8999999762
31546  18.951  -52.136  -18.132 0.8999999762
137118  18.567  -52.806  -17.889 0.8999999762
32561  18.532  -51.161  -19.199 0.8999999762
33429  24.951  -49.894  -13.193 0.8000000119
124003  20.678  -46.840  -13.678 0.5000000000
32478  25.559  -50.741  -14.650 1.0000000000
31589  18.512  -50.742  -19.055 0.8999999762
33440  26.196  -49.074  -14.651 0.8000000119
33453  25.893  -49.599  -15.227 0.8999999762
30583  23.551  -51.899  -21.505 0.6999999881
32577  20.095  -49.983  -19.946 0.8999999762
31585  22.183  -51.145  -19.593 0.8000000119
35186  24.160  -48.015  -12.743 0.8000000119
35194  22.646  -47.463  -12.933 0.6000000238
35208  26.431  -47.607  -14.386 0.6999999881
35224  26.469  -47.402  -15.232 0.6999999881
34394  19.480  -48.931  -18.803 1.0000000000
33526  20.377  -49.259  -20.248 0.8999999762
36031  21.422  -46.467  -13.645 0.5000000000
34390  24.321  -47.973  -17.522 0.8999999762
135112  22.297  -45.440  -13.713 0.5000000000
36075  26.586  -46.387  -16.313 0.8000000119
35297  19.865  -47.582  -20.310 0.8999999762
37556  24.336  -44.335  -13.404 0.5000000000
36829  26.413  -44.973  -13.656 0.6999999881
36101  22.721  -46.652  -19.226 0.8999999762
36910  24.111  -45.939  -19.202 0.8000000119
134911  24.533  -45.138  -13.379 0.5000000000
134045  26.057  -44.243  -13.354 0.6999999881
38315  26.528  -43.785  -18.100 0.8000000119
35307  24.859  -47.764  -21.659 0.8000000119
36136  23.084  -46.591  -21.223 0.8000000119
38270  27.582  -43.637  -15.475 0.6999999881
39039  25.844  -42.539  -18.710 0.8000000119
36965  21.166  -44.720  -21.264 0.8999999762
136220  27.761  -42.984  -15.485 0.6999999881
39861  27.879  -41.013  -14.627 0.6000000238
36964  24.926  -45.158  -22.230 0.6999999881
39080  21.045  -42.044  -21.286 0.8999999762
38356  24.139  -43.192  -22.328 0.6999999881
130355  26.022  -44.013  -23.009 0.6000000238
38373  25.056  -43.576  -22.580 0.6000000238
136857  24.470  -42.404  -21.693 0.8000000119
144674  25.688  -42.709  -22.280 0.6000000238
38385  28.698  -43.967  -24.152 0.6000000238
40935  27.840  -40.820  -20.710 0.6000000238
42858  26.224  -38.153  -21.148 0.4000000060
42857  27.364  -38.378  -21.251 0.4000000060
43832  26.145  -37.284  -22.533 0.4000000060
43844  29.272  -37.984  -24.494 0.4000000060
18913  16.425  -65.817  -12.679 0.4000000060
139270  17.964  -65.594  -11.650 0.4000000060
18891  17.781  -65.455  -10.348 0.4000000060
18912  17.557  -65.589  -12.673 0.4000000060
18890  18.295  -65.226  -10.984 0.4000000060
19786  18.125  -64.705  -10.328 0.4000000060
19815  18.017  -65.161  -13.509 0.3000000119
19797  18.498  -65.095  -11.709 0.4000000060
20676  18.265  -64.409  -14.131 0.4000000060
20685  17.550  -63.998  -14.812 0.4000000060
20686  16.705  -63.505  -15.278 0.4000000060
21536  16.565  -62.337  -15.197 0.4000000060
19796  18.551  -64.597  -11.333 0.5000000000
20644  18.510  -63.935  -10.941 0.4000000060
20665  19.220  -63.923  -12.781 0.4000000060
20659  19.071  -63.854  -11.758 0.4000000060
20684  18.300  -63.468  -14.406 0.5000000000
21535  17.458  -62.978  -14.814 0.4000000060
22418  16.782  -61.348  -14.715 0.5000000000
22419  15.965  -61.353  -15.217 0.5000000000
23276  16.161  -60.511  -14.901 0.6000000238
23287  15.245  -60.637  -15.305 0.5000000000
122810  14.648  -59.842  -15.282 0.6000000238
147861  13.894  -59.606  -15.632 0.4000000060
21486  18.842  -63.237  -11.209 0.5000000000
124577  18.100  -63.154  -10.724 0.5000000000
140277  17.420  -62.954  -10.416 0.5000000000
21488  16.781  -62.517  -10.345 0.5000000000
20658  19.446  -63.234  -12.330 0.6000000238
20664  19.411  -63.071  -13.257 0.5000000000
146311  19.602  -62.638  -12.600 0.6000000238
131290  18.914  -63.047  -13.984 0.5000000000
21534  18.225  -62.419  -14.326 0.4000000060
22417  17.664  -61.449  -14.411 0.6000000238
23275  17.167  -60.578  -14.552 0.6000000238
24160  16.407  -59.750  -14.899 0.6000000238
122645  15.598  -59.284  -15.279 0.6000000238
129286  15.174  -58.206  -16.076 0.6000000238
23286  15.412  -59.801  -15.089 0.6000000238
24161  14.682  -59.146  -15.319 0.6000000238
25971  14.252  -58.241  -16.374 0.6000000238
25988  14.059  -58.054  -16.994 0.6000000238
130559  18.540  -62.558  -10.809 0.5000000000
21487  17.498  -62.407  -10.530 0.5000000000
22358  16.591  -61.989  -10.572 0.5000000000
21504  19.578  -62.595  -11.902 0.6000000238
21485  19.249  -62.546  -11.269 0.6000000238
21527  19.590  -62.183  -13.059 0.6000000238
21519  19.781  -62.028  -12.342 0.6000000238
21528  19.074  -62.297  -13.732 0.5000000000
22404  20.019  -61.383  -12.831 0.6000000238
22416  18.533  -61.516  -14.042 0.6000000238
131205  18.009  -60.898  -14.271 0.6000000238
25970  14.783  -57.924  -16.386 0.6000000238
26899  15.022  -56.941  -17.211 0.6999999881
22356  18.201  -61.802  -10.560 0.6000000238
22357  17.286  -61.615  -10.532 0.5000000000
133408  16.598  -61.351  -10.547 0.5000000000
22370  19.707  -61.819  -11.509 0.6000000238
22355  19.125  -61.827  -10.780 0.6000000238
23225  16.303  -60.680  -10.440 0.5000000000
23226  15.378  -60.572  -10.427 0.5000000000
22369  20.139  -61.189  -11.633 0.6000000238
26885  15.438  -56.846  -16.812 0.6999999881
23223  18.725  -61.078  -10.471 0.6000000238
144205  17.902  -61.134  -10.414 0.6000000238
23224  17.168  -60.842  -10.494 0.6000000238
23238  19.608  -60.978  -10.928 0.6000000238
139824  18.345  -59.690  -10.468 0.6000000238
24094  17.596  -59.472  -10.423 0.6000000238
24095  16.642  -59.088  -10.391 0.6000000238
24096  15.603  -59.010  -10.345 0.6000000238
24109  19.682  -59.950  -10.936 0.6000000238
24097  15.072  -59.697  -10.352 0.5000000000
22386  20.378  -60.920  -12.252 0.6000000238
24981  15.187  -58.256  -10.540 0.6000000238
26898  15.405  -56.227  -17.672 0.6999999881
23222  18.952  -60.253  -10.512 0.6000000238
24979  17.458  -58.696  -10.570 0.6000000238
24993  19.578  -58.901  -11.034 0.6000000238
24977  18.936  -59.398  -10.648 0.6000000238
24978  18.175  -59.030  -10.552 0.6000000238
138939  16.846  -58.329  -10.646 0.6000000238
24980  16.079  -58.319  -10.590 0.6000000238
23237  20.257  -60.496  -11.499 0.6000000238
25882  15.693  -57.550  -10.766 0.6000000238
23257  20.628  -60.138  -12.216 0.6000000238
133774  20.773  -59.795  -13.651 0.6000000238
27786  15.743  -55.548  -17.602 0.6999999881
28720  15.980  -55.204  -18.585 0.6999999881
24108  20.314  -59.595  -11.492 0.6000000238
140938  18.247  -58.073  -10.984 0.6999999881
144760  17.484  -57.941  -10.921 0.6999999881
24123  20.771  -59.304  -12.206 0.6000000238
28719  16.304  -54.490  -18.382 0.6999999881
126236  18.942  -58.053  -11.149 0.6999999881
24992  20.326  -58.687  -11.612 0.6999999881
133286  19.691  -58.124  -11.373 0.6999999881
25899  18.183  -57.402  -11.476 0.6999999881
129300  17.113  -57.183  -11.466 0.6999999881
25881  16.569  -57.691  -10.899 0.6000000238
26796  16.682  -56.453  -11.804 0.6000000238
25900  16.199  -56.962  -11.204 0.5000000000
25898  19.234  -57.426  -11.620 0.6999999881
26795  17.663  -56.527  -12.080 0.6999999881
132552  14.986  -56.143  -11.401 0.5000000000
146772  17.713  -56.010  -12.462 0.6999999881
26816  17.124  -55.839  -12.221 0.6000000238
27671  16.222  -55.822  -11.910 0.6000000238
38316  25.803  -43.593  -18.754 0.6999999881
132396  25.035  -43.030  -19.255 0.6999999881
38302  27.484  -43.197  -17.032 0.6000000238
39028  27.352  -42.289  -17.547 0.6000000238
39040  24.084  -42.452  -19.286 0.6999999881
39921  23.719  -41.406  -19.024 0.6999999881
138707  21.985  -41.825  -19.692 0.6999999881
39043  21.185  -41.573  -19.895 0.6999999881
39895  27.912  -41.641  -17.049 0.6000000238
39038  26.630  -42.466  -18.218 0.6000000238
146831  26.198  -42.047  -18.412 0.6999999881
39029  24.799  -42.008  -18.853 0.6999999881
39894  28.310  -41.032  -16.576 0.6000000238
39041  22.895  -41.837  -19.362 0.6999999881
39922  22.613  -40.697  -19.213 0.6999999881
39910  27.402  -41.340  -17.623 0.6000000238
124732  26.822  -40.939  -18.055 0.6000000238
142611  25.580  -41.538  -18.530 0.6999999881
39913  24.429  -40.998  -18.712 0.6999999881
39914  23.250  -40.382  -18.808 0.6999999881
137098  22.378  -39.905  -19.088 0.6999999881
40907  21.692  -40.114  -19.809 0.6999999881
148535  28.292  -40.409  -16.926 0.6000000238
40878  27.973  -40.863  -17.230 0.6000000238
40879  27.388  -40.535  -17.755 0.5000000000
40880  26.518  -40.265  -18.187 0.6000000238
40881  25.328  -39.949  -18.422 0.5000000000
40882  23.998  -39.926  -18.576 0.6999999881
41851  23.138  -38.948  -18.603 0.6999999881
41870  22.352  -38.885  -19.730 0.6999999881
43842  31.674  -38.154  -24.663 0.3000000119
42887  32.052  -39.614  -25.863 0.3000000119
41923  31.511  -39.773  -25.649 0.3000000119
124834  16.997  -66.056  -11.958 0.4000000060
18899  17.261  -66.082  -10.939 0.3000000119
18892  17.144  -66.142  -9.779 0.4000000060
18881  17.505  -65.198  -9.441 0.4000000060
19826  16.468  -65.280  -14.394 0.4000000060
135364  16.673  -64.533  -15.039 0.4000000060
127126  15.987  -63.031  -15.529 0.4000000060
21538  15.144  -63.070  -15.596 0.4000000060
22429  15.405  -61.355  -15.411 0.5000000000
20646  17.022  -63.171  -9.880 0.4000000060
25067  13.789  -58.625  -16.511 0.5000000000
20647  16.116  -62.864  -9.777 0.5000000000
26003  14.512  -57.590  -17.440 0.6000000238
21489  15.945  -62.298  -10.412 0.5000000000
133407  15.773  -61.524  -10.558 0.5000000000
23227  14.770  -61.304  -10.580 0.5000000000
26910  14.921  -56.973  -17.883 0.6000000238
133256  13.926  -58.993  -10.317 0.4000000060
26909  15.417  -56.370  -18.300 0.6999999881
25883  14.786  -57.461  -10.671 0.5000000000
28734  16.554  -54.768  -19.047 0.6999999881
26780  15.332  -56.775  -10.970 0.5000000000
132663  17.344  -54.917  -19.541 0.8000000119
147386  17.967  -55.110  -19.936 0.6999999881
26798  14.201  -56.004  -11.369 0.5000000000
27672  15.363  -55.756  -11.741 0.6000000238
37554  26.724  -44.002  -13.753 0.6000000238
41847  28.364  -39.779  -16.927 0.5000000000
134253  28.032  -40.103  -17.407 0.5000000000
42804  27.203  -38.629  -18.292 0.5000000000
123044  26.155  -39.602  -18.304 0.5000000000
41850  24.225  -39.149  -18.454 0.5000000000
42807  23.572  -38.544  -18.639 0.5000000000
42829  22.624  -38.262  -19.689 0.5000000000
43859  31.520  -37.496  -25.134 0.3000000119
43858  31.702  -38.055  -25.758 0.3000000119
41930  31.573  -39.175  -25.937 0.3000000119
22403  20.474  -60.491  -13.061 0.6000000238
22405  19.362  -61.481  -13.557 0.6000000238
26815  18.270  -56.060  -12.587 0.8000000119
25969  15.349  -57.626  -16.495 0.6999999881
126677  15.606  -56.140  -17.170 0.6999999881
28708  15.912  -55.031  -17.998 0.6999999881
146675  26.441  -43.113  -18.413 0.6999999881
39937  21.221  -40.933  -20.132 0.6999999881
41929  31.947  -39.666  -25.911 0.3000000119
26922  18.122  -56.286  -20.138 0.6999999881
19808  18.378  -65.204  -12.523 0.4000000060
18924  17.048  -65.482  -13.577 0.3000000119
20675  18.871  -63.783  -13.683 0.5000000000
20645  17.908  -63.718  -10.252 0.5000000000
22430  14.826  -61.360  -15.536 0.3000000119
24162  13.555  -59.271  -16.148 0.4000000060
20633  16.575  -63.741  -9.088 0.5000000000
26797  15.801  -56.298  -11.569 0.6000000238
39923  21.726  -40.875  -19.597 0.6999999881
39911  26.644  -41.640  -18.182 0.6999999881
39912  25.085  -40.660  -18.537 0.6999999881
124745  26.001  -40.844  -18.330 0.6000000238
40883  22.678  -39.474  -18.804 0.6999999881
40893  22.108  -39.453  -19.448 0.6999999881
130150  27.293  -39.568  -18.005 0.5000000000
42819  22.909  -38.282  -19.022 0.5000000000
41858  22.455  -38.798  -19.193 0.6999999881
122383  28.454  -39.027  -16.881 0.5000000000
122570  26.272  -38.940  -18.353 0.5000000000
43768  23.591  -38.005  -18.895 0.5000000000
27812  16.882  -55.608  -19.452 0.6000000238
27811  17.650  -55.684  -19.897 0.6000000238
26936  20.249  -56.726  -21.240 0.5000000000
26049  18.530  -56.771  -20.113 0.6000000238
26937  19.142  -56.391  -20.522 0.6000000238
26073  23.403  -57.061  -23.242 0.5000000000
26949  21.134  -56.544  -21.868 0.5000000000
27823  19.948  -55.891  -20.805 0.6000000238
133189  15.999  -52.946  -12.310 0.5000000000
27824  19.193  -55.456  -20.412 0.6000000238
26959  24.129  -56.772  -23.552 0.5000000000
26948  21.795  -56.824  -22.379 0.5000000000
27821  24.376  -55.820  -21.886 0.5000000000
30484  16.365  -52.182  -12.408 0.4000000060
133226  15.783  -51.548  -12.600 0.4000000060
26960  23.608  -56.516  -23.515 0.5000000000
136307  24.346  -54.938  -19.832 0.5000000000
27848  24.358  -55.935  -23.154 0.5000000000
32464  15.581  -50.407  -12.960 0.4000000060
28729  24.760  -54.145  -19.220 0.5000000000
28743  24.012  -54.966  -20.991 0.5000000000
145274  16.067  -49.628  -12.803 0.4000000060
128128  19.931  -47.339  -13.577 0.4000000060
36032  19.420  -46.786  -13.814 0.4000000060
36033  18.594  -46.611  -13.883 0.4000000060
36833  22.716  -44.832  -13.720 0.4000000060
36835  20.834  -45.903  -14.074 0.4000000060
37566  22.620  -43.302  -14.344 0.4000000060
132239  20.055  -46.446  -13.945 0.4000000060
37569  20.821  -44.323  -14.675 0.4000000060
141764  20.649  -45.132  -14.393 0.4000000060
36044  19.368  -46.088  -14.157 0.4000000060
36848  21.981  -44.892  -14.168 0.4000000060
36834  21.640  -45.638  -13.901 0.4000000060
37557  23.248  -43.985  -13.678 0.4000000060
37567  22.347  -44.154  -14.341 0.4000000060
38261  21.848  -43.569  -14.750 0.4000000060
37568  21.587  -44.246  -14.596 0.4000000060
38262  21.218  -43.611  -14.926 0.4000000060
36850  20.082  -45.610  -14.265 0.4000000060
38272  20.899  -43.064  -15.251 0.4000000060
37583  20.542  -43.602  -14.987 0.4000000060
36851  19.387  -45.245  -14.457 0.4000000060
37555  25.394  -44.846  -13.391 0.4000000060
38986  23.195  -42.598  -14.125 0.4000000060
141852  21.993  -43.052  -14.809 0.4000000060
38250  25.250  -43.765  -13.321 0.4000000060
38978  23.967  -42.726  -13.780 0.4000000060
38987  22.425  -42.543  -14.509 0.4000000060
130734  22.163  -41.811  -14.573 0.4000000060
38271  21.489  -43.124  -15.032 0.4000000060
38998  21.266  -42.656  -15.115 0.4000000060
146244  20.450  -42.684  -15.271 0.4000000060
38248  26.496  -43.124  -13.734 0.5000000000
38249  26.095  -43.628  -13.407 0.5000000000
127307  25.248  -42.315  -13.503 0.5000000000
130485  24.773  -42.916  -13.576 0.4000000060
39852  23.859  -41.927  -13.782 0.4000000060
39863  22.938  -41.855  -14.179 0.4000000060
38988  21.750  -42.566  -14.861 0.4000000060
38976  25.650  -42.995  -13.503 0.5000000000
38977  24.514  -42.317  -13.622 0.4000000060
128408  23.462  -41.132  -13.837 0.4000000060
40839  22.654  -41.060  -14.221 0.4000000060
40823  24.324  -41.102  -13.601 0.4000000060
40838  23.162  -40.342  -13.885 0.4000000060
41784  25.230  -39.750  -13.554 0.4000000060
42732  24.961  -39.055  -13.602 0.4000000060
41785  24.466  -39.679  -13.514 0.4000000060
42733  24.185  -38.913  -13.561 0.4000000060
43691  23.868  -38.158  -13.816 0.4000000060
38975  26.948  -42.441  -13.904 0.5000000000
40821  26.160  -40.770  -13.633 0.5000000000
41783  25.980  -39.889  -13.692 0.4000000060
42754  24.798  -38.219  -13.843 0.4000000060
43714  23.557  -37.548  -14.044 0.3000000119
38985  27.490  -42.511  -14.521 0.5000000000
148484  25.475  -40.350  -13.552 0.5000000000
40822  25.196  -40.993  -13.512 0.4000000060
40824  23.965  -40.385  -13.604 0.4000000060
41802  22.913  -39.540  -13.964 0.4000000060
141302  24.778  -40.378  -13.499 0.4000000060
41786  23.664  -39.618  -13.641 0.4000000060
39862  27.184  -40.891  -13.987 0.5000000000
148191  25.426  -38.629  -13.873 0.4000000060
123274  23.691  -36.860  -14.191 0.3000000119
40837  26.802  -40.064  -14.036 0.5000000000
41801  25.675  -39.200  -13.778 0.4000000060
139015  25.681  -38.030  -14.154 0.4000000060
129405  24.610  -36.512  -14.339 0.4000000060
43713  24.291  -37.428  -14.030 0.3000000119
45601  23.486  -35.526  -14.604 0.3000000119
44662  22.992  -36.333  -14.400 0.3000000119
41799  27.348  -39.381  -14.461 0.5000000000
40835  28.267  -40.358  -15.107 0.4000000060
122687  26.495  -38.018  -14.446 0.3000000119
125951  25.201  -37.334  -14.171 0.4000000060
45600  24.343  -35.602  -14.617 0.3000000119
124300  23.821  -36.169  -14.442 0.3000000119
46572  23.126  -34.770  -14.783 0.3000000119
45602  22.613  -35.491  -14.577 0.3000000119
146246  27.194  -38.084  -14.745 0.3000000119
41798  28.103  -39.506  -14.964 0.4000000060
41813  28.483  -39.712  -15.749 0.4000000060
40863  28.463  -40.197  -16.423 0.4000000060
43712  26.119  -37.310  -14.406 0.3000000119
44661  25.657  -36.545  -14.469 0.3000000119
46571  23.990  -34.814  -14.835 0.3000000119
46573  22.255  -34.723  -14.747 0.3000000119
133638  21.872  -34.000  -14.851 0.3000000119
43711  26.962  -37.405  -14.748 0.3000000119
130716  22.737  -34.089  -15.108 0.3000000119
124727  21.745  -32.991  -15.349 0.3000000119
42751  27.744  -38.640  -14.926 0.3000000119
145745  28.103  -38.326  -15.408 0.3000000119
43729  28.422  -38.042  -15.879 0.3000000119
41831  28.480  -39.533  -16.443 0.4000000060
41848  28.184  -39.304  -17.453 0.4000000060
41849  25.274  -39.113  -18.407 0.4000000060
47599  21.557  -33.493  -15.141 0.3000000119
44678  26.783  -36.141  -15.239 0.3000000119
44660  26.532  -36.651  -14.773 0.3000000119
43710  27.745  -37.766  -15.274 0.3000000119
44677  28.235  -37.104  -15.797 0.3000000119
43745  28.529  -38.191  -16.719 0.3000000119
141622  28.544  -37.498  -17.281 0.4000000060
42802  28.347  -38.375  -17.472 0.4000000060
146025  28.350  -37.645  -17.795 0.4000000060
42818  26.284  -38.144  -18.554 0.4000000060
42805  25.278  -38.365  -18.553 0.4000000060
43767  24.386  -37.947  -18.773 0.4000000060
140730  28.509  -36.993  -17.819 0.3000000119
43781  28.120  -37.315  -18.268 0.3000000119
42817  27.132  -37.987  -18.501 0.4000000060
43783  26.523  -37.368  -18.797 0.4000000060
43784  25.121  -37.554  -18.866 0.4000000060
43794  24.467  -37.099  -19.448 0.4000000060
43785  23.929  -37.575  -19.198 0.4000000060
43810  23.096  -37.777  -20.194 0.4000000060
42844  22.620  -38.368  -20.091 0.5000000000
44704  28.397  -36.315  -17.859 0.3000000119
44720  28.113  -36.563  -18.370 0.3000000119
127070  27.447  -36.913  -18.699 0.3000000119
140773  26.669  -36.672  -19.147 0.4000000060
43793  25.570  -36.841  -19.236 0.4000000060
44730  25.024  -36.447  -19.775 0.3000000119
44731  24.204  -36.972  -19.940 0.4000000060
43808  24.054  -37.620  -20.747 0.3000000119
42843  23.252  -37.976  -20.545 0.3000000119
42842  24.199  -38.028  -20.849 0.3000000119
129255  28.200  -35.816  -18.407 0.3000000119
44721  27.469  -35.960  -19.100 0.3000000119
44729  26.137  -36.111  -19.478 0.3000000119
44742  24.583  -36.697  -20.565 0.3000000119
43809  23.966  -37.352  -20.329 0.3000000119
43821  24.533  -37.200  -21.153 0.3000000119
45667  28.099  -35.258  -18.856 0.3000000119
45678  25.676  -35.625  -19.835 0.3000000119
44741  25.231  -36.060  -20.274 0.3000000119
44751  24.704  -36.539  -21.592 0.3000000119
43820  24.703  -37.259  -21.574 0.3000000119
44763  24.723  -36.735  -22.268 0.3000000119
43833  24.989  -37.066  -22.440 0.3000000119
44761  25.343  -36.825  -23.036 0.3000000119
126540  26.155  -42.360  -13.556 0.5000000000
27813  16.190  -55.688  -19.055 0.6000000238
26923  17.291  -56.413  -19.584 0.5000000000
134640  19.670  -57.044  -20.870 0.5000000000
26048  19.109  -57.116  -20.263 0.5000000000
26947  24.896  -56.720  -22.692 0.5000000000
26060  22.764  -57.378  -22.398 0.5000000000
26047  20.361  -57.310  -21.173 0.5000000000
28617  17.217  -55.039  -12.237 0.6000000238
28618  16.557  -54.630  -12.055 0.6000000238
29556  16.520  -53.796  -12.250 0.6000000238
29557  15.537  -53.593  -12.097 0.5000000000
143584  15.180  -52.877  -12.198 0.5000000000
30486  14.573  -52.474  -12.558 0.5000000000
31493  14.846  -51.719  -12.925 0.4000000060
31502  15.224  -50.991  -12.995 0.4000000060
125231  15.456  -49.763  -13.222 0.4000000060
36034  17.538  -46.817  -13.759 0.3000000119
36852  18.576  -45.670  -14.356 0.4000000060
37584  19.690  -43.712  -14.957 0.4000000060
38273  20.015  -43.023  -15.214 0.4000000060
38999  20.752  -42.324  -15.198 0.4000000060
39876  20.507  -41.318  -15.253 0.4000000060
40840  21.886  -40.955  -14.579 0.4000000060
39875  21.340  -41.810  -14.906 0.4000000060
128141  22.422  -40.219  -14.301 0.4000000060
40849  21.166  -40.739  -14.961 0.4000000060
42755  23.031  -38.104  -14.039 0.4000000060
123547  22.890  -37.268  -14.191 0.4000000060
143764  22.749  -38.848  -14.083 0.4000000060
45603  21.655  -35.444  -14.612 0.3000000119
27809  24.691  -55.755  -19.622 0.5000000000
35200  16.376  -47.869  -13.409 0.4000000060
141557  19.283  -42.597  -15.370 0.4000000060
39000  19.971  -42.176  -15.373 0.4000000060
41804  21.664  -40.052  -14.602 0.4000000060
33430  15.865  -49.131  -13.012 0.4000000060
27838  20.629  -56.085  -21.363 0.5000000000
40848  28.456  -40.657  -15.832 0.5000000000
38251  24.157  -43.467  -13.617 0.4000000060
127729  27.408  -41.725  -14.208 0.5000000000
42803  27.877  -38.815  -17.885 0.4000000060
43796  23.116  -37.775  -19.478 0.4000000060
26061  21.759  -57.261  -22.116 0.5000000000
26059  23.906  -57.426  -22.869 0.5000000000
136506  20.169  -44.124  -14.759 0.4000000060
37570  19.485  -44.431  -14.710 0.4000000060
39851  24.791  -41.717  -13.536 0.4000000060
39850  25.698  -41.629  -13.499 0.5000000000
39849  26.643  -41.637  -13.697 0.5000000000
40836  27.650  -40.201  -14.525 0.5000000000
42753  26.102  -38.631  -14.111 0.4000000060
42752  26.927  -38.658  -14.424 0.4000000060
42787  28.518  -38.896  -16.192 0.3000000119
42816  27.901  -38.079  -18.166 0.4000000060
43782  27.480  -37.541  -18.482 0.4000000060
45620  27.436  -35.968  -15.806 0.3000000119
43795  23.655  -37.397  -19.764 0.4000000060
45676  27.627  -34.967  -19.363 0.3000000119
45677  26.683  -35.323  -19.634 0.3000000119
46654  25.934  -34.829  -19.820 0.3000000119
44762  24.802  -36.657  -22.885 0.3000000119
24982  14.305  -58.225  -10.476 0.4000000060
25884  13.724  -57.404  -10.641 0.4000000060
26782  13.506  -56.496  -11.065 0.3000000119
26781  14.436  -56.663  -10.938 0.4000000060
27673  14.129  -55.579  -11.515 0.3000000119
26022  14.558  -57.862  -18.119 0.5000000000
28594  14.675  -55.160  -11.691 0.5000000000
28595  13.548  -54.965  -11.670 0.3000000119
26021  15.309  -57.342  -18.445 0.5000000000
134649  15.864  -57.377  -18.724 0.5000000000
136642  15.521  -58.064  -18.644 0.5000000000
140651  15.912  -54.283  -12.045 0.5000000000
28619  15.080  -54.279  -11.857 0.4000000060
26036  15.909  -56.532  -18.849 0.5000000000
26020  16.135  -57.880  -18.692 0.5000000000
26019  16.934  -57.781  -18.715 0.3000000119
26035  16.542  -57.042  -19.051 0.4000000060
125727  17.479  -57.205  -19.270 0.4000000060
123498  17.928  -58.695  -18.412 0.3000000119
26018  17.890  -57.915  -18.778 0.3000000119
25116  19.363  -58.260  -19.069 0.3000000119
25117  18.728  -57.901  -19.134 0.3000000119
133003  21.640  -57.917  -20.744 0.3000000119
26032  20.074  -58.118  -19.636 0.3000000119
26033  19.272  -57.666  -19.643 0.4000000060
26034  18.424  -57.323  -19.570 0.4000000060
30495  13.837  -52.068  -13.465 0.3000000119
26044  23.258  -57.755  -21.609 0.4000000060
25134  20.759  -57.931  -20.456 0.4000000060
31503  14.218  -51.089  -13.601 0.3000000119
34343  15.623  -48.392  -13.571 0.3000000119
37571  18.631  -44.825  -14.694 0.3000000119
37585  18.768  -44.047  -15.006 0.3000000119
38274  18.890  -43.245  -15.222 0.3000000119
39877  19.559  -41.255  -15.479 0.3000000119
130306  20.610  -40.410  -15.222 0.3000000119
126959  19.969  -40.487  -15.391 0.3000000119
41816  19.444  -39.763  -15.535 0.3000000119
40851  18.592  -40.155  -15.751 0.3000000119
41803  22.245  -39.362  -14.382 0.3000000119
41814  20.996  -39.877  -15.004 0.3000000119
42771  20.720  -39.216  -14.925 0.3000000119
41815  20.267  -39.687  -15.260 0.3000000119
42756  22.248  -38.416  -14.374 0.3000000119
42758  20.830  -38.493  -14.689 0.3000000119
125377  20.128  -38.788  -15.162 0.3000000119
43716  21.016  -37.585  -14.519 0.3000000119
128918  20.326  -38.017  -14.860 0.3000000119
145721  22.565  -37.812  -14.247 0.3000000119
43715  22.041  -37.554  -14.358 0.3000000119
44664  21.626  -36.828  -14.408 0.3000000119
44665  20.877  -36.697  -14.647 0.3000000119
26004  14.156  -58.083  -17.530 0.5000000000
26046  21.154  -57.503  -21.415 0.4000000060
32471  14.826  -50.354  -13.418 0.3000000119
42757  21.464  -39.106  -14.670 0.3000000119
40850  19.242  -40.545  -15.560 0.3000000119
140307  21.519  -38.232  -14.514 0.3000000119
28620  13.981  -54.229  -11.870 0.3000000119
29558  14.456  -53.328  -12.094 0.3000000119
30487  13.779  -52.781  -12.702 0.3000000119
19778  15.794  -64.228  -8.588 0.4000000060
129457  15.426  -63.315  -9.329 0.4000000060
20634  14.246  -62.934  -9.732 0.4000000060
143552  13.611  -62.464  -10.313 0.3000000119
130111  15.145  -62.568  -10.134 0.4000000060
21490  14.261  -62.295  -10.454 0.4000000060
22360  14.125  -61.767  -10.677 0.4000000060
142024  14.252  -60.510  -15.529 0.3000000119
22359  14.997  -62.029  -10.626 0.4000000060
142687  13.488  -60.616  -10.729 0.3000000119
131111  13.705  -59.787  -10.556 0.3000000119
23228  13.997  -61.129  -10.622 0.4000000060
24098  12.120  -59.417  -10.889 0.3000000119
23229  12.870  -60.045  -10.747 0.3000000119
136743  12.832  -57.742  -10.505 0.3000000119
122799  14.395  -60.379  -10.511 0.4000000060
126318  13.102  -59.180  -10.596 0.3000000119
24983  13.396  -58.320  -10.409 0.3000000119
19779  14.629  -63.813  -8.884 0.4000000060
25885  12.749  -57.062  -10.861 0.3000000119
19776  17.482  -64.270  -9.458 0.3000000119
25886  12.052  -57.684  -10.839 0.3000000119
19807  18.816  -64.588  -12.208 0.4000000060
19814  18.692  -64.598  -13.198 0.5000000000
19825  17.417  -64.900  -14.358 0.3000000119
20687  15.758  -64.063  -15.496 0.4000000060
21505  19.309  -63.119  -11.675 0.6000000238
21537  15.519  -62.103  -15.470 0.5000000000
21549  14.578  -62.236  -15.660 0.3000000119
22387  20.123  -61.505  -12.141 0.6000000238
24984  12.487  -58.445  -10.600 0.3000000119
24994  18.656  -58.623  -10.790 0.6999999881
24995  18.002  -58.448  -10.724 0.6999999881
25052  18.476  -58.459  -16.139 0.8000000119
25055  15.329  -58.691  -15.598 0.6000000238
25056  14.638  -58.491  -15.798 0.6000000238
25057  13.986  -58.788  -15.750 0.4000000060
25077  13.821  -58.549  -17.208 0.5000000000
25094  18.642  -58.414  -18.673 0.3000000119
25916  22.080  -57.126  -13.028 0.8999999762
25948  23.055  -56.916  -14.911 1.0000000000
25987  14.503  -57.632  -16.867 0.6999999881
26045  22.137  -57.654  -21.473 0.5000000000
26062  20.942  -57.102  -21.874 0.5000000000
26072  24.570  -57.130  -23.214 0.5000000000
26074  22.462  -57.025  -22.659 0.5000000000
26828  23.474  -56.256  -13.944 1.0000000000
26845  23.477  -56.284  -14.604 1.0000000000
26862  21.948  -57.015  -15.891 1.0000000000
26863  14.936  -57.339  -16.747 0.6000000238
26897  18.930  -56.343  -17.186 0.8000000119
26921  24.783  -56.371  -20.438 0.5000000000
26924  16.506  -56.233  -19.274 0.6000000238
26935  24.869  -56.547  -21.520 0.5000000000
26958  24.554  -56.741  -23.259 0.5000000000
26961  22.745  -56.501  -23.079 0.5000000000
26974  24.202  -56.294  -23.510 0.5000000000
26975  23.993  -56.107  -23.676 0.5000000000
26976  23.448  -55.904  -23.511 0.6000000238
27698  16.605  -55.283  -12.002 0.6000000238
27699  15.787  -55.052  -11.862 0.6000000238
27749  22.754  -55.344  -15.929 1.0000000000
27765  22.319  -55.107  -16.365 1.0000000000
27771  16.045  -55.505  -17.238 0.8000000119
27799  15.599  -55.622  -18.120 0.6999999881
27810  24.388  -55.743  -20.632 0.5000000000
27860  24.049  -55.615  -23.596 0.6000000238
28764  24.194  -54.904  -23.355 0.6000000238
28765  23.735  -54.467  -23.549 0.6000000238
28777  23.414  -55.219  -23.423 0.6000000238
29635  20.300  -53.989  -17.488 0.8999999762
29657  24.869  -53.332  -19.597 0.6000000238
29672  24.467  -53.506  -21.059 0.6000000238
29694  24.703  -53.046  -23.389 0.6000000238
29697  23.144  -53.937  -23.080 0.6999999881
30485  15.461  -52.278  -12.469 0.4000000060
30494  22.881  -53.073  -12.277 0.8999999762
30547  18.267  -52.094  -18.407 0.8999999762
30555  26.054  -52.766  -18.597 0.6000000238
30569  21.047  -52.048  -19.516 0.8000000119
30573  18.080  -52.067  -19.210 0.8999999762
30592  25.152  -52.839  -22.672 0.6000000238
30593  23.575  -52.460  -22.467 0.6999999881
30604  25.172  -52.365  -23.415 0.6999999881
30620  24.452  -52.992  -23.443 0.6000000238
31544  20.881  -52.029  -17.581 1.0000000000
31570  26.623  -51.986  -18.438 0.6000000238
31583  26.350  -51.494  -19.143 0.6000000238
31584  25.709  -51.896  -19.778 0.6000000238
31600  23.623  -51.163  -20.736 0.6999999881
31616  25.820  -51.667  -22.682 0.6000000238
31617  24.353  -51.004  -22.587 0.6999999881
31631  25.595  -51.682  -23.311 0.6999999881
31647  25.512  -51.376  -23.432 0.6999999881
31649  24.582  -52.219  -23.386 0.6999999881
32463  16.269  -50.107  -12.680 0.4000000060
32527  18.836  -50.237  -18.785 0.8999999762
32558  21.325  -50.504  -19.660 0.8000000119
32573  25.868  -50.873  -21.057 0.6000000238
32602  26.107  -50.453  -23.306 0.6000000238
32603  26.155  -51.142  -23.125 0.6000000238
32617  25.275  -51.018  -23.482 0.6999999881
33504  18.934  -49.626  -18.975 0.8999999762
33513  22.009  -49.538  -19.917 0.8000000119
33537  24.680  -49.313  -21.913 0.6999999881
33546  26.413  -49.641  -23.163 0.6000000238
33562  25.926  -49.810  -23.513 0.6999999881
33563  25.535  -50.216  -23.309 0.6999999881
34324  22.779  -48.793  -12.665 0.6000000238
34336  24.532  -48.635  -12.880 0.6999999881
34395  19.143  -49.148  -18.966 1.0000000000
34451  25.740  -48.774  -23.577 0.6999999881
34465  26.491  -48.674  -23.677 0.6999999881
35196  20.620  -47.572  -13.443 0.6000000238
35197  19.093  -47.397  -13.540 0.5000000000
35308  23.953  -47.263  -21.117 0.8000000119
35327  27.115  -47.546  -24.046 0.5000000000
36076  25.998  -46.766  -16.795 0.8000000119
36139  20.273  -46.353  -20.643 1.0000000000
36849  21.265  -45.023  -14.348 0.4000000060
36925  21.004  -45.262  -19.902 0.8999999762
37651  20.885  -44.949  -20.494 0.8999999762
37693  28.410  -44.625  -24.272 0.6000000238
37700  29.459  -44.401  -24.171 0.5000000000
37701  29.024  -44.707  -24.426 0.5000000000
38260  23.432  -43.197  -13.953 0.4000000060
38334  21.149  -43.021  -20.542 0.8999999762
38377  21.023  -43.033  -21.132 0.8999999762
38392  29.930  -43.837  -24.230 0.5000000000
39061  20.771  -42.328  -20.851 0.8999999762
39077  23.881  -42.629  -21.982 0.8000000119
39081  20.858  -42.378  -21.094 0.8999999762
39096  21.423  -42.480  -21.416 0.8999999762
39097  21.127  -42.588  -21.269 0.8999999762
39108  31.635  -42.377  -24.485 0.4000000060
39874  27.960  -41.844  -15.041 0.6999999881
39938  20.883  -41.557  -20.209 0.8000000119
39939  20.692  -41.880  -20.495 0.8999999762
39974  20.742  -41.843  -20.990 0.8999999762
40894  21.984  -40.059  -19.485 0.6999999881
40944  30.322  -40.635  -23.297 0.4000000060
41800  26.462  -39.299  -14.078 0.5000000000
42734  23.381  -38.853  -13.760 0.4000000060
42770  28.289  -38.851  -15.511 0.3000000119
42806  24.367  -38.504  -18.561 0.4000000060
42888  32.040  -38.895  -25.556 0.3000000119
43731  20.225  -37.257  -14.928 0.3000000119
122408  15.019  -58.173  -18.547 0.5000000000
124549  20.114  -44.774  -14.501 0.4000000060
124603  22.020  -46.966  -13.290 0.5000000000
124697  17.951  -60.380  -14.444 0.6000000238
125528  14.697  -55.760  -11.597 0.5000000000
125599  19.826  -57.521  -20.410 0.5000000000
125944  23.705  -42.026  -21.403 0.8000000119
126277  24.331  -53.916  -23.395 0.6000000238
126856  26.874  -51.242  -18.665 0.6000000238
127341  24.462  -54.131  -22.914 0.6000000238
127456  22.073  -43.533  -21.592 0.8999999762
128574  19.086  -50.040  -19.409 0.8999999762
130618  15.988  -59.832  -10.314 0.5000000000
130668  17.324  -62.082  -14.653 0.4000000060
130834  16.950  -60.026  -10.351 0.5000000000
133297  26.257  -50.371  -21.602 0.6000000238
133406  19.582  -53.054  -12.766 0.6999999881
133887  17.983  -60.349  -10.360 0.6000000238
134250  21.155  -56.185  -12.496 0.8999999762
134888  26.348  -49.203  -23.571 0.6000000238
135414  25.432  -52.083  -20.851 0.6000000238
135469  18.778  -50.224  -19.176 0.8999999762
135562  27.326  -47.023  -24.155 0.6000000238
135733  19.912  -55.164  -20.429 0.6000000238
135748  25.283  -51.942  -23.467 0.6999999881
136612  24.880  -55.002  -18.873 0.5000000000
137748  24.225  -54.166  -21.589 0.6000000238
139834  25.076  -49.780  -22.919 0.6999999881
140135  23.327  -55.574  -15.474 1.0000000000
140439  21.514  -49.443  -17.912 1.0000000000
141567  20.592  -52.516  -12.696 0.8999999762
141648  17.957  -56.792  -19.763 0.4000000060
141798  15.747  -55.851  -18.657 0.6000000238
142313  14.731  -58.942  -10.327 0.6000000238
145257  16.651  -58.440  -16.051 0.8000000119
145785  16.454  -62.613  -10.152 0.5000000000
145976  22.877  -47.230  -20.931 0.8000000119
146763  22.033  -53.006  -20.179 0.6999999881
147735  24.054  -57.145  -23.415 0.5000000000
147964  17.910  -65.597  -10.941 0.4000000060
148025  14.367  -59.548  -10.393 0.4000000060
148308  23.494  -49.586  -20.262 0.6999999881
148355  20.471  -45.591  -20.213 1.0000000000
