#!ascii label  , from subject chris_t1_2 vox2ras=TkReg
292
69218  27.995  -11.250  -30.693 0.0000000000
59362  23.478  -21.514  -24.679 0.0000000000
76029  26.557  -4.857  -32.182 0.0000000000
86025  24.482  5.849  -35.520 0.0000000000
57430  21.949  -23.099  -24.270 0.0000000000
148661  28.414  -1.964  -30.979 0.0000000000
81643  27.559  1.073  -31.485 0.0000000000
67198  25.519  -13.400  -30.863 0.0000000000
64225  25.688  -16.629  -27.477 0.0000000000
66146  27.068  -14.117  -28.233 0.0000000000
72025  29.945  -8.804  -30.276 0.0000000000
69174  29.486  -11.967  -28.034 0.0000000000
72051  27.595  -8.394  -31.895 0.0000000000
74967  29.500  -5.121  -30.670 0.0000000000
83389  24.905  3.116  -34.218 0.0000000000
84238  28.161  4.315  -32.543 0.0000000000
61174  24.884  -19.802  -24.862 0.0000000000
79811  27.018  -0.389  -31.864 0.0000000000
80741  26.227  0.564  -32.441 0.0000000000
68207  26.850  -12.282  -31.115 0.0000000000
67169  26.698  -13.853  -29.048 0.0000000000
68175  27.618  -12.618  -28.939 0.0000000000
58332  22.895  -22.724  -23.877 0.0000000000
73981  27.038  -6.581  -31.878 0.0000000000
73980  27.937  -6.635  -31.551 0.0000000000
132820  27.420  -5.002  -31.755 0.0000000000
125947  30.029  -0.400  -30.536 0.0000000000
77931  30.372  -2.328  -30.512 0.0000000000
84258  23.178  4.722  -36.201 0.0000000000
83396  24.146  3.244  -34.858 0.0000000000
84252  24.853  4.442  -34.773 0.0000000000
87778  27.770  8.219  -35.124 0.0000000000
86021  28.473  6.802  -34.289 0.0000000000
85146  27.143  5.564  -33.457 0.0000000000
85144  28.780  5.622  -33.340 0.0000000000
84236  29.756  4.364  -32.724 0.0000000000
64210  26.184  -16.506  -26.719 0.0000000000
62196  25.106  -18.109  -26.426 0.0000000000
57431  21.061  -23.382  -24.629 0.0000000000
76964  27.297  -3.316  -31.744 0.0000000000
78859  27.227  -1.776  -31.795 0.0000000000
79794  28.284  -0.288  -30.813 0.0000000000
81625  29.152  0.946  -30.966 0.0000000000
64240  24.522  -16.539  -28.918 0.0000000000
66148  25.732  -15.048  -29.198 0.0000000000
65201  26.466  -15.524  -27.548 0.0000000000
65188  26.783  -15.827  -26.745 0.0000000000
71102  28.968  -9.827  -30.640 0.0000000000
69186  28.521  -11.676  -29.256 0.0000000000
70174  30.248  -10.002  -28.975 0.0000000000
70210  26.191  -10.871  -31.957 0.0000000000
71131  26.575  -9.578  -32.252 0.0000000000
71114  28.038  -9.834  -31.557 0.0000000000
72039  28.931  -8.673  -31.023 0.0000000000
127374  29.378  -7.301  -30.861 0.0000000000
74949  30.813  -5.862  -30.005 0.0000000000
76948  28.717  -3.386  -30.853 0.0000000000
76946  30.362  -3.658  -30.375 0.0000000000
82545  25.449  2.056  -33.628 0.0000000000
86023  26.060  6.669  -34.434 0.0000000000
85147  26.282  5.155  -33.706 0.0000000000
137668  26.376  3.947  -33.214 0.0000000000
82537  26.430  2.374  -32.585 0.0000000000
82522  27.894  2.459  -31.791 0.0000000000
82520  29.591  2.500  -31.529 0.0000000000
61187  23.792  -19.994  -26.129 0.0000000000
63191  24.690  -17.905  -27.447 0.0000000000
67167  28.244  -13.002  -28.174 0.0000000000
66119  27.936  -14.737  -26.770 0.0000000000
79812  25.693  0.228  -32.912 0.0000000000
80742  25.709  0.900  -32.841 0.0000000000
147349  27.543  -11.849  -30.650 0.0000000000
144627  27.397  -12.413  -29.983 0.0000000000
68190  28.007  -11.750  -29.978 0.0000000000
57421  19.592  -24.166  -23.715 0.0000000000
56513  19.831  -24.950  -23.911 0.0000000000
58343  23.187  -22.088  -24.287 0.0000000000
74987  26.817  -5.713  -32.060 0.0000000000
74986  27.490  -5.893  -31.757 0.0000000000
80712  30.389  0.349  -30.751 0.0000000000
122951  30.780  -0.828  -30.517 0.0000000000
85161  23.840  5.229  -36.125 0.0000000000
84253  23.869  4.017  -35.406 0.0000000000
85155  24.717  5.190  -35.267 0.0000000000
86015  29.046  6.308  -33.767 0.0000000000
85143  29.482  5.501  -33.612 0.0000000000
63189  26.180  -16.932  -25.991 0.0000000000
63174  25.762  -17.637  -25.843 0.0000000000
59373  22.253  -21.615  -25.754 0.0000000000
77956  26.145  -2.611  -32.410 0.0000000000
78876  26.472  -1.838  -32.237 0.0000000000
80728  27.263  0.322  -31.622 0.0000000000
79795  27.663  -0.328  -31.405 0.0000000000
80727  27.940  0.382  -31.137 0.0000000000
79774  28.688  0.367  -30.677 0.0000000000
81642  28.410  1.053  -31.172 0.0000000000
130769  23.316  6.480  -36.527 0.0000000000
65238  24.971  -15.317  -29.601 0.0000000000
66162  25.368  -14.607  -29.941 0.0000000000
66147  26.409  -14.587  -28.703 0.0000000000
66132  26.701  -14.778  -27.837 0.0000000000
65200  27.123  -15.083  -27.104 0.0000000000
56512  20.863  -24.692  -23.938 0.0000000000
71112  29.325  -9.089  -30.646 0.0000000000
70176  28.968  -10.315  -29.823 0.0000000000
71101  29.746  -9.575  -29.839 0.0000000000
69231  25.628  -11.330  -32.109 0.0000000000
73018  25.939  -8.153  -32.284 0.0000000000
72052  26.990  -8.896  -32.157 0.0000000000
71130  27.580  -9.283  -31.838 0.0000000000
148248  28.169  -9.326  -31.538 0.0000000000
72050  28.318  -8.686  -31.533 0.0000000000
126224  28.661  -6.196  -31.187 0.0000000000
143581  29.191  -6.609  -30.977 0.0000000000
73965  29.314  -5.930  -30.810 0.0000000000
147166  30.324  -6.209  -30.345 0.0000000000
74966  30.097  -5.708  -30.505 0.0000000000
77944  27.637  -2.511  -31.500 0.0000000000
76963  28.013  -3.293  -31.320 0.0000000000
133349  28.394  -2.459  -30.979 0.0000000000
133733  30.060  -3.007  -30.414 0.0000000000
75998  31.725  -4.264  -30.082 0.0000000000
82552  23.750  2.646  -34.956 0.0000000000
140363  24.391  2.639  -34.547 0.0000000000
82546  24.921  2.273  -34.172 0.0000000000
128968  25.382  2.681  -33.759 0.0000000000
86906  27.352  7.664  -34.557 0.0000000000
131786  27.167  8.676  -35.340 0.0000000000
86017  27.039  6.481  -33.879 0.0000000000
84245  27.640  4.821  -33.030 0.0000000000
84246  26.728  4.656  -33.275 0.0000000000
84239  27.190  3.973  -32.701 0.0000000000
83381  26.457  3.236  -32.872 0.0000000000
143132  27.292  2.972  -32.233 0.0000000000
138606  27.910  3.653  -32.275 0.0000000000
84235  30.290  4.258  -33.059 0.0000000000
83379  29.525  3.810  -32.193 0.0000000000
83362  30.007  3.160  -31.811 0.0000000000
139309  30.328  2.357  -31.712 0.0000000000
61202  23.397  -19.731  -26.862 0.0000000000
64239  25.209  -16.653  -28.274 0.0000000000
64226  24.457  -17.311  -28.327 0.0000000000
63208  25.132  -17.184  -27.709 0.0000000000
61185  25.190  -19.102  -25.245 0.0000000000
140726  24.751  -18.804  -25.997 0.0000000000
61186  24.486  -19.532  -25.659 0.0000000000
60291  24.199  -20.256  -25.354 0.0000000000
69185  29.038  -11.772  -28.541 0.0000000000
68174  28.392  -12.257  -28.692 0.0000000000
68173  28.924  -12.351  -27.998 0.0000000000
78885  26.047  -1.141  -32.563 0.0000000000
139656  26.305  -0.311  -32.429 0.0000000000
80740  26.679  0.220  -31.995 0.0000000000
81653  26.783  0.932  -31.907 0.0000000000
67197  26.090  -13.461  -30.627 0.0000000000
67182  26.372  -13.636  -29.901 0.0000000000
68191  26.641  -13.005  -30.397 0.0000000000
67181  26.943  -13.074  -29.400 0.0000000000
67168  27.368  -13.377  -28.579 0.0000000000
56511  22.002  -24.365  -23.332 0.0000000000
57418  22.628  -23.557  -23.497 0.0000000000
126549  22.581  -24.829  -22.593 0.0000000000
72024  30.383  -8.181  -30.123 0.0000000000
71100  30.443  -8.861  -29.673 0.0000000000
128942  25.783  -7.390  -32.376 0.0000000000
73003  27.335  -7.483  -31.796 0.0000000000
74985  28.107  -5.627  -31.480 0.0000000000
74968  28.796  -5.336  -31.102 0.0000000000
79793  29.414  -1.090  -30.585 0.0000000000
77943  29.818  -1.752  -30.608 0.0000000000
141995  30.193  -1.107  -30.508 0.0000000000
78843  30.715  -1.546  -30.503 0.0000000000
83395  24.603  3.738  -34.671 0.0000000000
134881  25.180  3.838  -34.163 0.0000000000
87777  28.478  7.824  -35.233 0.0000000000
86022  27.683  7.022  -34.144 0.0000000000
85145  28.044  5.446  -33.279 0.0000000000
85135  28.518  4.985  -32.901 0.0000000000
84237  29.019  4.430  -32.525 0.0000000000
85134  29.276  5.003  -33.005 0.0000000000
84244  29.918  4.805  -33.324 0.0000000000
63190  25.504  -17.235  -26.766 0.0000000000
62183  25.466  -18.392  -25.580 0.0000000000
57420  20.507  -24.112  -24.203 0.0000000000
145198  21.358  -22.509  -25.207 0.0000000000
132997  21.865  -22.227  -25.319 0.0000000000
58344  22.350  -22.486  -24.654 0.0000000000
59363  22.699  -21.878  -25.028 0.0000000000
59372  23.082  -21.327  -25.482 0.0000000000
126492  26.260  -4.068  -32.435 0.0000000000
76028  26.938  -4.110  -31.897 0.0000000000
76965  26.572  -3.332  -32.190 0.0000000000
77945  26.895  -2.556  -31.980 0.0000000000
78857  28.048  -1.683  -31.194 0.0000000000
78875  26.822  -1.084  -32.187 0.0000000000
78858  27.485  -1.032  -31.659 0.0000000000
127666  28.600  -1.018  -30.817 0.0000000000
79773  29.041  -0.314  -30.450 0.0000000000
80713  29.534  0.383  -30.588 0.0000000000
81624  29.968  1.192  -30.908 0.0000000000
85162  22.960  5.473  -36.435 0.0000000000
86032  23.540  5.849  -36.270 0.0000000000
86031  24.253  6.494  -35.641 0.0000000000
65221  25.321  -15.880  -28.849 0.0000000000
66161  26.094  -14.345  -29.567 0.0000000000
65220  26.111  -15.333  -28.367 0.0000000000
65202  25.904  -16.083  -28.027 0.0000000000
64224  26.230  -16.128  -27.323 0.0000000000
64209  26.797  -16.413  -26.140 0.0000000000
70190  28.468  -10.525  -30.622 0.0000000000
69201  28.487  -11.065  -29.884 0.0000000000
69200  29.239  -11.088  -29.153 0.0000000000
70162  29.999  -10.713  -28.624 0.0000000000
148640  30.486  -9.422  -29.264 0.0000000000
70161  30.792  -10.386  -28.337 0.0000000000
69184  30.572  -11.187  -27.979 0.0000000000
69220  25.946  -12.179  -31.706 0.0000000000
134141  26.503  -11.519  -31.730 0.0000000000
69219  27.324  -11.434  -31.327 0.0000000000
127163  26.377  -10.295  -32.042 0.0000000000
70209  27.255  -10.108  -31.879 0.0000000000
70191  27.824  -10.610  -31.370 0.0000000000
71113  28.444  -10.054  -31.170 0.0000000000
71129  28.646  -9.392  -31.216 0.0000000000
72038  29.590  -8.226  -30.682 0.0000000000
73002  28.196  -7.695  -31.642 0.0000000000
72989  30.110  -7.418  -30.411 0.0000000000
144131  31.341  -6.559  -29.618 0.0000000000
126125  27.716  -4.076  -31.563 0.0000000000
76018  28.262  -4.736  -31.420 0.0000000000
142062  28.980  -4.364  -30.906 0.0000000000
77932  29.359  -2.604  -30.609 0.0000000000
76947  29.528  -3.556  -30.554 0.0000000000
137175  29.854  -4.356  -30.488 0.0000000000
124938  30.741  -4.451  -30.260 0.0000000000
81662  24.894  1.457  -33.974 0.0000000000
86024  25.044  6.466  -34.922 0.0000000000
86908  25.208  7.223  -34.961 0.0000000000
131872  25.360  5.872  -34.701 0.0000000000
85154  25.565  5.158  -34.365 0.0000000000
84247  25.776  4.408  -33.770 0.0000000000
83388  25.720  3.414  -33.582 0.0000000000
82544  25.886  2.615  -33.245 0.0000000000
81655  25.546  1.438  -33.243 0.0000000000
81654  26.194  1.453  -32.521 0.0000000000
82536  27.139  1.879  -31.941 0.0000000000
129017  28.130  1.779  -31.527 0.0000000000
83380  28.684  3.787  -32.159 0.0000000000
82521  28.718  2.495  -31.577 0.0000000000
81641  29.148  1.695  -31.320 0.0000000000
81640  30.577  1.623  -31.476 0.0000000000
60292  23.455  -20.669  -25.807 0.0000000000
60280  23.833  -20.912  -25.025 0.0000000000
62216  24.106  -18.546  -27.586 0.0000000000
62197  24.448  -18.672  -26.905 0.0000000000
61201  24.129  -19.342  -26.503 0.0000000000
143178  27.995  -12.145  -29.360 0.0000000000
67153  27.778  -13.706  -27.820 0.0000000000
67166  29.036  -13.034  -27.542 0.0000000000
67152  28.468  -13.505  -27.556 0.0000000000
66131  27.464  -14.402  -27.474 0.0000000000
65187  27.619  -15.461  -26.489 0.0000000000
57408  22.897  -24.201  -22.919 0.0000000000
63173  26.421  -17.425  -25.532 0.0000000000
63188  26.923  -16.952  -25.604 0.0000000000
66130  28.256  -14.079  -27.197 0.0000000000
67183  25.732  -13.950  -30.297 0.0000000000
68208  26.100  -12.968  -31.207 0.0000000000
69173  30.108  -11.885  -27.814 0.0000000000
70175  29.638  -10.349  -29.299 0.0000000000
70192  27.002  -10.883  -31.909 0.0000000000
73948  30.522  -6.674  -30.120 0.0000000000
73964  29.838  -6.561  -30.582 0.0000000000
73966  28.727  -7.052  -31.292 0.0000000000
75999  30.147  -4.979  -30.405 0.0000000000
78856  28.849  -1.801  -30.808 0.0000000000
82538  25.841  1.997  -33.004 0.0000000000
83363  29.175  3.218  -31.728 0.0000000000
83364  28.271  3.132  -31.882 0.0000000000
83378  30.324  3.664  -32.533 0.0000000000
86905  28.146  7.519  -34.650 0.0000000000
87779  26.902  8.247  -34.880 0.0000000000
122485  30.854  -2.948  -30.414 0.0000000000
129447  26.739  -8.228  -32.031 0.0000000000
129684  28.816  -7.934  -31.114 0.0000000000
130517  26.460  -7.394  -32.016 0.0000000000
133007  29.736  -11.427  -28.333 0.0000000000
139289  28.342  -3.979  -31.251 0.0000000000
140849  28.014  -0.888  -31.220 0.0000000000
141470  30.744  -0.252  -30.703 0.0000000000
141701  29.944  1.873  -31.423 0.0000000000
143750  30.615  -5.212  -30.250 0.0000000000
