#!ascii label  , from subject chris_t1_1 vox2ras=TkReg
993
46615  -24.146  -34.164  52.038 0.0000000000
139238  -42.049  -19.704  44.826 0.0000000000
148974  -42.505  -11.516  40.106 0.0000000000
71731  -48.494  -9.225  34.022 0.0000000000
61055  -38.748  -20.962  46.541 0.0000000000
125125  -44.425  -8.889  37.131 0.0000000000
136028  -47.720  -6.574  27.222 0.0000000000
134531  -52.153  -4.060  26.220 0.0000000000
59037  -44.575  -20.695  42.589 0.0000000000
63053  -46.458  -17.671  41.220 0.0000000000
66105  -41.807  -15.335  43.535 0.0000000000
52147  -22.012  -28.956  58.242 0.0000000000
135490  -20.443  -23.668  58.027 0.0000000000
58871  -26.079  -22.563  55.673 0.0000000000
57967  -28.805  -22.425  51.805 0.0000000000
56084  -34.079  -23.989  52.031 0.0000000000
56131  -37.800  -24.006  48.378 0.0000000000
58054  -41.690  -22.588  45.928 0.0000000000
67105  -45.315  -13.047  39.604 0.0000000000
77623  -53.004  -2.070  25.671 0.0000000000
61100  -43.743  -19.390  44.992 0.0000000000
142475  -44.106  -17.709  44.268 0.0000000000
64064  -42.578  -16.792  44.870 0.0000000000
53096  -18.653  -27.739  56.706 0.0000000000
54110  -20.001  -26.535  57.655 0.0000000000
60964  -34.096  -21.787  51.537 0.0000000000
56111  -35.950  -24.622  50.199 0.0000000000
58940  -37.583  -22.231  49.913 0.0000000000
61096  -40.098  -20.532  45.215 0.0000000000
58971  -41.029  -21.840  47.331 0.0000000000
148369  -42.589  -20.791  46.337 0.0000000000
58065  -42.902  -21.811  44.728 0.0000000000
67936  -44.688  -13.810  42.402 0.0000000000
65200  -45.827  -14.903  40.538 0.0000000000
69702  -45.607  -10.067  41.906 0.0000000000
71705  -46.492  -8.701  35.690 0.0000000000
71667  -47.534  -8.157  38.326 0.0000000000
71696  -49.209  -8.389  36.541 0.0000000000
123433  -50.044  -9.989  34.332 0.0000000000
71801  -50.812  -8.512  26.548 0.0000000000
71782  -50.019  -8.963  27.941 0.0000000000
60004  -36.964  -21.876  47.863 0.0000000000
69785  -45.619  -10.875  32.766 0.0000000000
74755  -49.563  -5.640  26.821 0.0000000000
72814  -53.084  -7.794  25.600 0.0000000000
74789  -53.005  -5.183  23.410 0.0000000000
58109  -46.454  -22.473  40.903 0.0000000000
61133  -46.069  -19.337  42.160 0.0000000000
65168  -44.423  -15.680  43.117 0.0000000000
50298  -23.362  -31.393  55.487 0.0000000000
129065  -22.547  -24.049  56.031 0.0000000000
58857  -22.877  -22.460  57.115 0.0000000000
55119  -25.474  -24.550  56.169 0.0000000000
54133  -27.784  -25.206  54.928 0.0000000000
139954  -28.923  -25.625  52.811 0.0000000000
56110  -31.057  -25.370  50.522 0.0000000000
56987  -32.037  -23.279  52.907 0.0000000000
139045  -35.712  -27.409  50.071 0.0000000000
149839  -39.152  -21.876  48.635 0.0000000000
57067  -39.985  -23.416  46.660 0.0000000000
56168  -40.650  -24.749  44.573 0.0000000000
57119  -41.506  -23.805  43.300 0.0000000000
58106  -43.983  -22.415  41.612 0.0000000000
71628  -46.227  -8.936  39.928 0.0000000000
70767  -49.344  -9.787  29.356 0.0000000000
70727  -49.939  -8.926  32.418 0.0000000000
47528  -24.222  -33.889  53.725 0.0000000000
62046  -43.058  -19.114  45.496 0.0000000000
63005  -43.096  -18.153  45.218 0.0000000000
62060  -42.700  -18.497  45.082 0.0000000000
59950  -34.814  -22.103  50.289 0.0000000000
59929  -36.520  -22.019  50.580 0.0000000000
59969  -35.961  -21.583  49.426 0.0000000000
61097  -41.293  -20.311  45.251 0.0000000000
61060  -41.631  -20.748  46.291 0.0000000000
61077  -42.500  -19.856  45.642 0.0000000000
60019  -43.060  -20.539  46.158 0.0000000000
68838  -45.114  -11.959  41.692 0.0000000000
69700  -44.124  -10.540  41.208 0.0000000000
72747  -47.211  -9.284  34.683 0.0000000000
134566  -48.232  -7.954  36.267 0.0000000000
71706  -48.297  -9.006  35.561 0.0000000000
70685  -49.041  -9.630  35.416 0.0000000000
71715  -49.063  -9.183  34.796 0.0000000000
70782  -52.500  -9.997  27.025 0.0000000000
131342  -51.847  -9.906  27.962 0.0000000000
68973  -51.861  -11.145  27.733 0.0000000000
76691  -49.507  -4.086  26.666 0.0000000000
75731  -50.636  -4.365  26.908 0.0000000000
73761  -51.125  -6.335  25.789 0.0000000000
74765  -52.716  -5.776  25.622 0.0000000000
72815  -53.343  -7.557  25.270 0.0000000000
74766  -53.150  -5.635  25.352 0.0000000000
76724  -53.369  -4.028  24.130 0.0000000000
59052  -45.597  -21.251  41.982 0.0000000000
59053  -46.419  -21.049  41.721 0.0000000000
60064  -45.633  -19.930  42.422 0.0000000000
65144  -43.172  -16.485  44.504 0.0000000000
131392  -44.197  -17.094  43.840 0.0000000000
66088  -42.831  -15.228  43.680 0.0000000000
130979  -42.658  -14.567  43.142 0.0000000000
67063  -42.209  -14.811  43.157 0.0000000000
51216  -22.680  -30.094  56.127 0.0000000000
52153  -22.040  -28.764  57.816 0.0000000000
144622  -20.008  -24.988  57.772 0.0000000000
59883  -24.200  -21.630  55.799 0.0000000000
58859  -24.462  -22.393  56.864 0.0000000000
56038  -24.312  -23.772  57.363 0.0000000000
56957  -25.575  -23.699  56.646 0.0000000000
54131  -26.861  -25.326  55.166 0.0000000000
137016  -26.928  -24.201  55.972 0.0000000000
56997  -28.617  -23.895  51.792 0.0000000000
137906  -29.646  -25.281  51.092 0.0000000000
56100  -29.795  -24.461  50.907 0.0000000000
57947  -33.172  -22.047  52.645 0.0000000000
58918  -32.176  -22.112  53.131 0.0000000000
56082  -32.994  -23.912  52.423 0.0000000000
55160  -33.425  -25.040  51.639 0.0000000000
55161  -33.787  -25.190  51.631 0.0000000000
54188  -34.491  -26.915  50.986 0.0000000000
125326  -34.621  -25.904  51.289 0.0000000000
56119  -37.000  -24.225  49.214 0.0000000000
55209  -36.301  -26.067  48.954 0.0000000000
56142  -37.346  -24.810  48.107 0.0000000000
141442  -37.977  -24.563  47.396 0.0000000000
123387  -37.824  -21.237  48.473 0.0000000000
61042  -39.093  -20.920  47.935 0.0000000000
58022  -41.245  -22.316  46.926 0.0000000000
58021  -40.473  -22.517  47.283 0.0000000000
57069  -41.081  -22.945  45.960 0.0000000000
56155  -40.225  -23.886  45.809 0.0000000000
56162  -41.037  -23.853  44.896 0.0000000000
129442  -41.533  -23.181  44.966 0.0000000000
59036  -43.735  -21.119  43.101 0.0000000000
58089  -43.579  -21.817  42.499 0.0000000000
142497  -44.549  -21.352  42.191 0.0000000000
58107  -45.219  -22.542  41.459 0.0000000000
51189  -20.600  -29.219  58.711 0.0000000000
51174  -22.198  -29.787  58.560 0.0000000000
50266  -23.570  -31.073  57.549 0.0000000000
133712  -46.780  -19.676  40.880 0.0000000000
62141  -46.450  -18.442  40.647 0.0000000000
65211  -45.584  -14.215  40.223 0.0000000000
71662  -43.485  -9.612  37.952 0.0000000000
71646  -44.145  -8.774  39.337 0.0000000000
71664  -44.707  -8.359  38.700 0.0000000000
70666  -47.831  -9.754  38.014 0.0000000000
69724  -46.685  -9.879  37.984 0.0000000000
70769  -50.977  -9.154  29.500 0.0000000000
126723  -49.774  -9.324  28.605 0.0000000000
70757  -50.775  -8.895  30.097 0.0000000000
70756  -50.219  -9.073  30.705 0.0000000000
71759  -51.060  -8.774  31.492 0.0000000000
70728  -50.535  -9.640  32.892 0.0000000000
77622  -51.880  -2.233  25.771 0.0000000000
75739  -52.432  -3.510  25.960 0.0000000000
78546  -51.979  -1.039  25.975 0.0000000000
80392  -52.493  -0.098  24.988 0.0000000000
60049  -43.982  -20.022  44.263 0.0000000000
61115  -44.332  -19.389  43.962 0.0000000000
62074  -44.098  -18.858  44.634 0.0000000000
146723  -43.030  -17.422  44.967 0.0000000000
64076  -42.067  -16.267  44.259 0.0000000000
52144  -19.849  -28.141  58.158 0.0000000000
53072  -21.011  -28.121  58.031 0.0000000000
56044  -19.082  -24.100  57.442 0.0000000000
57959  -34.773  -23.075  51.697 0.0000000000
57011  -35.134  -24.219  51.308 0.0000000000
57012  -35.782  -23.812  50.708 0.0000000000
57023  -37.048  -23.572  49.691 0.0000000000
57024  -37.693  -23.306  49.161 0.0000000000
131845  -39.017  -20.724  46.090 0.0000000000
61043  -39.645  -20.772  47.329 0.0000000000
61058  -40.023  -20.696  46.731 0.0000000000
58987  -41.680  -21.734  46.863 0.0000000000
58042  -42.545  -21.896  46.083 0.0000000000
58064  -42.382  -22.335  45.085 0.0000000000
138828  -43.004  -21.500  45.783 0.0000000000
60048  -43.578  -20.675  44.727 0.0000000000
52160  -18.760  -28.425  56.380 0.0000000000
65178  -45.727  -15.424  42.072 0.0000000000
64120  -46.220  -16.349  41.076 0.0000000000
66113  -45.935  -14.453  41.220 0.0000000000
67952  -45.804  -12.772  41.020 0.0000000000
68856  -45.855  -11.489  40.586 0.0000000000
123839  -45.073  -8.773  36.459 0.0000000000
72683  -45.823  -7.677  37.527 0.0000000000
148159  -47.095  -7.676  37.091 0.0000000000
71682  -49.078  -8.277  37.493 0.0000000000
71800  -49.866  -8.207  26.650 0.0000000000
71793  -49.423  -8.584  27.205 0.0000000000
71794  -50.304  -8.800  27.150 0.0000000000
123294  -51.269  -9.526  28.808 0.0000000000
61113  -41.052  -20.099  44.237 0.0000000000
61095  -40.023  -20.434  44.710 0.0000000000
69716  -42.673  -10.665  39.403 0.0000000000
70683  -44.072  -10.275  35.901 0.0000000000
70697  -45.277  -10.236  34.504 0.0000000000
70710  -45.789  -10.254  33.853 0.0000000000
70711  -46.387  -10.132  33.512 0.0000000000
73754  -48.729  -5.788  27.015 0.0000000000
72802  -50.468  -7.772  26.153 0.0000000000
72803  -51.510  -8.102  26.042 0.0000000000
70803  -53.063  -9.850  26.244 0.0000000000
128360  -53.285  -5.082  25.195 0.0000000000
73809  -53.266  -6.681  23.799 0.0000000000
59106  -46.391  -21.939  40.360 0.0000000000
61146  -46.865  -19.997  40.956 0.0000000000
62100  -46.602  -18.933  41.525 0.0000000000
62087  -45.129  -18.479  42.797 0.0000000000
63038  -45.275  -17.589  42.636 0.0000000000
64108  -45.542  -16.693  42.372 0.0000000000
136555  -44.288  -14.831  42.970 0.0000000000
147174  -43.141  -13.488  42.086 0.0000000000
63037  -42.048  -18.264  43.224 0.0000000000
64107  -41.566  -17.009  43.101 0.0000000000
65192  -41.068  -15.310  41.969 0.0000000000
48497  -23.605  -32.719  54.029 0.0000000000
49407  -23.258  -31.936  53.932 0.0000000000
56080  -23.472  -24.298  53.853 0.0000000000
56970  -19.624  -23.375  55.267 0.0000000000
57923  -20.137  -22.407  57.398 0.0000000000
148597  -21.733  -22.918  57.747 0.0000000000
56057  -24.618  -24.287  56.348 0.0000000000
53118  -28.369  -26.736  53.733 0.0000000000
53120  -29.052  -26.881  53.304 0.0000000000
58930  -29.405  -21.542  52.264 0.0000000000
57954  -31.144  -22.070  53.101 0.0000000000
57979  -30.293  -22.877  51.824 0.0000000000
56102  -31.612  -24.692  50.870 0.0000000000
146731  -32.428  -26.111  50.578 0.0000000000
55190  -35.694  -25.482  50.212 0.0000000000
61022  -36.891  -20.387  49.598 0.0000000000
57982  -38.354  -22.382  49.162 0.0000000000
131073  -38.473  -23.129  48.495 0.0000000000
58957  -40.055  -21.910  47.928 0.0000000000
57047  -39.667  -22.760  47.728 0.0000000000
57055  -38.523  -23.567  47.868 0.0000000000
56154  -39.388  -24.426  46.044 0.0000000000
55241  -40.091  -25.451  45.052 0.0000000000
56190  -41.486  -24.909  41.644 0.0000000000
58076  -42.520  -22.356  44.283 0.0000000000
133030  -42.371  -23.310  41.886 0.0000000000
57168  -43.025  -24.073  40.482 0.0000000000
57170  -45.153  -23.789  40.467 0.0000000000
49397  -23.719  -32.610  55.488 0.0000000000
70640  -43.883  -9.409  40.471 0.0000000000
145674  -45.756  -9.461  41.131 0.0000000000
68864  -45.651  -11.164  39.903 0.0000000000
71666  -46.359  -7.902  38.826 0.0000000000
69718  -45.661  -10.146  39.452 0.0000000000
68871  -44.937  -11.646  38.505 0.0000000000
70739  -46.804  -10.591  32.243 0.0000000000
70725  -47.757  -10.014  32.448 0.0000000000
70791  -49.147  -9.128  27.702 0.0000000000
70779  -48.203  -10.172  28.023 0.0000000000
69806  -48.377  -10.328  30.725 0.0000000000
70741  -48.444  -10.045  31.529 0.0000000000
71748  -49.225  -9.181  33.299 0.0000000000
70713  -50.102  -9.359  33.779 0.0000000000
46612  -23.757  -34.823  52.121 0.0000000000
135191  -42.869  -18.544  45.274 0.0000000000
58955  -34.181  -22.416  49.760 0.0000000000
59968  -35.194  -22.125  49.702 0.0000000000
145811  -35.076  -22.436  49.160 0.0000000000
145385  -42.353  -19.627  45.304 0.0000000000
61098  -41.529  -20.465  45.744 0.0000000000
67951  -43.129  -12.083  40.795 0.0000000000
69692  -43.606  -11.185  40.827 0.0000000000
68847  -42.977  -11.426  40.442 0.0000000000
71713  -47.881  -9.124  34.745 0.0000000000
72730  -47.968  -8.960  35.319 0.0000000000
71714  -48.533  -9.102  34.739 0.0000000000
69859  -52.578  -10.434  26.724 0.0000000000
68995  -52.213  -10.772  27.335 0.0000000000
76692  -51.064  -3.837  26.164 0.0000000000
75738  -51.458  -4.224  26.494 0.0000000000
74757  -51.715  -5.597  25.977 0.0000000000
74758  -52.111  -4.747  26.186 0.0000000000
60080  -45.636  -20.552  42.243 0.0000000000
65152  -42.378  -15.597  44.434 0.0000000000
65153  -43.222  -15.883  43.997 0.0000000000
66087  -42.127  -14.926  43.979 0.0000000000
130753  -42.203  -14.981  43.405 0.0000000000
67055  -41.967  -15.112  43.477 0.0000000000
52148  -22.600  -29.380  58.047 0.0000000000
135853  -20.229  -24.321  57.970 0.0000000000
55108  -20.427  -25.461  57.040 0.0000000000
58878  -25.254  -21.647  56.007 0.0000000000
58868  -24.143  -22.039  56.587 0.0000000000
57924  -24.973  -22.395  56.569 0.0000000000
56951  -25.081  -23.299  57.108 0.0000000000
149201  -25.908  -23.270  56.430 0.0000000000
56958  -26.310  -23.568  56.206 0.0000000000
56959  -26.676  -23.312  55.580 0.0000000000
56996  -28.110  -23.213  51.918 0.0000000000
57007  -28.836  -23.199  51.582 0.0000000000
57008  -29.339  -23.743  51.312 0.0000000000
57978  -29.485  -23.019  51.553 0.0000000000
56990  -33.653  -23.331  52.332 0.0000000000
56989  -33.093  -23.290  52.590 0.0000000000
56083  -33.502  -23.981  52.198 0.0000000000
56093  -33.395  -24.476  51.938 0.0000000000
56094  -33.904  -24.605  51.914 0.0000000000
55162  -34.275  -25.224  51.583 0.0000000000
56120  -37.589  -23.886  48.804 0.0000000000
56130  -37.162  -24.438  48.758 0.0000000000
123296  -38.464  -21.146  47.567 0.0000000000
61041  -38.640  -21.061  47.605 0.0000000000
58040  -41.397  -22.521  46.416 0.0000000000
57085  -40.834  -23.504  45.574 0.0000000000
57086  -41.354  -23.058  45.457 0.0000000000
57087  -41.862  -22.684  45.350 0.0000000000
60062  -43.916  -20.577  43.684 0.0000000000
59076  -45.523  -21.927  41.722 0.0000000000
51172  -20.807  -28.727  58.884 0.0000000000
51173  -21.549  -29.232  58.823 0.0000000000
52141  -22.105  -29.030  58.571 0.0000000000
51192  -22.925  -29.979  58.157 0.0000000000
125110  -46.674  -18.530  41.099 0.0000000000
62126  -46.648  -18.844  40.838 0.0000000000
63066  -46.533  -18.105  40.945 0.0000000000
67098  -45.479  -13.483  39.989 0.0000000000
145189  -45.408  -14.154  39.813 0.0000000000
66151  -45.384  -13.749  39.770 0.0000000000
67104  -44.945  -13.584  39.159 0.0000000000
71680  -43.875  -9.592  37.241 0.0000000000
142605  -43.913  -9.002  37.647 0.0000000000
125509  -44.513  -8.537  37.877 0.0000000000
72792  -47.179  -6.985  27.289 0.0000000000
71776  -51.192  -8.955  30.236 0.0000000000
71768  -51.009  -8.674  30.823 0.0000000000
136202  -43.957  -19.524  44.669 0.0000000000
62061  -43.657  -18.809  45.024 0.0000000000
63004  -42.784  -17.392  45.018 0.0000000000
64050  -42.816  -16.717  44.997 0.0000000000
64063  -42.090  -16.161  44.740 0.0000000000
52143  -19.062  -27.841  57.722 0.0000000000
139757  -18.889  -24.509  57.104 0.0000000000
60999  -33.770  -21.740  50.918 0.0000000000
59926  -33.652  -21.204  52.089 0.0000000000
58920  -34.259  -22.346  52.011 0.0000000000
58932  -34.480  -22.155  51.617 0.0000000000
57000  -35.364  -23.529  51.253 0.0000000000
57971  -35.541  -22.964  51.250 0.0000000000
58939  -36.883  -22.385  50.414 0.0000000000
57980  -37.263  -22.777  50.052 0.0000000000
57014  -37.513  -22.939  49.705 0.0000000000
61075  -39.348  -20.634  45.846 0.0000000000
147473  -39.453  -20.636  46.350 0.0000000000
61076  -40.267  -20.616  45.899 0.0000000000
60006  -41.897  -21.111  46.577 0.0000000000
58988  -42.416  -21.231  46.433 0.0000000000
59004  -42.241  -21.792  46.509 0.0000000000
59005  -42.864  -21.328  46.213 0.0000000000
61099  -43.430  -19.907  45.521 0.0000000000
60031  -43.347  -20.781  45.651 0.0000000000
60032  -43.651  -20.029  45.022 0.0000000000
52151  -18.958  -28.269  57.286 0.0000000000
52152  -19.437  -28.275  57.873 0.0000000000
148028  -45.527  -14.395  42.132 0.0000000000
139150  -45.875  -15.022  41.783 0.0000000000
67073  -45.636  -13.933  41.890 0.0000000000
69695  -44.982  -10.856  41.844 0.0000000000
148982  -45.414  -12.181  41.609 0.0000000000
69696  -45.517  -11.710  41.518 0.0000000000
67961  -45.779  -12.451  40.559 0.0000000000
69703  -45.840  -10.920  41.479 0.0000000000
134326  -45.707  -9.144  35.815 0.0000000000
71704  -45.834  -7.962  36.053 0.0000000000
72715  -46.488  -7.849  35.986 0.0000000000
130763  -49.137  -7.902  36.494 0.0000000000
72701  -49.040  -7.699  36.990 0.0000000000
71683  -49.477  -8.213  37.015 0.0000000000
70668  -49.028  -8.847  37.244 0.0000000000
70676  -48.703  -9.085  36.523 0.0000000000
71795  -51.123  -9.134  26.992 0.0000000000
137452  -51.714  -9.993  28.893 0.0000000000
70696  -44.734  -10.235  35.171 0.0000000000
70722  -45.383  -10.696  33.397 0.0000000000
70723  -46.010  -10.461  33.153 0.0000000000
75729  -49.125  -4.453  27.047 0.0000000000
74748  -49.062  -5.026  27.191 0.0000000000
74747  -48.400  -5.176  27.052 0.0000000000
73759  -49.279  -6.504  26.677 0.0000000000
73760  -50.208  -6.672  26.123 0.0000000000
72813  -52.360  -7.536  25.722 0.0000000000
72812  -51.240  -7.208  25.762 0.0000000000
72804  -52.611  -8.348  25.926 0.0000000000
71803  -52.961  -9.109  26.081 0.0000000000
70804  -53.198  -9.199  25.599 0.0000000000
70824  -53.138  -9.767  25.616 0.0000000000
71816  -53.226  -8.425  25.518 0.0000000000
72839  -53.510  -7.794  24.875 0.0000000000
76695  -52.698  -2.727  25.805 0.0000000000
75746  -53.051  -3.867  25.435 0.0000000000
76701  -53.157  -2.917  25.435 0.0000000000
75767  -53.390  -4.932  23.972 0.0000000000
129622  -46.375  -23.153  39.981 0.0000000000
58132  -46.305  -22.617  39.982 0.0000000000
58118  -46.395  -22.424  40.394 0.0000000000
60081  -46.410  -20.273  41.876 0.0000000000
60082  -46.830  -20.592  41.198 0.0000000000
61145  -46.766  -19.807  41.381 0.0000000000
134090  -44.208  -18.200  44.318 0.0000000000
62086  -44.488  -18.648  43.746 0.0000000000
64078  -44.309  -16.354  43.438 0.0000000000
63027  -44.715  -16.897  43.103 0.0000000000
64091  -44.846  -16.112  42.767 0.0000000000
65177  -45.053  -15.372  42.515 0.0000000000
143669  -44.514  -15.163  42.871 0.0000000000
67933  -42.467  -14.340  42.594 0.0000000000
67925  -43.057  -13.896  42.578 0.0000000000
49408  -23.520  -32.183  54.893 0.0000000000
48502  -23.553  -32.773  53.297 0.0000000000
50313  -23.183  -31.479  54.704 0.0000000000
52162  -22.300  -29.457  56.535 0.0000000000
53071  -20.470  -27.455  57.851 0.0000000000
53085  -20.843  -27.608  57.410 0.0000000000
147456  -21.577  -24.706  55.065 0.0000000000
131076  -22.238  -24.270  54.777 0.0000000000
56073  -23.215  -24.140  54.625 0.0000000000
134059  -19.948  -22.908  54.878 0.0000000000
57931  -19.560  -23.249  56.149 0.0000000000
57913  -22.188  -22.672  57.467 0.0000000000
56036  -22.656  -23.539  57.310 0.0000000000
144802  -23.221  -23.425  57.505 0.0000000000
55109  -25.212  -24.309  56.477 0.0000000000
55130  -25.207  -24.668  55.702 0.0000000000
55140  -24.921  -24.597  54.869 0.0000000000
134482  -25.691  -24.940  55.137 0.0000000000
55141  -25.594  -25.018  54.406 0.0000000000
54132  -27.280  -25.374  55.055 0.0000000000
54141  -26.952  -25.594  54.736 0.0000000000
54142  -27.353  -25.732  54.649 0.0000000000
53117  -27.915  -26.685  53.813 0.0000000000
53107  -28.307  -26.247  54.196 0.0000000000
56081  -28.669  -24.799  52.505 0.0000000000
56075  -28.453  -24.549  53.692 0.0000000000
55149  -28.677  -25.230  53.420 0.0000000000
54156  -28.848  -26.258  53.423 0.0000000000
55150  -28.887  -25.957  53.224 0.0000000000
55159  -29.285  -26.239  52.571 0.0000000000
55185  -30.243  -25.230  50.678 0.0000000000
54184  -30.046  -25.874  50.880 0.0000000000
55186  -30.652  -26.086  50.606 0.0000000000
54198  -30.859  -27.271  50.711 0.0000000000
55187  -31.638  -26.364  50.470 0.0000000000
57955  -31.992  -22.548  53.180 0.0000000000
58917  -31.759  -21.674  53.241 0.0000000000
57970  -31.250  -22.845  52.574 0.0000000000
57969  -30.547  -22.287  52.413 0.0000000000
128044  -31.156  -23.908  51.166 0.0000000000
56091  -32.180  -24.201  51.805 0.0000000000
55173  -33.796  -25.990  51.327 0.0000000000
55172  -33.183  -25.822  51.010 0.0000000000
54186  -33.588  -26.872  50.768 0.0000000000
53167  -35.084  -27.423  50.794 0.0000000000
53155  -34.593  -27.847  50.783 0.0000000000
53168  -35.557  -28.404  50.274 0.0000000000
56104  -35.545  -24.442  50.792 0.0000000000
55176  -35.450  -25.039  50.794 0.0000000000
60003  -36.235  -21.900  48.561 0.0000000000
59988  -36.779  -21.337  48.948 0.0000000000
61004  -38.412  -21.449  48.688 0.0000000000
149869  -38.533  -21.961  49.206 0.0000000000
58948  -38.813  -21.948  48.944 0.0000000000
57992  -38.557  -22.608  48.789 0.0000000000
58000  -38.794  -22.786  48.443 0.0000000000
59990  -40.471  -21.675  47.619 0.0000000000
61026  -40.097  -21.347  47.815 0.0000000000
58970  -40.537  -21.861  47.598 0.0000000000
57057  -40.040  -23.041  47.119 0.0000000000
58009  -40.129  -22.336  47.674 0.0000000000
57056  -39.434  -23.202  47.504 0.0000000000
56143  -38.935  -23.850  46.964 0.0000000000
56161  -40.463  -24.456  45.104 0.0000000000
56160  -39.928  -24.677  45.433 0.0000000000
57105  -41.416  -23.680  44.270 0.0000000000
56185  -41.690  -23.921  42.258 0.0000000000
58105  -42.899  -22.573  42.152 0.0000000000
57154  -43.241  -23.220  41.153 0.0000000000
57169  -44.001  -23.828  40.423 0.0000000000
57155  -44.653  -23.120  41.034 0.0000000000
58108  -46.077  -22.472  41.317 0.0000000000
57156  -45.626  -23.128  40.952 0.0000000000
57157  -46.112  -23.061  40.751 0.0000000000
143090  -23.535  -31.239  56.454 0.0000000000
49384  -23.853  -31.845  56.843 0.0000000000
133137  -23.662  -31.991  55.994 0.0000000000
48498  -23.747  -33.003  54.593 0.0000000000
139432  -46.116  -15.766  40.937 0.0000000000
134876  -46.134  -16.979  40.751 0.0000000000
64133  -45.916  -15.988  40.569 0.0000000000
69722  -42.557  -10.574  38.596 0.0000000000
70639  -43.363  -10.201  39.984 0.0000000000
71647  -45.209  -8.446  39.470 0.0000000000
71626  -44.894  -8.725  40.147 0.0000000000
70643  -46.084  -9.174  40.581 0.0000000000
148985  -46.099  -9.624  40.611 0.0000000000
70654  -46.178  -9.327  39.955 0.0000000000
72684  -46.639  -7.673  37.655 0.0000000000
72671  -46.182  -7.709  38.265 0.0000000000
72672  -46.967  -7.810  38.268 0.0000000000
70659  -46.473  -9.326  38.905 0.0000000000
69723  -45.742  -10.283  38.455 0.0000000000
69717  -45.249  -10.990  38.965 0.0000000000
139040  -47.010  -10.329  32.638 0.0000000000
70740  -47.475  -10.397  31.963 0.0000000000
70780  -48.963  -9.754  28.385 0.0000000000
69832  -48.500  -10.342  28.874 0.0000000000
145605  -47.816  -10.593  28.482 0.0000000000
69818  -48.512  -10.339  29.869 0.0000000000
71758  -50.526  -8.843  31.483 0.0000000000
70742  -49.575  -9.338  31.487 0.0000000000
70726  -48.861  -9.544  32.383 0.0000000000
71732  -49.858  -8.984  33.440 0.0000000000
71733  -50.342  -9.024  32.760 0.0000000000
61079  -43.469  -19.293  45.302 0.0000000000
62047  -43.336  -18.874  45.289 0.0000000000
63018  -42.816  -17.567  45.056 0.0000000000
63017  -42.550  -17.265  44.857 0.0000000000
132762  -34.675  -22.040  50.681 0.0000000000
129156  -35.367  -22.213  50.983 0.0000000000
61000  -35.853  -21.596  49.872 0.0000000000
61001  -36.380  -21.295  49.542 0.0000000000
61021  -36.637  -20.719  49.768 0.0000000000
61061  -42.691  -20.295  46.077 0.0000000000
61078  -43.213  -19.641  45.654 0.0000000000
68828  -44.157  -12.596  41.884 0.0000000000
68830  -44.975  -13.115  41.994 0.0000000000
68836  -43.943  -11.892  41.428 0.0000000000
69694  -44.365  -11.072  41.433 0.0000000000
69701  -44.627  -10.054  41.945 0.0000000000
72728  -47.004  -8.886  35.463 0.0000000000
146086  -46.954  -8.131  35.586 0.0000000000
72716  -47.545  -8.544  35.766 0.0000000000
72717  -48.407  -8.672  36.068 0.0000000000
72718  -49.062  -8.365  36.401 0.0000000000
70677  -48.565  -9.272  35.998 0.0000000000
71707  -48.613  -9.246  35.694 0.0000000000
70698  -49.447  -9.521  34.731 0.0000000000
70792  -51.930  -9.558  27.171 0.0000000000
69841  -52.220  -10.370  27.531 0.0000000000
75730  -50.010  -4.239  27.022 0.0000000000
74756  -50.625  -5.429  26.442 0.0000000000
73770  -52.101  -6.585  25.664 0.0000000000
73771  -53.029  -6.984  25.535 0.0000000000
73772  -53.268  -6.528  25.263 0.0000000000
140978  -53.399  -6.068  24.995 0.0000000000
137211  -53.213  -1.401  25.410 0.0000000000
76709  -53.383  -3.540  24.891 0.0000000000
125285  -53.453  -3.211  24.335 0.0000000000
76723  -53.261  -3.367  23.640 0.0000000000
74807  -52.492  -5.494  22.690 0.0000000000
145959  -46.550  -22.040  41.232 0.0000000000
59077  -46.287  -21.772  41.586 0.0000000000
64065  -43.526  -16.885  44.423 0.0000000000
64077  -43.878  -16.637  43.954 0.0000000000
65154  -43.511  -16.231  44.036 0.0000000000
125950  -43.591  -15.631  43.666 0.0000000000
66100  -43.809  -15.142  43.402 0.0000000000
67048  -42.351  -15.015  43.512 0.0000000000
67064  -42.384  -14.597  42.948 0.0000000000
67072  -41.995  -14.632  42.575 0.0000000000
148431  -23.196  -30.584  56.568 0.0000000000
50297  -23.110  -30.672  55.815 0.0000000000
51208  -22.919  -30.173  57.170 0.0000000000
52161  -21.772  -28.822  56.976 0.0000000000
56949  -23.848  -23.321  57.519 0.0000000000
56950  -24.549  -23.305  57.348 0.0000000000
56039  -24.900  -23.789  57.057 0.0000000000
55110  -25.775  -24.539  56.157 0.0000000000
55120  -26.216  -24.921  55.629 0.0000000000
55111  -26.340  -24.711  55.851 0.0000000000
56051  -26.806  -24.640  55.716 0.0000000000
56059  -27.403  -24.353  55.210 0.0000000000
55158  -29.202  -25.474  51.895 0.0000000000
56090  -29.171  -24.580  51.473 0.0000000000
56101  -30.606  -24.530  50.777 0.0000000000
58904  -32.668  -21.489  52.731 0.0000000000
139875  -32.369  -21.568  53.003 0.0000000000
57946  -32.777  -22.196  52.947 0.0000000000
56988  -32.559  -23.226  52.788 0.0000000000
56998  -32.502  -23.760  52.513 0.0000000000
56092  -32.983  -24.339  52.106 0.0000000000
54189  -34.943  -26.503  51.085 0.0000000000
56112  -36.685  -24.124  49.647 0.0000000000
56118  -36.348  -24.805  49.635 0.0000000000
55200  -36.538  -25.021  49.059 0.0000000000
55210  -36.794  -25.467  48.395 0.0000000000
55222  -38.077  -25.712  46.698 0.0000000000
59989  -37.462  -21.341  48.485 0.0000000000
61040  -37.866  -21.241  48.327 0.0000000000
61024  -38.058  -21.189  48.373 0.0000000000
61005  -39.042  -21.448  48.464 0.0000000000
58986  -41.224  -22.049  47.212 0.0000000000
58010  -40.750  -22.212  47.352 0.0000000000
57058  -40.727  -22.764  46.668 0.0000000000
57068  -40.636  -23.250  46.167 0.0000000000
59024  -43.440  -21.235  44.261 0.0000000000
58077  -43.134  -21.756  43.746 0.0000000000
58090  -44.606  -21.928  41.799 0.0000000000
143558  -21.759  -29.764  58.805 0.0000000000
51201  -23.336  -30.459  57.630 0.0000000000
66127  -45.731  -14.403  40.540 0.0000000000
65210  -45.783  -15.121  40.363 0.0000000000
66138  -45.489  -14.660  39.853 0.0000000000
70658  -43.057  -10.178  38.348 0.0000000000
71645  -43.504  -9.406  38.803 0.0000000000
71663  -43.942  -8.888  38.347 0.0000000000
70661  -47.997  -9.028  38.144 0.0000000000
70660  -47.118  -9.118  38.227 0.0000000000
123701  -50.527  -9.286  28.689 0.0000000000
70768  -50.274  -9.290  29.370 0.0000000000
137696  -50.013  -9.406  29.990 0.0000000000
70755  -49.223  -9.797  30.494 0.0000000000
123410  -50.612  -8.885  32.009 0.0000000000
70743  -50.882  -9.116  32.110 0.0000000000
127433  -51.889  -2.863  26.017 0.0000000000
129825  -51.923  -3.444  26.183 0.0000000000
77618  -52.156  -1.796  26.231 0.0000000000
78541  -52.239  -1.469  26.146 0.0000000000
79469  -52.069  -0.675  25.588 0.0000000000
78547  -53.040  -0.857  25.594 0.0000000000
78553  -53.261  -0.641  25.124 0.0000000000
60063  -44.612  -20.000  43.057 0.0000000000
63019  -43.815  -18.136  44.679 0.0000000000
140128  -43.426  -18.333  45.004 0.0000000000
63006  -43.405  -17.624  44.795 0.0000000000
64052  -43.213  -17.049  44.727 0.0000000000
65143  -42.851  -16.201  44.608 0.0000000000
65166  -41.834  -15.735  43.980 0.0000000000
52146  -21.372  -28.638  58.612 0.0000000000
52140  -20.269  -28.188  58.360 0.0000000000
53061  -19.886  -27.586  58.003 0.0000000000
130494  -19.504  -26.378  57.814 0.0000000000
55100  -19.257  -25.617  57.857 0.0000000000
138677  -19.784  -25.078  57.922 0.0000000000
56034  -19.766  -24.049  58.001 0.0000000000
58929  -28.495  -21.747  52.010 0.0000000000
58919  -33.513  -22.092  52.465 0.0000000000
56991  -34.210  -23.318  52.049 0.0000000000
56999  -34.656  -23.816  51.679 0.0000000000
56095  -34.476  -24.511  51.670 0.0000000000
58933  -36.195  -22.667  50.955 0.0000000000
57013  -36.481  -23.562  50.250 0.0000000000
56105  -36.240  -24.016  50.206 0.0000000000
57034  -37.389  -23.728  49.215 0.0000000000
57035  -37.868  -23.413  48.856 0.0000000000
62030  -38.955  -20.747  47.003 0.0000000000
61057  -39.098  -20.674  46.484 0.0000000000
123671  -40.191  -20.880  47.260 0.0000000000
61044  -40.537  -21.204  47.364 0.0000000000
140066  -40.813  -20.759  46.315 0.0000000000
61045  -41.078  -21.082  46.833 0.0000000000
59991  -41.122  -21.503  47.139 0.0000000000
58023  -41.784  -22.051  46.815 0.0000000000
58041  -41.968  -22.256  46.428 0.0000000000
58055  -42.252  -22.320  45.788 0.0000000000
58056  -42.714  -21.884  45.472 0.0000000000
59013  -43.247  -21.369  45.180 0.0000000000
51199  -19.497  -28.824  57.498 0.0000000000
52145  -20.350  -28.570  58.610 0.0000000000
64109  -45.922  -16.105  41.925 0.0000000000
63054  -46.286  -16.934  41.243 0.0000000000
65187  -46.002  -15.529  41.606 0.0000000000
65188  -46.151  -15.546  41.165 0.0000000000
65193  -46.041  -15.091  40.837 0.0000000000
144210  -45.351  -12.709  41.730 0.0000000000
67074  -45.809  -13.914  41.396 0.0000000000
136204  -45.677  -13.942  40.587 0.0000000000
67087  -45.651  -13.341  40.475 0.0000000000
143916  -45.623  -13.125  40.351 0.0000000000
67974  -45.666  -12.843  40.311 0.0000000000
71681  -45.074  -7.899  37.368 0.0000000000
71695  -45.544  -7.824  36.808 0.0000000000
72699  -46.347  -7.740  36.758 0.0000000000
72685  -47.429  -7.702  37.640 0.0000000000
139929  -47.204  -7.809  36.287 0.0000000000
72700  -47.936  -7.746  37.037 0.0000000000
71668  -48.384  -8.204  38.063 0.0000000000
70667  -48.663  -9.193  37.805 0.0000000000
72794  -48.917  -7.911  26.837 0.0000000000
72793  -48.067  -7.440  27.187 0.0000000000
70781  -50.967  -9.373  27.810 0.0000000000
70770  -51.390  -9.513  29.604 0.0000000000
61114  -41.979  -19.592  44.370 0.0000000000
60018  -38.779  -20.965  45.829 0.0000000000
125410  -39.270  -20.652  45.259 0.0000000000
136745  -41.154  -20.185  44.767 0.0000000000
68863  -41.910  -11.753  39.254 0.0000000000
69709  -42.293  -11.260  39.675 0.0000000000
69721  -42.015  -11.057  38.111 0.0000000000
70657  -42.428  -10.674  37.886 0.0000000000
141242  -43.422  -10.159  37.356 0.0000000000
70674  -43.690  -10.225  36.748 0.0000000000
71694  -44.326  -9.535  36.525 0.0000000000
71703  -44.865  -9.571  35.813 0.0000000000
71710  -45.397  -9.690  35.152 0.0000000000
143341  -46.024  -9.346  35.222 0.0000000000
71711  -45.840  -9.741  34.537 0.0000000000
71712  -46.523  -9.365  34.809 0.0000000000
71729  -46.822  -9.629  34.043 0.0000000000
71730  -47.590  -9.455  33.976 0.0000000000
73753  -47.941  -5.856  27.141 0.0000000000
72800  -48.542  -6.800  26.979 0.0000000000
72801  -49.518  -7.412  26.492 0.0000000000
71802  -51.939  -8.959  26.484 0.0000000000
70802  -52.601  -9.594  26.589 0.0000000000
69858  -52.490  -10.621  26.312 0.0000000000
144234  -53.431  -8.231  25.140 0.0000000000
75745  -52.724  -4.656  25.720 0.0000000000
73810  -53.498  -6.418  24.445 0.0000000000
75755  -53.430  -4.537  24.713 0.0000000000
74775  -53.477  -5.517  24.530 0.0000000000
59054  -46.706  -21.428  41.218 0.0000000000
129054  -46.641  -21.064  40.804 0.0000000000
134253  -46.772  -20.300  40.906 0.0000000000
62115  -46.794  -19.390  40.943 0.0000000000
63052  -46.401  -18.015  41.574 0.0000000000
61132  -44.926  -19.287  42.910 0.0000000000
63026  -44.517  -17.767  43.591 0.0000000000
62099  -46.028  -18.317  42.124 0.0000000000
144118  -45.989  -17.508  42.067 0.0000000000
131958  -46.168  -17.028  41.663 0.0000000000
66106  -45.227  -14.882  42.429 0.0000000000
67065  -44.688  -14.387  42.563 0.0000000000
67057  -43.740  -14.688  43.171 0.0000000000
67927  -43.780  -13.903  42.696 0.0000000000
67926  -43.714  -13.603  42.411 0.0000000000
68846  -42.630  -12.254  40.506 0.0000000000
62073  -42.466  -18.562  44.617 0.0000000000
63025  -42.262  -17.540  44.014 0.0000000000
145310  -42.077  -16.631  44.291 0.0000000000
125814  -41.888  -16.351  43.781 0.0000000000
65176  -41.675  -15.746  43.653 0.0000000000
138135  -41.284  -15.537  43.051 0.0000000000
66110  -41.265  -15.226  42.563 0.0000000000
67071  -41.482  -14.860  42.292 0.0000000000
68855  -42.193  -11.942  39.978 0.0000000000
47531  -24.090  -33.795  52.701 0.0000000000
48510  -23.508  -32.836  52.511 0.0000000000
53073  -21.631  -28.139  57.969 0.0000000000
56963  -19.067  -23.838  56.857 0.0000000000
56955  -19.435  -23.660  57.568 0.0000000000
56945  -20.321  -23.183  58.026 0.0000000000
56946  -21.006  -23.065  57.941 0.0000000000
56055  -22.787  -24.034  56.763 0.0000000000
56037  -23.678  -23.730  57.463 0.0000000000
56056  -23.476  -24.068  56.276 0.0000000000
56066  -24.081  -24.228  55.408 0.0000000000
55132  -26.503  -25.223  55.212 0.0000000000
56965  -27.555  -24.148  54.772 0.0000000000
56060  -27.834  -24.483  54.665 0.0000000000
131398  -28.419  -25.142  54.193 0.0000000000
54155  -28.637  -25.902  53.950 0.0000000000
54173  -29.752  -26.278  51.571 0.0000000000
128218  -30.160  -27.296  51.578 0.0000000000
58915  -29.091  -21.177  52.172 0.0000000000
59917  -31.360  -20.911  53.015 0.0000000000
58931  -30.370  -21.651  52.769 0.0000000000
57968  -29.760  -22.254  52.025 0.0000000000
57009  -30.161  -23.656  51.122 0.0000000000
56103  -32.691  -24.897  51.359 0.0000000000
55171  -32.091  -25.523  50.681 0.0000000000
55188  -32.687  -26.757  50.516 0.0000000000
55175  -34.976  -25.023  51.331 0.0000000000
55189  -35.194  -25.739  50.997 0.0000000000
54201  -35.376  -26.492  50.588 0.0000000000
55199  -36.128  -25.527  49.539 0.0000000000
54202  -35.881  -26.387  49.768 0.0000000000
59987  -35.985  -21.618  49.197 0.0000000000
59970  -36.623  -20.394  49.610 0.0000000000
59951  -37.248  -21.453  49.621 0.0000000000
61039  -37.122  -21.102  49.324 0.0000000000
59952  -38.098  -21.639  49.261 0.0000000000
58941  -38.096  -22.083  49.485 0.0000000000
57991  -38.031  -22.854  49.134 0.0000000000
57025  -38.216  -23.055  48.791 0.0000000000
57045  -38.175  -23.423  48.567 0.0000000000
123424  -39.342  -20.962  47.778 0.0000000000
137274  -39.531  -21.265  48.096 0.0000000000
58956  -39.513  -21.885  48.351 0.0000000000
58969  -39.819  -22.181  48.004 0.0000000000
58001  -39.439  -22.552  48.068 0.0000000000
57036  -38.948  -23.104  47.876 0.0000000000
57046  -38.888  -23.090  48.094 0.0000000000
56153  -38.563  -24.754  46.543 0.0000000000
55232  -38.801  -25.581  46.003 0.0000000000
55233  -39.495  -25.464  45.460 0.0000000000
57106  -41.941  -22.844  44.684 0.0000000000
57120  -42.044  -23.030  43.854 0.0000000000
58088  -42.675  -22.380  43.245 0.0000000000
57139  -42.124  -23.103  42.804 0.0000000000
56208  -45.586  -24.386  39.893 0.0000000000
47523  -24.057  -33.600  54.368 0.0000000000
48503  -23.925  -33.429  53.550 0.0000000000
63067  -46.351  -17.217  41.008 0.0000000000
69710  -42.799  -10.959  40.016 0.0000000000
70625  -43.796  -10.250  40.685 0.0000000000
70626  -44.260  -9.684  41.136 0.0000000000
71625  -44.106  -8.856  40.195 0.0000000000
70641  -44.561  -8.889  40.805 0.0000000000
70627  -45.059  -9.389  41.351 0.0000000000
131667  -46.033  -10.863  41.003 0.0000000000
67973  -45.332  -11.994  39.498 0.0000000000
72670  -45.366  -7.795  38.108 0.0000000000
71665  -45.684  -7.902  38.869 0.0000000000
71649  -46.337  -8.757  39.191 0.0000000000
69786  -46.230  -10.682  32.497 0.0000000000
70724  -46.544  -10.355  32.938 0.0000000000
71747  -47.089  -9.961  33.216 0.0000000000
70712  -48.154  -9.548  33.183 0.0000000000
71792  -48.551  -8.391  27.185 0.0000000000
129596  -48.160  -8.950  27.318 0.0000000000
144645  -48.497  -9.567  27.744 0.0000000000
70790  -47.673  -9.588  27.490 0.0000000000
69805  -47.756  -10.806  30.556 0.0000000000
69795  -47.857  -10.491  31.260 0.0000000000
129769  -49.230  -9.076  34.074 0.0000000000
145294  -49.620  -9.160  34.165 0.0000000000
129350  -50.346  -10.073  33.672 0.0000000000
46610  -24.139  -34.304  53.460 0.0000000000
50281  -23.688  -31.378  56.879 0.0000000000
51188  -19.963  -28.680  58.238 0.0000000000
51190  -21.170  -29.546  58.940 0.0000000000
51191  -22.380  -29.599  58.334 0.0000000000
51209  -23.463  -30.815  57.127 0.0000000000
53062  -20.276  -27.774  58.082 0.0000000000
53063  -20.708  -28.224  58.483 0.0000000000
53084  -18.852  -27.572  57.357 0.0000000000
53106  -27.854  -26.315  54.257 0.0000000000
54143  -27.768  -25.799  54.621 0.0000000000
54144  -28.202  -25.562  54.492 0.0000000000
54164  -29.190  -26.676  53.049 0.0000000000
54185  -30.275  -26.578  50.999 0.0000000000
55121  -26.800  -25.033  55.515 0.0000000000
55122  -27.355  -24.966  55.340 0.0000000000
55123  -27.765  -24.671  54.927 0.0000000000
55133  -28.040  -24.768  54.618 0.0000000000
56033  -19.259  -24.163  57.927 0.0000000000
56048  -24.218  -23.961  57.252 0.0000000000
56049  -24.793  -24.032  56.911 0.0000000000
56050  -26.173  -24.290  56.217 0.0000000000
56054  -18.904  -24.582  56.234 0.0000000000
56058  -24.803  -24.180  56.735 0.0000000000
56065  -22.901  -24.055  55.400 0.0000000000
56944  -19.829  -23.485  57.888 0.0000000000
56948  -23.083  -22.964  57.433 0.0000000000
56956  -19.855  -23.025  57.669 0.0000000000
56964  -27.158  -23.687  55.197 0.0000000000
57001  -36.304  -23.102  50.628 0.0000000000
57010  -30.857  -23.354  51.661 0.0000000000
57158  -46.330  -22.929  40.460 0.0000000000
57910  -20.272  -22.713  57.852 0.0000000000
57915  -24.227  -22.776  57.298 0.0000000000
57916  -24.813  -22.763  57.116 0.0000000000
57917  -25.463  -22.937  56.681 0.0000000000
57922  -19.626  -23.095  57.047 0.0000000000
57925  -25.525  -22.540  56.189 0.0000000000
57938  -19.951  -22.697  55.595 0.0000000000
57956  -32.629  -22.543  52.903 0.0000000000
57957  -33.169  -22.601  52.646 0.0000000000
57958  -33.776  -22.621  52.357 0.0000000000
57960  -35.068  -22.546  51.413 0.0000000000
57981  -37.843  -22.579  49.520 0.0000000000
57993  -39.175  -22.363  48.424 0.0000000000
58869  -24.695  -22.057  56.236 0.0000000000
58870  -25.255  -22.060  56.115 0.0000000000
58902  -31.570  -21.222  53.195 0.0000000000
59094  -46.594  -21.829  40.770 0.0000000000
59873  -24.475  -21.829  56.126 0.0000000000
59906  -32.102  -21.357  53.180 0.0000000000
59919  -32.915  -21.173  52.279 0.0000000000
59920  -33.778  -21.612  52.091 0.0000000000
59927  -34.279  -21.918  51.581 0.0000000000
59928  -36.224  -21.806  50.434 0.0000000000
59936  -36.859  -21.346  49.870 0.0000000000
59937  -37.253  -21.854  50.196 0.0000000000
59938  -37.737  -21.861  49.717 0.0000000000
59949  -33.568  -21.690  50.873 0.0000000000
59953  -38.812  -21.751  48.819 0.0000000000
59954  -39.334  -21.669  48.422 0.0000000000
59971  -39.855  -21.656  48.055 0.0000000000
60944  -32.328  -20.765  52.374 0.0000000000
60965  -35.176  -22.099  50.821 0.0000000000
60983  -33.963  -21.729  51.417 0.0000000000
60984  -35.165  -22.026  50.522 0.0000000000
61002  -37.009  -20.566  49.651 0.0000000000
61003  -37.448  -21.255  49.040 0.0000000000
61023  -37.089  -21.004  49.308 0.0000000000
61025  -38.925  -21.168  48.152 0.0000000000
61056  -38.863  -20.827  46.845 0.0000000000
61059  -40.714  -20.931  46.830 0.0000000000
61131  -41.740  -19.600  43.673 0.0000000000
62014  -39.086  -20.802  47.402 0.0000000000
62031  -39.277  -20.657  46.871 0.0000000000
63080  -46.432  -17.955  40.820 0.0000000000
64051  -42.887  -16.912  45.044 0.0000000000
64092  -45.468  -15.899  42.345 0.0000000000
64110  -46.133  -16.251  41.407 0.0000000000
64134  -46.121  -16.300  40.891 0.0000000000
65167  -43.976  -15.970  43.620 0.0000000000
65199  -45.971  -15.529  40.723 0.0000000000
66089  -43.286  -15.252  43.589 0.0000000000
66099  -41.872  -15.051  43.955 0.0000000000
66107  -45.571  -14.867  42.135 0.0000000000
66111  -41.681  -15.058  43.044 0.0000000000
66112  -45.813  -14.493  41.712 0.0000000000
66120  -45.911  -14.476  40.871 0.0000000000
66139  -45.572  -13.660  40.322 0.0000000000
67049  -43.121  -14.923  43.451 0.0000000000
67056  -43.355  -14.288  42.916 0.0000000000
67058  -44.271  -14.401  42.737 0.0000000000
67066  -45.224  -14.097  42.318 0.0000000000
67080  -45.852  -13.907  41.042 0.0000000000
67099  -45.694  -12.857  40.406 0.0000000000
67924  -42.510  -14.613  43.095 0.0000000000
67934  -43.664  -13.048  42.028 0.0000000000
67935  -44.268  -13.209  42.256 0.0000000000
67937  -45.305  -13.472  42.022 0.0000000000
67944  -45.648  -13.247  41.524 0.0000000000
67945  -45.818  -13.404  41.082 0.0000000000
67953  -45.820  -13.037  40.830 0.0000000000
68829  -44.563  -12.532  41.819 0.0000000000
68837  -44.532  -11.822  41.573 0.0000000000
68839  -45.575  -12.396  41.435 0.0000000000
68848  -45.777  -11.817  41.078 0.0000000000
69693  -43.893  -11.439  41.206 0.0000000000
69711  -46.070  -10.315  40.515 0.0000000000
69740  -48.711  -9.870  36.001 0.0000000000
70624  -43.282  -10.759  40.427 0.0000000000
70628  -46.131  -9.961  41.128 0.0000000000
70642  -45.463  -8.879  40.767 0.0000000000
70653  -43.620  -9.354  39.689 0.0000000000
71627  -45.844  -8.762  40.162 0.0000000000
71648  -46.039  -8.486  39.450 0.0000000000
71728  -46.224  -9.835  34.081 0.0000000000
71817  -53.363  -8.732  25.218 0.0000000000
72673  -47.786  -7.860  38.043 0.0000000000
72686  -48.537  -7.849  37.536 0.0000000000
72687  -49.302  -7.902  37.158 0.0000000000
72702  -49.436  -7.950  36.823 0.0000000000
72729  -47.449  -8.991  35.284 0.0000000000
73789  -53.553  -6.967  24.978 0.0000000000
74749  -49.841  -4.711  27.204 0.0000000000
74790  -53.396  -5.806  23.891 0.0000000000
76693  -51.407  -3.743  26.219 0.0000000000
76694  -52.219  -2.581  26.093 0.0000000000
77619  -52.592  -2.148  25.842 0.0000000000
77630  -53.411  -2.448  25.006 0.0000000000
78540  -52.135  -1.511  26.177 0.0000000000
78542  -52.681  -1.158  25.847 0.0000000000
79464  -52.364  -1.109  25.818 0.0000000000
79465  -53.036  -0.940  25.673 0.0000000000
79470  -52.685  -0.543  25.430 0.0000000000
79471  -53.128  -0.235  25.193 0.0000000000
79476  -52.150  -0.389  24.894 0.0000000000
127882  -45.731  -12.216  40.291 0.0000000000
128028  -39.935  -20.996  47.694 0.0000000000
129245  -42.296  -16.238  44.775 0.0000000000
129495  -32.919  -21.589  52.789 0.0000000000
129612  -25.350  -24.181  56.553 0.0000000000
131427  -18.431  -27.293  56.311 0.0000000000
131558  -32.520  -21.124  52.727 0.0000000000
132334  -36.871  -21.621  50.206 0.0000000000
132941  -23.980  -21.571  56.010 0.0000000000
133796  -26.151  -22.891  56.048 0.0000000000
135244  -42.129  -15.611  44.610 0.0000000000
135918  -19.227  -24.837  57.900 0.0000000000
136156  -52.414  0.009  24.679 0.0000000000
136621  -44.098  -15.368  43.340 0.0000000000
137327  -46.031  -14.976  41.422 0.0000000000
137359  -31.063  -21.336  53.235 0.0000000000
137709  -46.121  -14.908  41.098 0.0000000000
138551  -31.684  -23.527  52.103 0.0000000000
139327  -44.057  -17.457  44.216 0.0000000000
140139  -22.463  -23.151  57.511 0.0000000000
140156  -52.812  -1.384  25.748 0.0000000000
141129  -36.057  -21.643  50.227 0.0000000000
141515  -51.373  -4.730  26.522 0.0000000000
141990  -42.747  -13.959  42.374 0.0000000000
143630  -23.816  -33.346  52.816 0.0000000000
143783  -36.977  -23.231  50.033 0.0000000000
144718  -48.750  -4.821  27.064 0.0000000000
144986  -33.366  -21.227  51.859 0.0000000000
145231  -45.447  -11.071  41.775 0.0000000000
146448  -43.953  -13.052  42.209 0.0000000000
146685  -42.220  -15.433  44.113 0.0000000000
147897  -24.179  -33.933  53.193 0.0000000000
148945  -34.263  -22.848  52.047 0.0000000000
149783  -46.505  -21.527  40.593 0.0000000000
