#!ascii label  , from subject chris_t1_1 vox2ras=TkReg
952
20381  -36.750  -64.518  -26.402 0.5000000000
20393  -36.550  -63.334  -27.564 0.8000000119
22064  -36.134  -62.594  -26.320 0.8000000119
22078  -35.872  -62.853  -27.656 0.8000000119
21206  -37.224  -62.994  -27.233 0.8000000119
129811  -36.665  -65.494  -25.420 0.5000000000
19559  -35.918  -64.181  -27.497 0.5000000000
20382  -37.471  -63.629  -26.879 0.6000000238
22042  -36.728  -62.296  -24.120 0.6999999881
22053  -36.679  -62.379  -25.199 0.6999999881
21195  -37.601  -62.965  -26.730 0.8000000119
20394  -37.938  -63.531  -26.679 0.6999999881
18682  -37.187  -66.037  -24.703 0.6000000238
140864  -37.443  -65.131  -25.394 0.5000000000
19548  -38.751  -64.681  -25.893 0.6000000238
22019  -35.344  -61.933  -22.303 0.6999999881
148249  -38.279  -63.992  -26.637 0.6000000238
147951  -39.506  -64.518  -26.031 0.6000000238
22028  -35.726  -61.982  -23.041 0.6999999881
146476  -35.511  -62.480  -23.530 0.6999999881
22055  -38.070  -63.137  -24.693 0.6999999881
20383  -38.967  -64.132  -26.391 0.6000000238
20385  -40.807  -64.936  -25.966 0.6000000238
21183  -38.780  -63.562  -25.613 0.8000000119
21184  -39.745  -63.958  -25.390 0.8000000119
20371  -40.325  -64.600  -25.770 0.6999999881
127583  -38.648  -66.592  -24.249 0.4000000060
19531  -40.345  -65.490  -25.176 0.6000000238
22928  -36.605  -61.370  -21.590 0.6999999881
19551  -41.403  -65.019  -25.839 0.6000000238
22939  -35.971  -61.534  -22.305 0.6999999881
139001  -36.917  -62.162  -23.300 0.6999999881
22043  -37.439  -62.608  -23.895 0.6999999881
21171  -38.989  -63.515  -24.425 0.6000000238
21185  -40.661  -64.278  -25.225 0.6999999881
21175  -42.855  -63.613  -24.502 0.5000000000
22044  -38.276  -63.010  -23.565 0.6000000238
21163  -40.208  -63.285  -23.205 0.6000000238
21172  -39.965  -63.676  -24.283 0.6000000238
21165  -42.067  -63.058  -23.408 0.6000000238
21164  -41.151  -63.241  -23.222 0.6000000238
22949  -42.881  -61.900  -23.450 0.5000000000
18674  -40.383  -66.364  -23.788 0.4000000060
18685  -40.773  -65.851  -24.530 0.5000000000
23849  -35.705  -60.772  -20.588 0.6999999881
18686  -41.500  -65.587  -24.754 0.6000000238
19515  -42.952  -65.247  -24.921 0.6000000238
22940  -37.977  -62.139  -22.024 0.6999999881
20373  -42.200  -64.920  -25.416 0.6000000238
22031  -38.579  -62.659  -22.625 0.6999999881
21187  -43.531  -64.021  -25.046 0.5000000000
22032  -39.539  -62.719  -22.483 0.6999999881
22033  -40.455  -62.646  -22.504 0.6000000238
148956  -43.558  -62.430  -24.308 0.5000000000
22047  -44.458  -62.381  -25.014 0.5000000000
22034  -41.330  -62.504  -22.675 0.5000000000
22887  -33.470  -61.151  -19.033 0.6000000238
128717  -33.920  -60.466  -18.698 0.6000000238
19498  -40.880  -65.984  -22.727 0.5000000000
19499  -41.800  -65.669  -23.238 0.5000000000
23837  -35.186  -60.478  -19.744 0.6999999881
23848  -34.836  -60.966  -20.355 0.6999999881
18660  -41.151  -66.070  -23.761 0.5000000000
19500  -42.747  -65.408  -23.869 0.5000000000
144489  -43.547  -64.219  -22.912 0.4000000060
139287  -36.362  -61.006  -21.000 0.6999999881
20348  -44.057  -64.612  -24.140 0.5000000000
22929  -37.468  -61.572  -21.502 0.6999999881
22930  -38.383  -61.682  -21.325 0.6999999881
22020  -38.941  -62.284  -21.788 0.6999999881
22021  -39.901  -62.179  -21.777 0.6000000238
21189  -44.690  -63.373  -24.953 0.5000000000
22941  -40.752  -61.946  -22.040 0.6000000238
22058  -45.004  -62.805  -25.199 0.5000000000
22933  -41.603  -60.880  -22.272 0.5000000000
22943  -42.226  -61.350  -22.756 0.5000000000
23876  -42.829  -60.991  -23.419 0.5000000000
23885  -44.302  -61.354  -25.259 0.5000000000
23877  -43.558  -61.597  -24.270 0.5000000000
23892  -44.808  -60.940  -26.266 0.3000000119
22022  -42.886  -62.915  -21.369 0.3000000119
22868  -32.285  -60.955  -17.745 0.6000000238
23822  -33.156  -60.742  -18.249 0.6000000238
125010  -42.646  -64.423  -22.274 0.4000000060
21156  -42.829  -63.717  -21.810 0.4000000060
23838  -36.127  -60.318  -19.768 0.6000000238
21166  -44.407  -63.808  -23.681 0.5000000000
23850  -36.632  -60.681  -20.404 0.6999999881
22916  -37.899  -61.229  -20.784 0.6999999881
21167  -44.743  -63.458  -24.545 0.5000000000
22931  -39.336  -61.596  -21.264 0.5000000000
22951  -45.404  -62.073  -24.624 0.5000000000
22932  -40.346  -61.290  -21.420 0.5000000000
22956  -45.504  -61.883  -25.008 0.4000000060
22961  -45.134  -61.620  -25.884 0.3000000119
24829  -45.287  -60.035  -26.025 0.4000000060
23884  -43.384  -60.675  -24.340 0.5000000000
139965  -32.484  -59.771  -17.273 0.6000000238
24733  -33.557  -60.049  -17.962 0.6000000238
24734  -34.301  -59.820  -18.299 0.6000000238
23824  -35.590  -59.868  -19.050 0.6000000238
24755  -36.508  -59.708  -19.225 0.6000000238
22036  -44.269  -62.772  -22.796 0.3000000119
22037  -44.852  -62.944  -23.854 0.4000000060
23839  -37.013  -60.233  -19.770 0.6000000238
23870  -44.448  -61.028  -22.657 0.3000000119
23852  -38.251  -60.615  -20.355 0.6000000238
22917  -38.784  -61.131  -20.721 0.6999999881
24812  -44.602  -60.245  -23.058 0.3000000119
23878  -45.114  -61.362  -23.799 0.3000000119
23853  -39.097  -60.226  -20.461 0.6000000238
24821  -44.145  -59.227  -23.890 0.3000000119
128387  -45.158  -60.604  -24.291 0.3000000119
24780  -40.240  -59.458  -21.110 0.5000000000
22918  -39.671  -60.829  -20.852 0.5000000000
23863  -41.053  -60.572  -21.682 0.5000000000
25763  -44.194  -58.546  -25.639 0.3000000119
24822  -44.974  -60.029  -24.804 0.3000000119
24798  -41.573  -60.036  -22.290 0.5000000000
147038  -42.166  -60.471  -22.831 0.5000000000
24837  -44.931  -59.790  -26.739 0.3000000119
145834  -41.340  -59.325  -22.530 0.5000000000
24836  -44.116  -60.100  -26.786 0.4000000060
23899  -44.685  -60.134  -26.832 0.3000000119
146272  -32.448  -59.113  -16.929 0.5000000000
24713  -33.116  -59.590  -17.354 0.6000000238
24715  -34.765  -59.163  -17.902 0.5000000000
24756  -37.388  -59.489  -19.374 0.6000000238
134557  -37.915  -58.751  -19.442 0.5000000000
26675  -43.307  -58.281  -23.682 0.3000000119
24778  -38.920  -59.401  -20.156 0.6000000238
26681  -43.386  -58.050  -24.947 0.3000000119
132922  -43.858  -58.706  -24.620 0.3000000119
24779  -39.613  -59.396  -20.595 0.6000000238
24797  -40.917  -59.594  -21.745 0.5000000000
24820  -41.795  -58.868  -24.074 0.5000000000
24827  -43.133  -59.578  -25.975 0.4000000060
25770  -42.464  -58.815  -26.321 0.4000000060
24698  -33.395  -58.931  -16.932 0.5000000000
25675  -34.875  -58.303  -17.489 0.5000000000
131489  -35.513  -58.713  -18.110 0.5000000000
24735  -35.407  -59.332  -18.463 0.5000000000
25690  -36.980  -58.250  -18.727 0.5000000000
27575  -42.254  -56.992  -23.423 0.3000000119
26674  -42.728  -57.536  -24.176 0.3000000119
127275  -38.652  -58.659  -19.842 0.6000000238
25716  -39.339  -58.606  -20.382 0.6000000238
25717  -39.945  -58.663  -21.004 0.5000000000
25750  -41.308  -58.732  -23.145 0.5000000000
24842  -43.625  -58.911  -27.421 0.4000000060
149888  -42.162  -58.019  -27.183 0.4000000060
134465  -34.334  -58.044  -16.913 0.5000000000
134648  -35.627  -57.757  -17.869 0.5000000000
26594  -36.435  -57.606  -18.444 0.5000000000
27562  -41.837  -56.420  -22.650 0.4000000060
149134  -41.018  -55.204  -23.213 0.4000000060
25703  -37.574  -58.075  -19.193 0.5000000000
129501  -38.937  -57.804  -20.183 0.5000000000
28490  -41.340  -55.541  -23.890 0.4000000060
146903  -41.573  -55.805  -24.341 0.3000000119
26614  -38.294  -57.127  -20.087 0.4000000060
126785  -42.712  -56.487  -25.907 0.3000000119
26633  -39.545  -57.835  -20.929 0.5000000000
25735  -40.128  -58.011  -21.630 0.4000000060
135295  -40.496  -58.258  -22.194 0.4000000060
25769  -41.899  -58.172  -26.675 0.4000000060
26580  -34.711  -57.404  -17.176 0.5000000000
27489  -35.320  -56.795  -17.660 0.5000000000
27501  -36.542  -56.738  -18.735 0.5000000000
28478  -40.796  -54.904  -22.504 0.4000000060
26613  -37.711  -57.299  -19.480 0.5000000000
27502  -37.225  -56.821  -19.264 0.4000000060
29422  -41.044  -54.820  -24.072 0.4000000060
27533  -38.146  -56.440  -20.601 0.4000000060
26632  -38.904  -56.961  -20.903 0.4000000060
29431  -41.446  -54.499  -25.027 0.4000000060
26647  -39.602  -57.155  -21.835 0.4000000060
26661  -40.248  -57.606  -22.440 0.4000000060
127106  -40.411  -57.387  -23.379 0.4000000060
25758  -41.093  -58.006  -23.895 0.4000000060
26673  -40.502  -57.248  -24.399 0.4000000060
26686  -41.218  -57.646  -25.989 0.4000000060
26694  -42.533  -57.140  -27.641 0.4000000060
26692  -41.616  -57.451  -27.072 0.4000000060
27488  -34.568  -56.507  -17.161 0.5000000000
27500  -35.759  -56.290  -18.262 0.4000000060
30312  -40.271  -53.045  -22.496 0.4000000060
30324  -40.484  -53.480  -23.268 0.4000000060
28412  -36.213  -55.849  -18.884 0.5000000000
27519  -36.888  -56.188  -19.420 0.4000000060
30332  -41.409  -53.721  -25.346 0.4000000060
27560  -39.355  -56.548  -22.450 0.4000000060
134288  -39.405  -56.333  -23.226 0.4000000060
27599  -43.389  -56.252  -27.390 0.3000000119
26678  -40.532  -57.173  -25.413 0.4000000060
28395  -35.044  -55.838  -17.631 0.4000000060
28429  -36.469  -55.447  -19.604 0.4000000060
123747  -40.541  -53.006  -23.933 0.4000000060
28447  -37.285  -55.479  -20.751 0.4000000060
27532  -37.629  -56.007  -20.473 0.4000000060
28448  -37.905  -55.857  -21.068 0.4000000060
27548  -38.439  -56.282  -21.250 0.4000000060
27559  -38.911  -56.037  -22.613 0.4000000060
27573  -39.085  -55.765  -23.470 0.4000000060
26672  -39.878  -56.660  -23.931 0.4000000060
27582  -40.022  -56.645  -24.968 0.4000000060
129800  -42.582  -56.086  -27.598 0.4000000060
27598  -40.787  -56.138  -26.870 0.4000000060
27600  -41.517  -55.888  -27.311 0.4000000060
141315  -35.861  -55.134  -19.106 0.4000000060
29361  -36.115  -54.699  -19.743 0.4000000060
29376  -36.900  -54.786  -21.002 0.4000000060
28462  -37.552  -55.247  -21.465 0.4000000060
28477  -38.518  -55.395  -22.814 0.4000000060
28488  -38.755  -55.116  -23.785 0.4000000060
129210  -43.786  -55.194  -27.899 0.4000000060
28497  -39.154  -55.096  -24.817 0.4000000060
28498  -39.439  -55.655  -25.417 0.4000000060
28503  -39.295  -55.024  -25.622 0.4000000060
27589  -39.729  -55.998  -26.100 0.4000000060
27597  -40.135  -55.747  -26.532 0.4000000060
29375  -36.385  -54.207  -20.443 0.4000000060
29391  -36.758  -54.103  -21.100 0.4000000060
29392  -37.295  -54.352  -21.647 0.4000000060
29407  -37.685  -54.180  -22.459 0.4000000060
29408  -38.263  -54.702  -22.985 0.4000000060
30323  -38.497  -53.768  -24.009 0.4000000060
29420  -38.477  -54.434  -23.647 0.4000000060
29435  -39.101  -54.508  -25.203 0.4000000060
29436  -39.319  -54.489  -25.944 0.4000000060
29444  -42.270  -54.813  -27.719 0.3000000119
29440  -39.966  -54.741  -26.621 0.4000000060
28512  -41.256  -55.322  -27.192 0.4000000060
29360  -35.803  -53.897  -19.728 0.4000000060
30282  -36.548  -53.482  -20.848 0.4000000060
137395  -36.708  -52.965  -21.218 0.4000000060
30297  -37.342  -53.630  -21.970 0.4000000060
30311  -37.697  -53.274  -22.633 0.4000000060
30331  -38.820  -53.970  -24.786 0.4000000060
30337  -39.093  -53.852  -25.511 0.4000000060
30345  -44.241  -54.086  -28.307 0.4000000060
29445  -43.978  -54.466  -28.422 0.3000000119
137263  -39.643  -54.315  -26.377 0.4000000060
29443  -40.699  -54.720  -26.975 0.5000000000
30348  -42.422  -54.038  -28.169 0.4000000060
30343  -40.109  -54.089  -26.717 0.5000000000
31286  -36.728  -52.234  -21.209 0.4000000060
126385  -37.215  -51.796  -21.770 0.4000000060
31287  -37.188  -52.811  -21.783 0.4000000060
31302  -37.578  -52.283  -22.483 0.4000000060
31310  -38.017  -52.658  -23.234 0.4000000060
30342  -39.645  -53.357  -26.470 0.4000000060
31330  -41.115  -53.173  -27.541 0.5000000000
133600  -36.368  -51.857  -20.562 0.4000000060
32267  -37.226  -50.888  -21.842 0.4000000060
32278  -37.569  -51.373  -22.475 0.4000000060
31329  -40.265  -52.535  -27.186 0.4000000060
32305  -40.998  -52.157  -27.714 0.5000000000
32248  -36.346  -51.094  -20.445 0.4000000060
33175  -37.234  -50.154  -21.984 0.4000000060
33184  -37.548  -50.502  -22.540 0.4000000060
32309  -41.608  -51.372  -28.268 0.5000000000
34851  -36.748  -48.687  -21.497 0.4000000060
33156  -36.508  -50.398  -20.674 0.4000000060
33975  -36.610  -49.459  -20.932 0.4000000060
33174  -36.895  -50.268  -21.383 0.4000000060
33976  -37.052  -49.472  -21.748 0.4000000060
129986  -37.750  -49.007  -23.107 0.5000000000
136624  -36.190  -49.768  -20.183 0.4000000060
24809  -41.923  -59.587  -23.249 0.5000000000
25762  -42.220  -58.892  -25.162 0.5000000000
24835  -43.360  -59.336  -27.001 0.4000000060
19547  -35.805  -65.449  -26.173 0.5000000000
22074  -35.797  -62.730  -26.927 0.8000000119
21182  -35.699  -62.924  -25.620 0.8000000119
22041  -35.646  -62.694  -24.421 0.6999999881
17859  -37.165  -67.186  -24.686 0.5000000000
22027  -34.988  -62.552  -22.710 0.6999999881
17860  -37.794  -67.926  -24.332 0.5000000000
22018  -34.678  -62.233  -21.780 0.6999999881
18673  -39.587  -66.699  -23.484 0.4000000060
18683  -37.974  -66.968  -24.500 0.4000000060
22926  -34.756  -61.693  -21.286 0.6999999881
23836  -34.284  -60.838  -19.570 0.6999999881
18658  -39.504  -66.633  -22.769 0.4000000060
19482  -40.410  -65.491  -21.887 0.4000000060
22885  -31.861  -61.750  -18.254 0.6000000238
21155  -42.141  -64.018  -21.275 0.4000000060
24712  -31.833  -59.721  -17.138 0.6000000238
24711  -30.960  -59.758  -17.236 0.5000000000
25657  -32.832  -58.345  -16.622 0.5000000000
26567  -33.960  -57.527  -16.675 0.5000000000
27472  -33.472  -56.921  -16.602 0.4000000060
28394  -34.246  -55.855  -17.140 0.4000000060
144518  -34.288  -55.176  -17.403 0.4000000060
29327  -34.965  -54.996  -18.040 0.4000000060
132389  -35.078  -54.300  -18.462 0.4000000060
130381  -35.304  -53.671  -18.987 0.4000000060
30270  -36.153  -53.292  -20.202 0.4000000060
31257  -36.015  -52.409  -20.046 0.4000000060
32233  -35.922  -51.427  -19.854 0.4000000060
33140  -36.083  -50.545  -20.019 0.4000000060
33960  -36.191  -48.965  -20.283 0.4000000060
21208  -35.376  -63.281  -27.870 0.8000000119
22066  -37.242  -62.548  -26.194 0.8000000119
19529  -38.098  -65.719  -24.623 0.5000000000
22052  -36.153  -62.521  -25.335 0.6999999881
22030  -37.652  -62.426  -22.909 0.6999999881
19532  -41.230  -65.324  -25.485 0.6000000238
20372  -41.194  -64.798  -25.748 0.6999999881
19516  -43.401  -64.966  -25.056 0.6000000238
129467  -42.646  -64.413  -24.997 0.6000000238
21174  -41.885  -63.753  -24.263 0.6000000238
20360  -43.882  -64.619  -24.902 0.5000000000
19483  -41.365  -65.309  -22.243 0.5000000000
20346  -42.287  -65.084  -22.747 0.5000000000
125671  -43.555  -63.317  -22.396 0.3000000119
24810  -42.584  -60.252  -23.605 0.5000000000
24737  -36.823  -59.042  -18.776 0.6000000238
24808  -40.884  -58.803  -22.355 0.5000000000
135879  -42.690  -59.740  -24.545 0.5000000000
143377  -41.576  -58.351  -24.688 0.4000000060
25749  -40.764  -58.099  -22.889 0.4000000060
25779  -43.347  -58.095  -27.572 0.4000000060
27590  -40.094  -56.570  -25.830 0.4000000060
141074  -39.444  -56.115  -23.954 0.4000000060
29344  -35.569  -54.438  -19.157 0.4000000060
28509  -39.608  -55.190  -26.268 0.4000000060
33986  -37.455  -49.631  -22.486 0.4000000060
134677  -30.308  -73.941  -24.830 0.4000000060
130349  -29.541  -72.458  -26.306 0.4000000060
14739  -29.105  -71.797  -27.016 0.4000000060
13998  -29.056  -71.979  -27.839 0.4000000060
14727  -28.732  -71.740  -26.162 0.4000000060
14738  -27.919  -71.327  -26.836 0.4000000060
14753  -28.323  -71.459  -27.699 0.4000000060
15546  -27.462  -70.366  -27.388 0.4000000060
16343  -27.766  -70.113  -29.233 0.5000000000
14726  -27.496  -71.224  -25.985 0.4000000060
14737  -27.386  -70.713  -26.622 0.4000000060
16333  -27.438  -70.067  -27.495 0.5000000000
16334  -27.906  -69.756  -27.893 0.5000000000
16335  -29.105  -69.319  -28.373 0.6000000238
15513  -26.909  -70.672  -25.010 0.4000000060
15525  -27.264  -70.415  -25.767 0.4000000060
15526  -27.845  -70.072  -25.607 0.4000000060
128153  -28.194  -69.649  -28.784 0.5000000000
17847  -38.771  -67.269  -23.492 0.3000000119
17836  -39.024  -67.118  -22.921 0.4000000060
20330  -39.940  -64.911  -21.185 0.3000000119
16348  -28.593  -69.695  -29.471 0.5000000000
17087  -35.622  -68.539  -26.669 0.5000000000
137109  -37.170  -68.084  -24.774 0.4000000060
15501  -28.651  -70.255  -23.932 0.4000000060
16325  -27.658  -70.055  -26.719 0.5000000000
16326  -28.839  -69.727  -27.290 0.5000000000
129023  -27.525  -70.256  -24.193 0.4000000060
15514  -27.278  -70.308  -24.943 0.4000000060
16344  -29.032  -69.249  -29.081 0.6000000238
16345  -29.551  -69.010  -29.313 0.6000000238
17100  -31.145  -67.759  -29.410 0.6999999881
17886  -35.281  -67.467  -26.551 0.5000000000
148556  -30.831  -68.513  -29.499 0.6999999881
17097  -33.437  -68.224  -28.821 0.6999999881
17896  -35.012  -68.016  -27.348 0.6999999881
125652  -31.748  -67.225  -29.431 0.6999999881
17903  -32.484  -67.626  -29.182 0.6999999881
16313  -28.875  -69.944  -26.274 0.5000000000
16327  -29.859  -69.620  -26.748 0.6000000238
16336  -29.721  -69.302  -27.604 0.6000000238
17092  -30.849  -67.961  -27.983 0.6000000238
15516  -29.563  -70.201  -24.509 0.4000000060
16314  -30.511  -69.914  -25.184 0.5000000000
17091  -30.147  -68.600  -28.351 0.6000000238
17892  -30.626  -67.459  -28.869 0.6000000238
17902  -31.435  -66.648  -29.257 0.6000000238
20331  -40.923  -64.853  -21.385 0.3000000119
17901  -30.706  -67.322  -29.083 0.6000000238
17898  -31.917  -66.517  -29.374 0.6999999881
17885  -34.631  -66.919  -27.221 0.6000000238
18696  -36.441  -66.410  -25.192 0.5000000000
16285  -31.519  -69.586  -23.739 0.6000000238
16286  -32.025  -69.176  -24.197 0.6000000238
16300  -32.193  -69.008  -25.073 0.6999999881
17078  -31.760  -68.866  -26.015 0.6000000238
17085  -31.309  -68.554  -26.948 0.6000000238
17893  -31.166  -66.858  -28.554 0.6000000238
16298  -30.721  -70.104  -24.169 0.5000000000
146304  -29.908  -69.830  -25.939 0.6000000238
149903  -31.770  -65.880  -29.022 0.6000000238
18714  -32.945  -65.586  -28.954 0.6999999881
18711  -33.589  -65.618  -28.514 0.6999999881
17895  -33.305  -66.440  -28.633 0.6999999881
18706  -34.905  -66.006  -26.840 0.6000000238
18705  -34.212  -65.853  -27.905 0.6999999881
17059  -32.054  -68.964  -23.443 0.6000000238
17060  -32.555  -68.516  -24.190 0.6999999881
17071  -32.711  -68.313  -25.118 0.6999999881
17079  -32.416  -68.292  -25.907 0.6999999881
18703  -32.390  -65.903  -27.797 0.6000000238
18710  -32.079  -65.681  -28.842 0.6999999881
18715  -33.510  -64.934  -28.515 0.6999999881
130471  -35.239  -64.864  -27.434 0.6000000238
19527  -34.102  -65.473  -24.996 0.6999999881
20380  -34.508  -63.972  -26.653 0.6999999881
17858  -33.109  -67.787  -24.734 0.6999999881
132247  -33.753  -65.321  -26.328 0.6000000238
19545  -33.992  -64.403  -27.021 0.5000000000
17884  -33.036  -66.662  -26.513 0.6999999881
18704  -33.086  -65.526  -27.278 0.6000000238
19555  -32.810  -65.249  -28.331 0.6999999881
19558  -35.214  -64.062  -28.145 0.5000000000
17894  -31.731  -66.382  -28.230 0.6000000238
19562  -34.154  -64.366  -28.335 0.6999999881
19557  -34.590  -64.753  -28.108 0.6000000238
20370  -34.757  -64.057  -25.536 0.6999999881
133093  -35.212  -63.372  -26.478 0.6999999881
21170  -35.254  -63.329  -24.554 0.6999999881
20396  -34.460  -63.919  -28.203 0.6000000238
21203  -34.900  -63.422  -27.592 0.6999999881
17874  -36.562  -67.602  -25.225 0.5000000000
20391  -34.226  -63.921  -27.857 0.6000000238
146424  -29.286  -72.312  -25.573 0.4000000060
14763  -27.585  -70.677  -28.385 0.4000000060
126022  -26.930  -70.618  -24.270 0.4000000060
15537  -27.313  -70.329  -26.599 0.4000000060
15527  -29.113  -69.991  -25.366 0.4000000060
15515  -28.176  -70.052  -24.761 0.4000000060
17900  -33.766  -67.718  -28.414 0.6999999881
133808  -34.016  -67.090  -27.866 0.6999999881
17084  -30.500  -68.992  -27.302 0.6000000238
17882  -31.537  -67.506  -27.555 0.6000000238
16299  -31.475  -69.604  -24.623 0.6999999881
16315  -31.436  -69.437  -25.413 0.6000000238
17883  -32.386  -67.293  -26.925 0.6000000238
17872  -33.417  -67.031  -25.406 0.6999999881
19556  -33.489  -64.651  -27.850 0.6000000238
19546  -34.275  -64.775  -25.931 0.6000000238
129981  -32.908  -67.725  -23.732 0.5000000000
15486  -30.215  -70.529  -22.697 0.4000000060
128372  -31.555  -69.398  -22.860 0.5000000000
18670  -33.043  -67.064  -23.326 0.6000000238
15469  -30.414  -70.443  -21.919 0.4000000060
16256  -30.712  -70.009  -21.335 0.5000000000
16272  -31.033  -69.892  -22.202 0.5000000000
17046  -31.888  -68.650  -22.635 0.5000000000
17833  -32.598  -67.492  -22.845 0.5000000000
18656  -32.732  -66.708  -22.602 0.5000000000
17047  -32.408  -68.249  -23.170 0.5000000000
18681  -33.695  -66.132  -24.329 0.6000000238
19512  -33.801  -65.502  -23.884 0.5000000000
18671  -33.339  -66.243  -23.343 0.5000000000
20357  -33.919  -64.717  -23.552 0.6999999881
19496  -33.382  -65.269  -22.999 0.6000000238
20345  -34.318  -64.013  -23.151 0.6000000238
15454  -30.364  -70.226  -20.483 0.5000000000
16241  -30.845  -69.262  -20.721 0.5000000000
17822  -31.726  -67.659  -21.525 0.5000000000
18647  -32.379  -66.452  -21.816 0.5000000000
17823  -32.304  -67.208  -22.054 0.5000000000
20358  -34.628  -64.109  -24.307 0.6000000238
19495  -32.780  -65.772  -22.325 0.6000000238
20329  -33.347  -64.205  -22.128 0.5000000000
21162  -34.464  -63.331  -22.768 0.6000000238
131705  -30.459  -69.477  -20.031 0.5000000000
17809  -31.312  -67.815  -20.715 0.5000000000
17793  -31.258  -67.275  -20.049 0.5000000000
132801  -31.652  -67.052  -20.806 0.5000000000
18634  -32.433  -65.830  -21.534 0.5000000000
133398  -34.961  -63.197  -23.584 0.6000000238
20328  -32.897  -64.348  -21.587 0.5000000000
21153  -33.437  -63.564  -21.641 0.6000000238
16231  -30.130  -69.107  -19.438 0.5000000000
147497  -30.624  -68.115  -19.707 0.5000000000
17792  -30.686  -67.573  -19.407 0.5000000000
18604  -30.836  -66.080  -18.718 0.5000000000
19437  -30.641  -65.240  -18.333 0.6000000238
18605  -31.346  -66.021  -19.387 0.4000000060
20277  -30.982  -64.474  -18.635 0.4000000060
19438  -31.281  -65.231  -19.089 0.5000000000
20309  -32.049  -65.083  -20.365 0.5000000000
19463  -31.951  -65.771  -20.449 0.4000000060
21113  -30.721  -63.711  -18.353 0.4000000060
21114  -31.322  -63.750  -18.945 0.5000000000
20291  -31.714  -64.737  -19.743 0.5000000000
21958  -30.458  -62.951  -18.032 0.4000000060
21142  -32.738  -63.733  -20.854 0.6000000238
22017  -33.892  -62.743  -21.377 0.6000000238
22913  -34.528  -61.508  -20.729 0.6000000238
143142  -31.411  -64.415  -19.217 0.5000000000
21975  -31.165  -63.016  -18.547 0.5000000000
21977  -32.273  -62.198  -18.948 0.5000000000
21129  -31.782  -63.917  -19.593 0.5000000000
138650  -30.222  -62.282  -17.721 0.4000000060
21959  -31.014  -62.195  -17.994 0.5000000000
21993  -32.594  -62.601  -19.671 0.6000000238
22007  -32.949  -62.922  -20.378 0.6000000238
22912  -33.928  -61.842  -20.413 0.6000000238
22886  -32.687  -61.452  -18.583 0.5000000000
23799  -30.130  -60.110  -17.501 0.3000000119
130947  -29.754  -60.937  -17.576 0.4000000060
22866  -30.413  -61.528  -17.598 0.4000000060
22867  -31.302  -61.273  -17.655 0.5000000000
22900  -32.983  -61.837  -19.361 0.5000000000
22901  -33.698  -61.520  -19.772 0.6000000238
27473  -33.824  -56.309  -16.791 0.3000000119
27471  -32.651  -56.977  -16.587 0.3000000119
25656  -32.020  -58.394  -16.691 0.4000000060
134277  -30.852  -58.943  -17.249 0.4000000060
28375  -32.525  -55.607  -16.798 0.3000000119
29343  -34.690  -53.550  -18.252 0.3000000119
29325  -33.568  -54.619  -17.179 0.3000000119
30255  -35.036  -52.798  -18.699 0.3000000119
136235  -35.586  -52.974  -19.498 0.3000000119
149000  -35.379  -52.493  -19.109 0.3000000119
32232  -35.471  -51.349  -19.035 0.3000000119
32216  -34.952  -51.341  -18.437 0.3000000119
33139  -35.600  -50.587  -19.342 0.3000000119
23801  -31.532  -60.443  -17.366 0.5000000000
28376  -33.468  -55.488  -16.845 0.3000000119
19513  -34.206  -64.948  -24.340 0.5000000000
142220  -31.690  -68.341  -21.973 0.5000000000
20310  -32.452  -64.667  -20.943 0.5000000000
22008  -33.595  -62.486  -20.696 0.6000000238
17080  -36.176  -68.903  -25.978 0.3000000119
17098  -34.463  -68.772  -28.681 0.6000000238
17093  -34.753  -68.448  -28.087 0.6000000238
17824  -36.825  -67.986  -21.769 0.3000000119
17834  -37.256  -68.233  -22.479 0.3000000119
132213  -37.834  -68.210  -22.989 0.3000000119
17835  -38.426  -67.660  -22.924 0.3000000119
16289  -36.397  -69.320  -23.609 0.3000000119
137811  -37.253  -68.615  -24.389 0.3000000119
17846  -38.203  -67.904  -23.619 0.3000000119
16337  -34.991  -69.100  -28.266 0.6000000238
16338  -35.350  -68.829  -27.486 0.5000000000
17811  -36.589  -67.485  -20.942 0.3000000119
18648  -37.689  -66.761  -21.619 0.3000000119
17825  -37.625  -67.573  -22.239 0.3000000119
18657  -38.404  -66.911  -22.319 0.3000000119
16303  -36.675  -69.145  -24.550 0.3000000119
16318  -36.374  -69.092  -25.336 0.3000000119
16330  -35.720  -69.098  -26.650 0.4000000060
15502  -29.910  -70.449  -23.606 0.4000000060
18635  -36.278  -66.915  -20.226 0.3000000119
143402  -37.145  -67.280  -21.467 0.3000000119
19479  -37.756  -65.956  -21.204 0.3000000119
129130  -38.267  -66.316  -21.704 0.3000000119
13264  -28.476  -72.814  -30.697 0.5000000000
13273  -28.705  -73.088  -31.151 0.5000000000
13983  -29.459  -72.748  -27.375 0.4000000060
14010  -29.017  -72.617  -28.674 0.4000000060
14020  -28.565  -72.906  -29.901 0.4000000060
13265  -29.010  -73.503  -30.558 0.5000000000
14778  -30.189  -71.645  -30.664 0.5000000000
134218  -29.543  -72.408  -31.075 0.5000000000
14019  -28.200  -72.206  -30.258 0.5000000000
14028  -28.383  -72.382  -30.798 0.5000000000
14009  -28.342  -72.178  -29.449 0.4000000060
148489  -32.623  -70.681  -30.133 0.6000000238
15566  -32.080  -70.561  -30.301 0.6000000238
16353  -30.134  -70.051  -30.067 0.5000000000
15564  -29.576  -70.882  -30.473 0.5000000000
14764  -27.791  -71.352  -29.389 0.3000000119
14772  -27.688  -70.802  -29.695 0.4000000060
15563  -28.437  -71.033  -30.531 0.5000000000
15561  -33.547  -70.178  -29.524 0.6000000238
16354  -31.296  -69.877  -30.148 0.6000000238
16349  -30.445  -69.144  -29.670 0.6000000238
15558  -27.993  -70.446  -30.009 0.4000000060
15559  -28.931  -70.170  -30.126 0.5000000000
15554  -34.439  -69.546  -28.570 0.6000000238
128276  -36.164  -69.359  -25.010 0.3000000119
144943  -35.416  -69.443  -26.422 0.4000000060
16350  -32.698  -69.304  -29.724 0.6000000238
129566  -29.489  -69.528  -29.745 0.4000000060
16302  -35.925  -69.487  -24.218 0.3000000119
128605  -36.662  -69.067  -22.961 0.3000000119
16317  -35.915  -69.339  -25.780 0.3000000119
16329  -35.264  -69.289  -27.271 0.5000000000
16355  -31.567  -68.992  -29.660 0.6000000238
16351  -33.525  -69.536  -29.530 0.6000000238
15560  -32.926  -70.139  -30.048 0.6000000238
16316  -35.043  -69.752  -25.645 0.3000000119
14766  -33.294  -70.752  -29.184 0.5000000000
14755  -33.169  -71.018  -28.345 0.5000000000
15553  -33.896  -70.217  -28.790 0.5000000000
14740  -33.184  -71.233  -27.375 0.4000000060
15547  -33.735  -70.407  -27.894 0.5000000000
14754  -32.769  -71.910  -27.977 0.5000000000
14765  -32.800  -71.598  -29.058 0.5000000000
13984  -32.932  -72.313  -26.952 0.4000000060
125419  -33.263  -71.397  -26.392 0.4000000060
15538  -33.796  -70.504  -26.955 0.4000000060
136033  -34.517  -69.761  -27.742 0.5000000000
14779  -31.450  -71.493  -30.449 0.5000000000
14780  -32.351  -71.221  -30.220 0.5000000000
15539  -34.595  -69.900  -26.510 0.4000000060
8131  -32.341  -80.546  -28.193 0.3000000119
132175  -32.718  -81.015  -28.933 0.3000000119
145534  -33.527  -79.693  -27.608 0.3000000119
9571  -34.857  -78.412  -28.017 0.3000000119
10304  -35.552  -78.038  -28.661 0.4000000060
9569  -33.081  -78.687  -26.989 0.3000000119
139258  -36.218  -77.806  -29.243 0.4000000060
10303  -34.788  -77.516  -28.603 0.4000000060
10291  -34.249  -77.842  -27.821 0.3000000119
10289  -32.531  -77.875  -26.920 0.3000000119
10319  -36.345  -77.277  -30.033 0.4000000060
10329  -35.612  -76.802  -30.518 0.4000000060
10999  -34.395  -76.891  -29.470 0.4000000060
10302  -33.936  -77.139  -28.359 0.4000000060
137562  -32.654  -77.243  -27.335 0.4000000060
10982  -33.133  -76.812  -27.995 0.4000000060
11721  -37.821  -74.793  -29.286 0.3000000119
10330  -36.509  -76.625  -30.439 0.4000000060
11033  -35.662  -76.360  -30.745 0.4000000060
11032  -34.947  -76.476  -30.981 0.4000000060
141489  -33.627  -76.343  -31.072 0.4000000060
11016  -32.780  -76.323  -30.004 0.4000000060
10997  -32.619  -76.337  -28.739 0.4000000060
11720  -36.896  -75.033  -28.756 0.3000000119
11734  -36.160  -75.339  -30.112 0.4000000060
12494  -33.878  -75.437  -31.180 0.4000000060
11042  -34.984  -76.125  -31.162 0.4000000060
11751  -33.542  -75.854  -31.328 0.4000000060
12487  -32.475  -75.026  -31.355 0.4000000060
11741  -32.402  -75.752  -31.105 0.4000000060
11749  -31.936  -75.268  -31.281 0.4000000060
11733  -32.158  -75.886  -30.584 0.4000000060
11717  -32.039  -75.942  -29.485 0.4000000060
12467  -35.345  -75.080  -29.500 0.4000000060
12477  -34.680  -74.896  -30.177 0.4000000060
13282  -31.591  -74.696  -31.349 0.4000000060
12493  -31.195  -74.910  -31.262 0.4000000060
11731  -30.795  -75.160  -29.596 0.4000000060
11740  -31.451  -75.361  -31.019 0.4000000060
11716  -31.367  -75.526  -28.930 0.4000000060
12476  -33.892  -74.429  -30.120 0.4000000060
13276  -32.261  -74.143  -31.020 0.4000000060
147131  -31.302  -74.064  -31.261 0.4000000060
13274  -29.877  -73.762  -31.317 0.4000000060
12475  -30.270  -74.697  -30.248 0.4000000060
141065  -29.308  -73.577  -31.106 0.4000000060
13267  -33.130  -73.863  -30.281 0.4000000060
123668  -31.560  -73.331  -30.801 0.4000000060
143865  -30.707  -72.567  -30.753 0.4000000060
13999  -32.896  -72.902  -27.795 0.4000000060
13266  -32.456  -73.170  -30.317 0.4000000060
14031  -32.029  -72.240  -30.369 0.4000000060
14728  -33.323  -71.507  -25.395 0.3000000119
14030  -29.673  -73.137  -31.261 0.4000000060
14011  -32.782  -72.578  -28.686 0.4000000060
15528  -33.765  -70.645  -25.938 0.3000000119
10318  -35.439  -77.264  -29.654 0.4000000060
11018  -34.773  -76.719  -30.532 0.4000000060
10998  -33.453  -76.602  -29.161 0.4000000060
131819  -37.031  -75.174  -29.699 0.4000000060
11744  -36.866  -75.665  -30.273 0.4000000060
140758  -34.492  -76.258  -31.175 0.4000000060
11719  -35.773  -75.263  -28.575 0.3000000119
149649  -36.275  -75.186  -29.395 0.4000000060
12478  -35.339  -75.324  -30.341 0.4000000060
12488  -33.316  -74.710  -30.980 0.4000000060
12466  -34.285  -74.602  -29.125 0.4000000060
12486  -30.518  -74.667  -31.056 0.4000000060
138756  -32.931  -73.238  -29.430 0.4000000060
10307  -38.491  -76.554  -28.992 0.3000000119
9572  -37.064  -78.382  -28.146 0.3000000119
8855  -36.227  -79.100  -28.186 0.3000000119
9589  -37.314  -77.766  -28.885 0.3000000119
10321  -37.834  -76.680  -29.621 0.3000000119
9588  -36.655  -78.229  -28.788 0.3000000119
10305  -36.876  -77.618  -29.471 0.3000000119
11019  -38.498  -76.054  -29.469 0.3000000119
10331  -37.373  -76.418  -30.225 0.3000000119
11745  -37.591  -75.821  -30.150 0.3000000119
11718  -34.863  -75.026  -28.432 0.3000000119
12465  -33.621  -74.183  -28.361 0.3000000119
13257  -33.144  -73.473  -28.515 0.3000000119
13985  -33.082  -73.303  -27.102 0.3000000119
12479  -38.474  -74.871  -29.352 0.3000000119
131055  -33.513  -73.947  -29.287 0.3000000119
9570  -34.024  -78.650  -27.441 0.3000000119
9587  -35.999  -78.680  -28.521 0.3000000119
10290  -33.409  -77.726  -27.402 0.3000000119
10320  -37.131  -77.099  -30.040 0.3000000119
10981  -32.315  -76.615  -27.642 0.4000000060
11001  -39.108  -75.949  -28.964 0.3000000119
11017  -33.745  -76.536  -30.456 0.4000000060
11030  -32.942  -76.234  -30.907 0.4000000060
11031  -34.266  -76.442  -31.050 0.4000000060
11034  -36.982  -76.125  -30.451 0.4000000060
11035  -37.984  -76.087  -29.955 0.3000000119
11040  -33.197  -76.066  -31.225 0.4000000060
11041  -33.929  -76.198  -31.260 0.4000000060
11732  -31.416  -75.545  -30.129 0.4000000060
11735  -37.729  -75.263  -29.767 0.3000000119
11736  -38.342  -75.482  -29.603 0.3000000119
11739  -30.843  -75.160  -30.568 0.4000000060
11742  -34.735  -75.553  -30.917 0.4000000060
11743  -35.725  -75.815  -30.654 0.4000000060
11750  -32.775  -75.607  -31.261 0.4000000060
11752  -34.288  -75.967  -31.336 0.4000000060
12474  -29.640  -74.189  -29.846 0.5000000000
12485  -29.667  -74.165  -30.861 0.4000000060
12492  -29.807  -74.008  -31.270 0.4000000060
13219  -29.976  -73.110  -25.445 0.4000000060
13244  -33.244  -73.805  -27.702 0.3000000119
13275  -30.568  -73.585  -31.195 0.4000000060
13281  -29.303  -73.382  -31.229 0.4000000060
13972  -33.084  -72.355  -25.897 0.3000000119
13997  -28.410  -71.773  -28.598 0.4000000060
14021  -32.578  -72.404  -29.627 0.4000000060
14029  -28.779  -72.679  -31.179 0.5000000000
14725  -27.109  -70.692  -25.822 0.4000000060
14752  -27.630  -70.917  -27.520 0.4000000060
14773  -27.982  -71.592  -30.348 0.5000000000
14774  -32.904  -70.842  -29.837 0.5000000000
14776  -28.326  -71.820  -30.702 0.5000000000
14777  -28.993  -71.776  -30.900 0.5000000000
15552  -27.563  -70.385  -28.810 0.4000000060
15562  -27.929  -71.142  -30.377 0.5000000000
15565  -30.859  -70.749  -30.371 0.5000000000
16230  -29.603  -69.611  -18.991 0.5000000000
16257  -31.156  -69.377  -21.480 0.5000000000
16273  -31.493  -69.045  -22.043 0.5000000000
16284  -30.904  -70.074  -23.221 0.4000000060
16328  -30.843  -69.425  -26.215 0.6000000238
16342  -27.564  -69.965  -28.388 0.5000000000
16346  -34.114  -69.605  -29.143 0.6000000238
16347  -34.500  -69.186  -28.806 0.6000000238
16352  -34.081  -69.046  -29.187 0.6000000238
17014  -30.610  -68.655  -19.987 0.5000000000
17015  -31.018  -68.445  -20.552 0.5000000000
17033  -31.355  -68.569  -21.265 0.5000000000
17048  -36.737  -68.613  -22.358 0.3000000119
17049  -37.252  -68.653  -23.057 0.3000000119
17061  -37.127  -68.987  -23.775 0.3000000119
17062  -37.667  -68.471  -23.722 0.3000000119
17081  -36.652  -68.593  -25.172 0.4000000060
17086  -31.975  -68.181  -26.663 0.6000000238
17096  -29.997  -68.452  -28.985 0.6000000238
17099  -30.398  -68.299  -29.240 0.6000000238
17101  -32.150  -68.295  -29.428 0.6000000238
17102  -33.176  -68.743  -29.343 0.6000000238
17808  -30.898  -67.965  -20.088 0.5000000000
17832  -32.112  -67.938  -22.347 0.5000000000
17845  -33.415  -66.964  -24.271 0.6000000238
17861  -38.450  -67.358  -24.077 0.3000000119
17871  -32.972  -67.661  -25.757 0.6999999881
17873  -35.658  -66.807  -25.755 0.5000000000
17887  -36.059  -68.129  -25.901 0.5000000000
17897  -31.174  -66.612  -29.037 0.6000000238
17899  -32.725  -66.731  -28.975 0.6999999881
18619  -31.090  -66.735  -19.351 0.5000000000
18620  -31.585  -66.395  -20.120 0.4000000060
18633  -32.103  -66.291  -20.981 0.5000000000
18646  -32.026  -66.925  -21.426 0.5000000000
18649  -38.976  -66.241  -22.130 0.3000000119
18659  -40.290  -66.463  -23.129 0.5000000000
18672  -39.153  -66.720  -24.017 0.4000000060
18684  -39.962  -66.229  -24.269 0.4000000060
18695  -33.669  -66.251  -25.203 0.6999999881
18709  -31.569  -66.116  -28.926 0.6000000238
18712  -31.643  -66.100  -29.088 0.6000000238
18713  -32.072  -65.842  -29.163 0.6999999881
18716  -31.713  -66.190  -29.252 0.6000000238
19451  -31.660  -65.545  -19.856 0.5000000000
19464  -32.309  -65.485  -20.955 0.5000000000
19477  -32.639  -65.156  -21.599 0.5000000000
19478  -33.097  -64.879  -22.216 0.6000000238
19480  -38.553  -65.685  -21.411 0.3000000119
19497  -39.912  -66.084  -22.382 0.4000000060
19514  -42.085  -65.565  -24.373 0.6000000238
19528  -34.444  -64.691  -25.096 0.6999999881
19530  -39.225  -65.703  -24.721 0.5000000000
19533  -42.142  -65.169  -25.351 0.6000000238
19534  -42.902  -65.028  -25.232 0.6000000238
19549  -39.901  -65.034  -25.868 0.6000000238
19550  -40.744  -65.055  -25.951 0.6000000238
19560  -32.808  -65.428  -28.701 0.6999999881
19561  -33.332  -64.961  -28.401 0.6999999881
19563  -34.663  -64.016  -28.290 0.5000000000
20292  -32.192  -64.259  -20.243 0.5000000000
20315  -41.388  -64.269  -20.876 0.3000000119
20332  -41.790  -64.633  -21.768 0.5000000000
20344  -33.613  -64.477  -22.744 0.6000000238
20347  -43.230  -64.888  -23.377 0.4000000060
20359  -43.387  -65.096  -24.361 0.5000000000
20384  -40.018  -64.633  -25.914 0.6000000238
20392  -35.091  -63.567  -28.091 0.6000000238
20395  -33.886  -64.381  -28.253 0.6999999881
21115  -31.844  -63.036  -19.223 0.5000000000
21130  -32.362  -63.423  -19.982 0.6000000238
21143  -33.328  -63.112  -20.967 0.6000000238
21154  -34.215  -63.042  -22.107 0.6000000238
21161  -33.873  -63.777  -22.422 0.5000000000
21173  -40.920  -63.755  -24.213 0.6000000238
21176  -44.457  -64.107  -24.767 0.5000000000
21181  -35.166  -63.613  -25.238 0.6999999881
21186  -41.620  -64.431  -25.125 0.6999999881
21188  -44.180  -64.039  -25.116 0.5000000000
21196  -38.375  -63.602  -26.355 0.6999999881
21197  -39.384  -64.182  -26.029 0.6999999881
21204  -35.495  -62.998  -27.333 0.8000000119
21205  -36.449  -62.861  -27.478 0.8000000119
21207  -34.799  -63.601  -28.038 0.8000000119
21209  -35.800  -63.098  -27.861 0.8000000119
21976  -31.634  -62.451  -18.589 0.5000000000
21994  -33.288  -62.205  -20.042 0.6000000238
22009  -34.237  -62.085  -21.039 0.6000000238
22029  -36.295  -61.916  -23.230 0.6999999881
22035  -42.150  -62.246  -22.955 0.5000000000
22045  -39.225  -63.252  -23.326 0.6000000238
22046  -42.932  -62.813  -23.785 0.5000000000
22048  -45.139  -62.853  -24.749 0.5000000000
22054  -37.329  -62.581  -25.047 0.6999999881
22056  -43.917  -63.415  -24.893 0.5000000000
22057  -44.686  -63.101  -25.000 0.5000000000
22059  -45.304  -62.433  -25.125 0.5000000000
22065  -36.611  -62.472  -26.295 0.8000000119
22067  -37.914  -62.988  -25.927 0.8000000119
22068  -45.146  -62.387  -25.395 0.5000000000
22075  -36.358  -62.614  -27.126 0.8000000119
22076  -36.993  -62.616  -27.060 0.8000000119
22902  -34.263  -61.327  -20.171 0.6999999881
22914  -35.835  -61.199  -21.409 0.6999999881
22915  -37.068  -61.171  -20.886 0.6999999881
22927  -35.299  -61.617  -21.694 0.6999999881
22942  -41.511  -61.699  -22.378 0.6000000238
22944  -43.970  -61.746  -22.268 0.3000000119
22945  -44.685  -62.012  -23.210 0.4000000060
22950  -45.217  -62.305  -24.043 0.3000000119
22954  -44.910  -61.759  -25.717 0.3000000119
22955  -44.974  -62.508  -25.398 0.5000000000
22962  -45.250  -62.039  -25.497 0.4000000060
23800  -30.644  -60.651  -17.454 0.4000000060
23802  -32.205  -60.240  -17.382 0.6000000238
23803  -32.816  -60.227  -17.652 0.6000000238
23823  -34.706  -60.202  -18.996 0.6000000238
23840  -37.829  -60.166  -19.844 0.6000000238
23851  -37.445  -60.699  -20.347 0.6999999881
23854  -39.846  -60.054  -20.770 0.5000000000
23862  -40.385  -60.307  -21.197 0.5000000000
23879  -45.461  -61.368  -24.845 0.4000000060
23886  -45.412  -60.770  -25.432 0.4000000060
23887  -45.366  -61.486  -25.609 0.4000000060
23893  -45.153  -60.750  -26.263 0.4000000060
24697  -31.581  -59.034  -17.035 0.5000000000
24714  -33.914  -59.397  -17.559 0.6000000238
24736  -36.053  -59.223  -18.633 0.6000000238
24757  -38.221  -59.464  -19.721 0.6000000238
24828  -43.830  -60.470  -25.689 0.5000000000
24843  -44.114  -59.577  -27.218 0.3000000119
24844  -44.489  -59.405  -27.106 0.3000000119
24845  -43.906  -58.439  -27.483 0.4000000060
25658  -33.683  -58.213  -16.692 0.5000000000
25674  -34.185  -58.689  -17.182 0.5000000000
25689  -36.246  -58.433  -18.406 0.5000000000
25704  -38.224  -57.934  -19.652 0.5000000000
25718  -40.452  -58.795  -21.654 0.5000000000
25764  -44.560  -59.323  -25.214 0.3000000119
25772  -44.715  -59.201  -26.306 0.3000000119
25775  -42.580  -57.797  -27.516 0.4000000060
25776  -42.714  -58.514  -27.237 0.4000000060
26564  -31.762  -57.839  -16.743 0.3000000119
26565  -32.332  -57.710  -16.577 0.4000000060
26566  -33.162  -57.616  -16.548 0.4000000060
26593  -35.963  -57.039  -18.169 0.5000000000
26595  -37.131  -57.459  -18.923 0.5000000000
26660  -39.829  -56.920  -22.869 0.4000000060
26679  -41.164  -57.695  -24.934 0.4000000060
26685  -40.670  -57.033  -26.322 0.4000000060
26691  -40.952  -56.702  -26.836 0.4000000060
26695  -43.016  -57.271  -27.743 0.4000000060
27520  -37.617  -56.499  -19.888 0.4000000060
27549  -38.936  -56.432  -21.804 0.4000000060
27561  -41.331  -55.584  -22.400 0.4000000060
27574  -41.674  -56.256  -23.841 0.4000000060
27581  -39.714  -56.228  -25.452 0.4000000060
27583  -41.951  -56.079  -24.933 0.3000000119
27584  -42.326  -56.768  -24.584 0.3000000119
27601  -41.812  -56.567  -27.432 0.4000000060
27602  -43.257  -56.597  -27.663 0.4000000060
28411  -35.554  -55.486  -18.420 0.4000000060
28430  -37.141  -55.765  -20.055 0.4000000060
28446  -36.627  -55.100  -20.333 0.4000000060
28463  -38.324  -55.738  -21.878 0.4000000060
28476  -37.869  -54.987  -22.240 0.4000000060
28489  -39.286  -55.658  -24.379 0.4000000060
28499  -41.619  -55.337  -24.857 0.4000000060
28510  -40.274  -55.230  -26.722 0.4000000060
28513  -42.653  -55.572  -27.680 0.4000000060
28514  -43.529  -55.864  -27.594 0.4000000060
29326  -34.355  -54.289  -17.723 0.3000000119
29409  -40.415  -54.077  -22.392 0.4000000060
29419  -38.141  -53.967  -23.174 0.4000000060
29421  -40.685  -54.407  -23.278 0.4000000060
29429  -38.768  -54.505  -24.370 0.4000000060
30296  -36.949  -53.556  -21.430 0.4000000060
30338  -39.379  -53.831  -26.099 0.4000000060
30346  -40.228  -53.250  -26.922 0.5000000000
30347  -41.030  -54.005  -27.287 0.5000000000
31243  -35.229  -52.024  -18.800 0.3000000119
31256  -35.591  -52.121  -19.416 0.3000000119
31270  -36.431  -52.717  -20.672 0.4000000060
31327  -39.799  -52.501  -26.807 0.4000000060
32266  -36.706  -51.225  -21.153 0.4000000060
34850  -36.449  -48.658  -20.859 0.4000000060
123778  -36.094  -62.275  -24.103 0.6999999881
124463  -37.421  -77.305  -29.430 0.3000000119
125375  -35.164  -61.267  -21.031 0.6999999881
126497  -30.617  -74.312  -31.266 0.4000000060
126931  -29.633  -70.742  -22.087 0.4000000060
127283  -41.402  -55.812  -23.173 0.4000000060
127809  -39.574  -56.187  -24.710 0.4000000060
128057  -33.022  -56.247  -16.606 0.3000000119
129198  -40.331  -56.345  -26.420 0.4000000060
129298  -34.134  -74.984  -30.734 0.4000000060
130133  -27.827  -71.181  -28.349 0.4000000060
131568  -41.662  -58.309  -25.638 0.4000000060
132342  -40.661  -55.647  -26.872 0.4000000060
132525  -35.474  -69.648  -24.888 0.3000000119
132637  -33.182  -75.380  -31.282 0.4000000060
132974  -32.549  -71.655  -29.893 0.5000000000
133544  -32.215  -69.814  -30.074 0.6000000238
134525  -37.776  -64.363  -26.367 0.6000000238
135362  -37.362  -58.753  -19.053 0.5000000000
135626  -38.476  -60.012  -20.073 0.6000000238
137193  -44.672  -59.889  -23.725 0.3000000119
137196  -34.160  -74.623  -28.093 0.3000000119
137892  -33.463  -66.225  -26.093 0.6000000238
139485  -38.987  -66.736  -22.569 0.3000000119
139568  -34.022  -64.956  -28.520 0.6000000238
139644  -43.297  -64.726  -25.050 0.6000000238
139686  -34.949  -59.664  -18.573 0.6000000238
140388  -32.692  -80.142  -27.630 0.3000000119
141562  -35.679  -63.689  -27.886 0.8000000119
142156  -34.209  -69.952  -28.287 0.5000000000
142337  -44.121  -59.091  -27.404 0.4000000060
142363  -34.146  -56.923  -16.772 0.4000000060
143030  -41.069  -61.290  -21.875 0.5000000000
143114  -35.738  -49.965  -19.637 0.3000000119
143810  -36.378  -76.132  -30.592 0.4000000060
145676  -27.476  -70.199  -28.075 0.4000000060
146087  -36.944  -61.790  -22.419 0.6999999881
146745  -34.492  -64.402  -25.748 0.6000000238
148075  -37.757  -77.572  -28.097 0.3000000119
148884  -27.572  -70.763  -29.099 0.3000000119
149340  -45.099  -62.090  -25.569 0.3000000119
149618  -35.416  -54.869  -18.643 0.4000000060
