#!ascii label  , from subject chris_t1_1 vox2ras=TkReg
1770
25774  -31.808  -58.413  -26.543 0.5000000000
25773  -31.367  -58.554  -26.662 0.4000000060
25766  -30.677  -58.406  -26.650 0.6000000238
142967  -31.326  -57.602  -26.595 0.6000000238
27588  -32.574  -56.781  -26.133 0.6000000238
26690  -32.236  -57.800  -26.519 0.5000000000
27580  -32.541  -56.432  -25.440 0.6000000238
26683  -30.401  -57.556  -26.099 0.6999999881
26682  -29.993  -58.173  -26.035 0.6999999881
27594  -31.496  -56.569  -26.455 0.6999999881
27596  -32.309  -57.181  -26.443 0.6999999881
136102  -32.579  -55.940  -26.037 0.6999999881
29418  -32.323  -54.842  -24.693 0.5000000000
28496  -32.482  -55.410  -25.462 0.6999999881
28487  -32.223  -55.750  -24.531 0.5000000000
24786  -16.446  -59.348  -21.955 0.5000000000
26676  -29.789  -57.687  -25.168 0.6999999881
27587  -30.692  -56.664  -26.104 0.6999999881
27595  -32.123  -56.505  -26.509 0.6999999881
27586  -30.019  -55.862  -25.411 0.6999999881
138699  -32.047  -55.152  -26.386 0.6999999881
28506  -31.729  -55.747  -26.447 0.6999999881
28501  -30.760  -55.581  -26.120 0.6999999881
146953  -32.416  -54.074  -24.848 0.6000000238
26628  -26.892  -57.828  -19.858 0.6999999881
26629  -27.484  -57.275  -20.003 0.6999999881
123362  -29.698  -57.150  -24.345 0.6999999881
26669  -29.497  -57.427  -23.649 0.6999999881
25710  -15.480  -59.008  -21.561 0.6000000238
24742  -14.642  -59.074  -19.508 0.4000000060
27579  -30.109  -56.878  -25.257 0.6999999881
129135  -32.333  -55.535  -26.207 0.6999999881
29428  -32.434  -54.486  -25.461 0.6999999881
30341  -32.094  -53.949  -26.125 0.6999999881
30320  -31.800  -53.555  -23.589 0.6000000238
27514  -24.793  -56.789  -19.261 0.6999999881
26609  -25.392  -57.420  -19.299 0.6999999881
26630  -28.168  -57.095  -20.564 0.6999999881
26611  -27.079  -56.985  -19.472 0.6999999881
27515  -25.635  -56.637  -19.126 0.6999999881
128024  -16.935  -58.613  -22.286 0.6000000238
141555  -29.457  -55.860  -23.171 0.6999999881
27556  -28.856  -56.384  -21.826 0.6999999881
27530  -27.641  -56.634  -19.937 0.6999999881
27517  -27.194  -56.136  -19.451 0.6999999881
132521  -14.255  -58.190  -20.379 0.5000000000
25709  -14.740  -58.911  -20.888 0.5000000000
28500  -29.950  -55.063  -25.624 0.6999999881
148917  -29.664  -55.683  -24.683 0.6999999881
28443  -27.835  -55.801  -20.007 0.6999999881
25695  -13.385  -58.105  -19.581 0.4000000060
29438  -31.336  -54.861  -26.270 0.6999999881
28485  -29.550  -55.571  -23.990 0.6999999881
27546  -28.432  -55.991  -20.874 0.6999999881
26591  -12.721  -57.604  -19.049 0.4000000060
28495  -29.490  -55.044  -24.915 0.6999999881
28473  -28.806  -55.399  -21.843 0.6999999881
28444  -28.229  -55.094  -20.411 0.6999999881
29439  -32.193  -54.683  -26.165 0.6999999881
29433  -30.425  -54.572  -25.867 0.6999999881
29415  -28.861  -54.351  -23.322 0.6999999881
142078  -28.700  -54.707  -21.973 0.6999999881
30330  -32.402  -53.512  -25.418 0.6999999881
30319  -28.817  -53.767  -24.169 0.6999999881
133365  -32.230  -52.754  -24.088 0.6000000238
31322  -32.286  -52.663  -25.562 0.6999999881
30335  -31.870  -53.392  -26.087 0.6999999881
128668  -31.696  -49.833  -22.707 0.5000000000
33183  -31.632  -50.463  -22.466 0.5000000000
33155  -31.179  -50.164  -19.875 0.4000000060
123600  -31.339  -49.949  -20.796 0.5000000000
144759  -24.514  -55.528  -19.585 0.6999999881
27528  -16.920  -56.728  -20.713 0.6000000238
28474  -29.221  -55.660  -22.523 0.6999999881
136300  -14.910  -58.393  -20.888 0.5000000000
28425  -26.601  -55.570  -19.142 0.6999999881
29432  -29.615  -54.369  -25.346 0.6999999881
29416  -29.191  -54.650  -24.087 0.6999999881
30334  -31.132  -53.970  -26.094 0.6999999881
33192  -32.465  -50.466  -24.781 0.6999999881
30321  -32.528  -52.702  -24.999 0.6999999881
32285  -32.303  -51.190  -24.185 0.6999999881
31316  -32.427  -52.123  -25.246 0.6999999881
33191  -32.149  -50.329  -23.585 0.6999999881
28469  -21.189  -56.063  -23.174 0.6999999881
28470  -21.861  -56.015  -23.696 0.6999999881
28484  -22.607  -55.701  -23.640 0.8000000119
29402  -22.973  -54.886  -23.676 0.8000000119
27543  -20.215  -56.285  -22.209 0.6000000238
28459  -23.300  -55.121  -22.382 0.8000000119
27542  -19.205  -56.454  -21.600 0.6000000238
28456  -18.204  -55.195  -21.366 0.6000000238
28423  -23.838  -55.404  -20.257 0.6999999881
128253  -17.958  -57.334  -21.511 0.6000000238
27541  -18.250  -56.365  -21.244 0.6000000238
27527  -16.082  -57.015  -20.414 0.6000000238
28439  -16.482  -55.708  -20.257 0.6000000238
29356  -26.008  -55.095  -18.947 0.6999999881
26621  -14.619  -57.504  -20.163 0.5000000000
27526  -15.328  -56.717  -19.785 0.6000000238
29354  -24.253  -54.869  -19.914 0.6999999881
28427  -27.834  -55.038  -19.853 0.6999999881
30333  -30.146  -53.634  -25.557 0.6999999881
29427  -29.182  -54.285  -24.743 0.6999999881
28460  -28.524  -54.936  -21.213 0.6999999881
32295  -32.050  -51.006  -25.431 0.8000000119
32296  -32.178  -51.958  -25.523 0.6999999881
30329  -29.257  -53.677  -24.994 0.6999999881
135674  -28.652  -54.194  -22.485 0.6999999881
33200  -32.263  -50.482  -25.316 0.8000000119
132142  -31.056  -53.246  -25.783 0.6999999881
134883  -29.623  -53.055  -25.131 0.6999999881
33974  -31.507  -49.837  -21.797 0.5000000000
33958  -31.324  -49.215  -19.946 0.5000000000
34836  -31.477  -48.299  -20.336 0.5000000000
133351  -31.679  -49.096  -19.036 0.4000000060
28458  -20.452  -55.239  -21.778 0.6000000238
29400  -21.571  -55.079  -22.805 0.6999999881
29386  -21.872  -54.052  -22.727 0.8000000119
29401  -22.504  -54.944  -23.530 0.8999999762
28457  -19.218  -55.264  -21.440 0.6000000238
29403  -23.132  -54.191  -23.487 0.8000000119
28472  -23.192  -54.962  -23.467 0.8000000119
127534  -23.483  -53.890  -21.606 0.8000000119
28455  -17.619  -55.296  -21.110 0.6000000238
28440  -17.071  -55.554  -20.658 0.6000000238
29370  -23.517  -54.692  -21.210 0.8000000119
27512  -14.439  -56.412  -19.347 0.6000000238
28438  -15.857  -55.774  -19.759 0.6000000238
29367  -16.137  -54.885  -19.711 0.6000000238
29355  -24.726  -54.280  -19.476 0.6999999881
27511  -13.406  -56.613  -19.184 0.5000000000
29357  -26.719  -54.617  -19.097 0.6999999881
135860  -25.686  -54.276  -19.011 0.6999999881
27497  -12.213  -56.220  -18.285 0.5000000000
27498  -12.980  -55.964  -18.532 0.5000000000
29358  -27.531  -54.519  -19.549 0.6999999881
29372  -28.330  -54.334  -20.745 0.6999999881
31320  -31.601  -52.641  -25.766 0.8000000119
31319  -30.461  -52.657  -25.416 0.6999999881
30328  -29.080  -52.977  -24.611 0.6999999881
30309  -28.641  -53.533  -23.116 0.6999999881
146815  -31.160  -52.031  -25.483 0.6999999881
29384  -19.087  -54.187  -21.530 0.6999999881
30289  -19.205  -53.431  -21.566 0.6999999881
29385  -20.577  -54.244  -21.726 0.6999999881
131769  -18.349  -54.440  -21.421 0.6999999881
30290  -20.705  -53.204  -21.632 0.8000000119
136608  -22.964  -52.937  -23.320 0.8000000119
29382  -17.828  -54.473  -21.234 0.6000000238
30308  -23.288  -53.595  -23.241 0.8000000119
29369  -17.282  -54.889  -20.587 0.6000000238
28422  -14.716  -55.281  -18.902 0.6000000238
29333  -15.176  -54.785  -18.732 0.6000000238
145995  -25.045  -53.686  -19.243 0.8000000119
30278  -23.533  -53.108  -21.016 0.6999999881
28404  -13.496  -55.313  -18.144 0.6000000238
30264  -24.865  -52.976  -19.319 0.8000000119
28383  -12.154  -55.622  -17.460 0.4000000060
29388  -28.500  -54.172  -21.579 0.6999999881
146123  -28.189  -53.871  -20.330 0.6999999881
30266  -26.482  -53.675  -18.948 0.6999999881
28366  -10.592  -55.645  -16.343 0.4000000060
30280  -28.417  -53.482  -21.008 0.6999999881
30268  -27.850  -53.842  -19.790 0.6999999881
32294  -31.371  -51.295  -25.338 0.8000000119
31315  -29.571  -52.373  -24.943 0.8000000119
30293  -28.501  -53.461  -22.082 0.6999999881
31307  -28.710  -52.833  -23.824 0.6999999881
33999  -32.444  -49.780  -25.333 0.8000000119
33991  -32.448  -49.731  -24.418 0.6999999881
33990  -31.962  -49.450  -23.408 0.5000000000
35748  -31.689  -47.498  -19.763 0.5000000000
124122  -31.484  -49.097  -21.064 0.5000000000
34801  -32.105  -48.447  -18.788 0.4000000060
30288  -18.401  -53.147  -21.353 0.6000000238
30291  -22.248  -53.102  -22.698 0.8000000119
136408  -17.191  -54.759  -20.159 0.6999999881
31299  -23.162  -52.792  -23.188 0.8000000119
29352  -16.560  -54.715  -19.281 0.6000000238
31298  -22.623  -52.277  -22.799 0.8000000119
29335  -16.118  -54.418  -18.502 0.6000000238
31283  -23.433  -52.335  -22.394 0.8000000119
28385  -14.251  -55.006  -17.974 0.6000000238
126927  -15.122  -54.761  -18.020 0.6000000238
30265  -25.651  -53.348  -19.002 0.8999999762
31266  -24.127  -52.612  -20.029 0.8000000119
132747  -27.711  -53.102  -19.526 0.8000000119
125504  -27.100  -53.023  -18.989 0.8000000119
28384  -12.993  -55.543  -17.701 0.5000000000
124013  -28.700  -51.703  -20.972 0.8000000119
126544  -28.210  -53.216  -20.151 0.6999999881
141831  -12.146  -55.788  -16.558 0.4000000060
33206  -31.574  -50.391  -25.477 0.8000000119
140812  -30.312  -51.688  -25.132 0.8000000119
31314  -28.977  -52.196  -24.399 0.8000000119
130274  -28.487  -52.820  -21.632 0.6999999881
33207  -32.128  -50.083  -25.610 0.8000000119
31300  -28.563  -52.602  -22.658 0.6999999881
140620  -29.488  -51.722  -24.714 0.8000000119
132336  -29.751  -51.014  -24.675 0.8000000119
125493  -31.757  -48.627  -23.189 0.6000000238
125226  -31.453  -48.245  -21.365 0.5000000000
30262  -18.104  -53.159  -20.890 0.6000000238
148783  -20.089  -52.425  -21.557 0.6999999881
130625  -17.848  -54.002  -20.915 0.6000000238
31281  -19.885  -51.915  -21.490 0.6999999881
29337  -17.357  -54.920  -19.603 0.6000000238
29353  -18.008  -54.324  -20.443 0.6000000238
30263  -18.492  -53.258  -20.573 0.6000000238
28406  -17.966  -55.491  -18.826 0.6000000238
141359  -23.029  -52.232  -23.118 0.8000000119
138613  -15.810  -55.092  -17.605 0.6000000238
29336  -16.848  -54.869  -18.657 0.6000000238
32275  -22.827  -51.415  -22.700 0.6999999881
28386  -14.882  -55.207  -17.741 0.5000000000
31265  -23.621  -52.103  -21.008 0.8000000119
27461  -13.481  -56.191  -17.044 0.3000000119
31237  -26.148  -52.105  -18.761 0.8000000119
31252  -24.779  -52.106  -19.468 0.8000000119
31239  -27.578  -52.245  -19.193 0.8000000119
31238  -26.906  -52.279  -18.725 0.8000000119
32264  -28.701  -51.253  -21.654 0.8000000119
32290  -30.661  -50.707  -25.074 0.8000000119
32283  -28.674  -51.935  -23.613 0.8000000119
31284  -28.620  -52.081  -21.694 0.8000000119
31267  -28.494  -52.484  -20.739 0.6999999881
32289  -29.082  -51.398  -24.222 0.8000000119
139431  -32.587  -49.233  -24.969 0.6999999881
123996  -31.517  -48.106  -22.338 0.6000000238
36591  -32.559  -46.354  -19.194 0.3000000119
31250  -18.475  -52.477  -20.823 0.6000000238
31264  -18.644  -51.850  -20.938 0.6999999881
129412  -19.146  -51.679  -21.270 0.6999999881
126326  -20.975  -51.613  -21.547 0.6999999881
24685  -17.349  -59.180  -15.484 0.5000000000
143906  -18.338  -55.169  -19.548 0.6000000238
29338  -19.150  -55.054  -19.655 0.6000000238
32274  -21.995  -51.724  -22.056 0.6999999881
27464  -16.324  -56.016  -17.421 0.5000000000
28388  -17.370  -55.345  -17.887 0.5000000000
28407  -19.051  -55.649  -18.919 0.6000000238
25651  -14.786  -58.057  -16.379 0.3000000119
27463  -15.382  -56.153  -17.407 0.5000000000
32263  -23.116  -51.646  -22.818 0.8000000119
33152  -23.589  -50.638  -21.481 0.8000000119
32245  -23.806  -51.331  -20.790 0.8000000119
145983  -28.110  -51.758  -19.498 0.8999999762
32212  -25.821  -51.358  -18.851 0.8999999762
32226  -24.382  -51.374  -19.904 0.8000000119
28369  -12.796  -55.808  -17.130 0.4000000060
134829  -28.886  -51.026  -20.771 0.8999999762
32246  -28.522  -51.606  -20.147 0.8999999762
32214  -27.258  -51.707  -18.792 0.8999999762
34006  -31.761  -49.559  -25.716 0.8000000119
33190  -28.815  -51.058  -23.448 0.8000000119
34007  -32.182  -49.343  -25.788 0.8000000119
34865  -32.588  -48.473  -24.995 0.6999999881
34858  -31.668  -47.929  -23.087 0.6000000238
128355  -31.517  -46.769  -20.937 0.6000000238
138881  -31.585  -46.897  -20.222 0.6000000238
30248  -19.436  -53.436  -20.058 0.6000000238
134837  -18.878  -52.575  -20.356 0.6000000238
32260  -19.883  -51.079  -21.452 0.6999999881
26559  -16.693  -57.610  -16.708 0.6000000238
27465  -17.741  -56.377  -16.891 0.5000000000
28389  -18.467  -55.661  -17.876 0.6000000238
32261  -21.654  -50.984  -21.726 0.6999999881
33181  -23.032  -50.724  -22.629 0.8000000119
25652  -15.681  -58.295  -16.292 0.4000000060
33171  -23.222  -50.705  -22.436 0.6999999881
27462  -14.353  -56.215  -17.276 0.4000000060
32244  -23.477  -51.392  -22.026 0.8000000119
33118  -27.234  -51.002  -18.695 0.8000000119
33153  -24.088  -50.697  -20.408 0.8000000119
33172  -28.905  -50.484  -21.437 0.8999999762
32228  -27.724  -51.378  -19.095 0.8000000119
32227  -25.040  -51.364  -19.288 0.8000000119
33199  -29.854  -50.111  -24.795 0.8000000119
145524  -28.739  -50.328  -23.374 0.8000000119
32276  -28.631  -51.592  -22.597 0.6999999881
34005  -30.758  -49.698  -25.372 0.8000000119
34876  -32.450  -48.999  -25.566 0.8000000119
35789  -31.802  -47.397  -23.520 0.6999999881
35782  -31.552  -47.321  -22.573 0.6999999881
38241  -31.753  -44.898  -22.080 0.6000000238
38229  -31.774  -44.923  -21.057 0.6000000238
141004  -32.035  -45.083  -20.306 0.6000000238
28408  -20.068  -55.445  -18.908 0.6000000238
32225  -19.182  -51.184  -19.898 0.8000000119
32259  -19.077  -51.099  -21.033 0.6999999881
25637  -19.306  -59.086  -15.146 0.5000000000
27485  -18.944  -55.698  -17.040 0.5000000000
32262  -22.639  -50.592  -22.407 0.6999999881
25655  -18.063  -57.763  -16.355 0.5000000000
27466  -18.500  -56.195  -16.709 0.5000000000
33168  -20.499  -50.305  -21.384 0.8000000119
33169  -21.923  -50.039  -21.861 0.8000000119
25636  -17.864  -58.614  -15.844 0.5000000000
33170  -22.865  -50.047  -22.487 0.8000000119
140967  -23.095  -50.166  -22.519 0.8000000119
33954  -23.456  -49.185  -21.880 0.8000000119
125557  -23.359  -49.969  -22.125 0.8000000119
33117  -26.372  -50.618  -18.684 0.8000000119
132385  -28.663  -50.706  -20.018 0.8000000119
33136  -25.292  -50.568  -19.180 0.8000000119
33998  -29.783  -49.122  -24.952 0.8000000119
33972  -28.836  -49.851  -21.982 0.8000000119
33983  -28.666  -49.778  -22.851 0.8999999762
34885  -31.906  -48.765  -25.987 0.8000000119
34883  -30.408  -48.905  -25.383 0.8000000119
35790  -32.360  -47.622  -24.517 0.6999999881
35800  -32.686  -47.698  -25.559 0.6999999881
37464  -31.649  -45.739  -22.582 0.6999999881
36644  -32.639  -47.099  -25.065 0.6999999881
36634  -32.164  -46.812  -24.115 0.6999999881
37476  -32.050  -45.945  -23.727 0.6999999881
128861  -21.479  -53.151  -19.167 0.8000000119
30249  -20.614  -53.577  -19.526 0.6000000238
31234  -20.822  -52.451  -19.409 0.6000000238
32208  -20.087  -51.475  -19.525 0.8000000119
126563  -21.566  -57.908  -12.719 0.6000000238
25618  -21.636  -58.265  -14.113 0.5000000000
128411  -20.280  -55.478  -17.907 0.6000000238
29340  -21.375  -54.554  -18.350 0.6000000238
33151  -19.241  -50.380  -20.642 0.8000000119
140897  -20.179  -56.397  -11.866 0.6000000238
26503  -21.872  -57.165  -12.488 0.6000000238
141642  -22.250  -57.425  -13.130 0.6000000238
27453  -21.121  -57.171  -15.485 0.5000000000
27467  -20.108  -56.166  -16.173 0.5000000000
141900  -19.819  -52.477  -12.749 0.5000000000
136331  -19.996  -54.067  -12.266 0.5000000000
135868  -21.664  -54.250  -12.283 0.6000000238
27425  -22.398  -56.607  -12.829 0.6000000238
26543  -19.397  -58.447  -15.484 0.5000000000
27468  -20.850  -56.227  -15.821 0.5000000000
132936  -20.817  -49.689  -21.374 0.8000000119
33970  -22.585  -49.385  -22.217 0.8000000119
31157  -20.540  -52.685  -12.694 0.5000000000
137370  -19.321  -56.171  -16.466 0.5000000000
31176  -18.653  -51.903  -13.005 0.4000000060
26561  -18.841  -57.159  -16.316 0.5000000000
33971  -23.096  -49.461  -22.389 0.6999999881
33941  -25.767  -49.827  -18.922 0.8000000119
33955  -23.799  -49.858  -20.915 0.8000000119
33154  -28.990  -50.230  -20.623 0.8000000119
33119  -27.900  -50.504  -18.902 0.8000000119
33940  -24.379  -49.426  -19.930 0.8000000119
131476  -26.568  -49.800  -18.579 0.8000000119
33925  -27.773  -49.777  -18.667 0.8000000119
126666  -30.632  -48.284  -25.664 0.8999999762
33989  -28.798  -49.685  -23.694 0.8000000119
141918  -29.202  -49.537  -24.386 1.0000000000
34886  -32.297  -47.940  -26.175 0.8000000119
35810  -32.769  -47.482  -26.210 0.6999999881
30251  -22.090  -53.167  -18.484 0.8000000119
32209  -21.222  -51.625  -19.223 0.8000000119
129902  -19.757  -50.543  -19.628 0.8000000119
129190  -22.840  -55.151  -12.664 0.6000000238
29323  -22.140  -54.187  -17.099 0.6000000238
30236  -21.906  -54.035  -18.017 0.6000000238
33134  -19.304  -50.236  -20.058 0.8000000119
30197  -20.913  -53.619  -12.405 0.5000000000
28328  -22.371  -55.850  -12.489 0.6000000238
27436  -23.249  -56.048  -13.780 0.6000000238
29308  -21.835  -54.865  -16.568 0.6000000238
136342  -19.772  -49.764  -21.020 0.8000000119
33969  -21.598  -49.270  -21.618 0.6999999881
30198  -21.968  -53.582  -12.421 0.5000000000
28359  -22.941  -55.592  -15.300 0.6000000238
29322  -21.433  -54.736  -17.426 0.6000000238
32149  -19.082  -51.385  -13.578 0.4000000060
31178  -21.023  -52.052  -12.873 0.4000000060
31158  -21.442  -52.836  -12.640 0.4000000060
31159  -22.382  -52.885  -12.603 0.4000000060
32151  -20.708  -51.362  -13.412 0.4000000060
137846  -21.456  -51.619  -13.175 0.4000000060
144715  -23.737  -54.754  -13.659 0.4000000060
134607  -21.905  -50.177  -13.399 0.4000000060
32154  -23.700  -51.876  -13.374 0.5000000000
33857  -20.587  -49.699  -14.137 0.3000000119
128188  -22.947  -50.215  -13.339 0.5000000000
31181  -23.615  -52.757  -13.209 0.5000000000
33956  -28.709  -49.887  -19.859 0.8000000119
33120  -28.306  -49.663  -19.070 0.8000000119
142481  -25.214  -49.108  -19.253 0.8000000119
33923  -26.173  -49.056  -18.710 0.8000000119
127459  -29.902  -48.460  -25.271 0.8000000119
33997  -29.196  -48.820  -24.496 1.0000000000
132016  -28.756  -49.046  -23.197 0.8000000119
33984  -28.973  -49.159  -22.360 0.8000000119
33957  -29.181  -49.330  -20.539 0.8000000119
33942  -28.779  -49.030  -19.634 0.8000000119
34875  -29.365  -48.299  -24.858 1.0000000000
34849  -29.362  -48.654  -20.986 0.8000000119
34894  -31.500  -48.046  -26.086 0.8000000119
34874  -28.908  -48.212  -24.254 0.8000000119
33973  -29.240  -49.249  -21.462 0.8000000119
133358  -32.648  -47.035  -26.525 0.8999999762
126171  -32.995  -47.013  -25.978 0.6999999881
139033  -32.729  -46.277  -25.067 0.6999999881
37477  -32.616  -45.293  -24.499 0.6999999881
134564  -32.117  -45.065  -23.237 0.6999999881
38252  -32.313  -44.133  -22.690 0.6999999881
38230  -32.293  -44.432  -20.517 0.6000000238
38263  -32.639  -44.363  -24.050 0.6999999881
39057  -33.294  -43.379  -20.282 0.6000000238
139945  -32.492  -43.588  -21.884 0.6000000238
31235  -21.787  -52.397  -19.000 0.8000000119
28336  -23.007  -55.914  -13.084 0.5000000000
30228  -22.841  -53.707  -16.741 0.8000000119
30238  -23.019  -52.945  -17.170 0.8000000119
126479  -22.561  -52.801  -17.823 0.8000000119
135578  -20.671  -50.907  -19.357 0.8000000119
29279  -22.506  -54.350  -12.450 0.5000000000
28337  -23.378  -55.457  -13.557 0.6000000238
29292  -23.930  -54.674  -14.445 0.5000000000
30237  -22.439  -53.473  -17.568 0.8000000119
33953  -19.500  -49.578  -20.340 0.6999999881
31179  -21.887  -52.167  -12.825 0.4000000060
30207  -23.536  -53.544  -13.024 0.5000000000
29310  -23.356  -54.071  -15.974 0.6999999881
29299  -23.090  -54.836  -15.621 0.6999999881
33939  -19.582  -49.223  -20.036 0.6999999881
33968  -20.466  -49.085  -21.118 0.6999999881
135158  -22.241  -48.827  -21.844 0.6999999881
147566  -20.821  -50.843  -13.635 0.3000000119
124488  -22.904  -48.737  -22.239 0.6999999881
34834  -23.388  -48.417  -21.637 0.6999999881
134007  -23.417  -51.017  -13.325 0.5000000000
34835  -23.823  -48.119  -20.582 0.6999999881
34727  -21.939  -48.607  -13.691 0.4000000060
33924  -27.222  -49.272  -18.497 0.8000000119
34818  -24.431  -48.614  -19.850 0.6999999881
131625  -27.954  -49.200  -18.666 0.8000000119
137723  -28.399  -48.116  -18.862 0.6999999881
34863  -28.784  -48.284  -23.504 0.8000000119
35809  -30.677  -47.443  -25.967 0.8999999762
35820  -31.789  -47.299  -26.475 0.8999999762
35808  -29.668  -47.685  -25.366 0.8999999762
35799  -28.940  -47.550  -24.711 0.8000000119
35780  -28.815  -47.668  -22.977 0.8000000119
36667  -32.254  -46.515  -26.739 0.8999999762
36656  -30.931  -46.523  -26.278 0.8000000119
141132  -32.915  -46.833  -26.517 0.8999999762
36657  -33.099  -46.159  -26.418 0.8000000119
38213  -33.367  -44.649  -19.486 0.4000000060
37488  -33.162  -45.527  -25.663 0.8000000119
38275  -33.331  -44.616  -25.399 0.6999999881
39967  -33.773  -42.190  -20.850 0.5000000000
31221  -22.885  -52.167  -17.587 0.6999999881
32210  -22.076  -51.592  -18.776 0.8000000119
31212  -24.280  -52.295  -16.170 0.6999999881
139982  -21.883  -50.118  -18.842 0.6999999881
138423  -22.188  -51.571  -13.136 0.4000000060
31204  -24.690  -52.035  -15.387 0.6000000238
33102  -22.965  -50.685  -18.025 0.6999999881
140631  -19.858  -49.116  -20.555 0.6999999881
34846  -21.311  -48.517  -21.349 0.6999999881
34847  -22.277  -48.177  -21.643 0.6999999881
130567  -24.473  -50.974  -14.080 0.5000000000
34848  -23.001  -47.994  -21.979 0.6999999881
34729  -23.861  -48.761  -13.776 0.4000000060
35658  -22.506  -47.883  -13.833 0.3000000119
34728  -22.940  -48.667  -13.609 0.3000000119
33882  -24.753  -49.440  -14.452 0.5000000000
34800  -28.375  -48.786  -18.965 0.6999999881
147884  -25.638  -48.694  -18.983 0.6999999881
35744  -24.586  -47.706  -19.701 0.6999999881
34747  -24.516  -48.166  -14.198 0.4000000060
34799  -27.782  -48.417  -18.548 0.6999999881
34819  -25.247  -48.334  -19.291 0.6999999881
34798  -26.794  -48.382  -18.487 0.6999999881
34820  -28.810  -48.232  -19.346 0.6999999881
137197  -28.633  -47.405  -23.860 0.8000000119
34856  -28.908  -48.424  -22.680 0.8000000119
34857  -29.230  -48.533  -21.814 0.8000000119
35781  -29.187  -47.805  -22.170 0.8000000119
36655  -29.737  -46.797  -25.601 0.8000000119
37510  -31.756  -45.919  -26.625 0.8000000119
36668  -32.912  -46.355  -26.806 0.8999999762
37512  -33.056  -45.546  -26.769 0.8000000119
38287  -33.491  -44.260  -26.227 0.8000000119
39071  -32.997  -42.840  -21.941 0.6999999881
129660  -33.353  -42.765  -20.956 0.6000000238
39115  -33.394  -43.775  -24.797 0.6999999881
39098  -32.906  -43.528  -23.617 0.6999999881
40029  -33.654  -42.946  -25.975 0.6999999881
33116  -22.310  -50.822  -18.526 0.6999999881
33094  -24.601  -49.976  -16.537 0.6000000238
33093  -24.024  -50.697  -16.983 0.6000000238
141727  -23.456  -50.473  -17.523 0.6999999881
33921  -21.495  -49.289  -19.129 0.6999999881
33920  -20.434  -49.105  -19.536 0.6999999881
33919  -19.795  -48.921  -19.870 0.6999999881
32168  -24.695  -51.536  -14.656 0.5000000000
31213  -24.549  -51.597  -16.003 0.6000000238
34794  -20.047  -48.309  -19.776 0.6999999881
34816  -19.742  -48.394  -20.022 0.6999999881
34845  -20.205  -48.261  -20.607 0.6999999881
32182  -24.801  -51.078  -15.428 0.6000000238
123681  -22.016  -47.128  -14.164 0.3000000119
33078  -24.925  -49.950  -14.830 0.5000000000
142260  -24.970  -50.364  -15.224 0.5000000000
33103  -23.885  -49.861  -17.272 0.6000000238
34748  -25.014  -48.779  -14.586 0.5000000000
34764  -25.380  -48.685  -15.815 0.6000000238
35759  -23.811  -47.303  -20.423 0.6999999881
35727  -25.537  -47.627  -19.034 0.6999999881
126947  -24.276  -45.693  -14.398 0.3000000119
35729  -27.253  -47.620  -18.433 0.6999999881
35772  -29.395  -47.809  -21.120 0.8000000119
35760  -29.422  -47.291  -20.222 0.6999999881
35747  -29.153  -47.516  -19.515 0.6999999881
35730  -28.173  -47.464  -18.590 0.6999999881
36632  -28.451  -46.581  -23.861 0.8000000119
131469  -29.431  -47.082  -21.763 0.8000000119
128771  -29.854  -46.054  -25.618 0.8000000119
36643  -29.047  -46.959  -25.090 0.8000000119
36642  -28.614  -46.725  -24.523 0.8000000119
36620  -28.723  -46.884  -23.149 0.8000000119
37487  -28.452  -45.204  -24.802 0.8000000119
37475  -28.333  -45.864  -24.271 0.8000000119
132529  -28.310  -44.950  -24.127 0.8000000119
38273  -28.372  -44.439  -24.465 0.8000000119
39980  -33.451  -42.226  -21.686 0.6000000238
39992  -33.459  -42.239  -22.630 0.6999999881
40038  -33.400  -43.337  -26.309 0.8000000119
39099  -33.483  -43.013  -24.351 0.6000000238
40954  -32.945  -41.804  -26.087 0.6999999881
40941  -33.052  -41.516  -25.526 0.6000000238
40006  -33.516  -42.280  -23.858 0.6000000238
132197  -23.112  -49.793  -17.920 0.6000000238
146971  -24.890  -49.374  -16.453 0.6000000238
34833  -19.794  -47.793  -20.065 0.6999999881
33909  -23.603  -49.051  -17.507 0.6000000238
35769  -21.184  -47.522  -21.103 0.6999999881
35770  -22.354  -47.341  -21.559 0.6999999881
35669  -25.157  -48.168  -14.756 0.4000000060
35684  -25.412  -47.859  -15.443 0.4000000060
34782  -23.416  -48.174  -17.693 0.5000000000
35768  -19.987  -47.173  -20.362 0.6999999881
35771  -22.894  -47.180  -21.548 0.6999999881
34772  -24.715  -48.307  -16.754 0.5000000000
141335  -24.184  -47.801  -17.172 0.5000000000
130633  -23.322  -46.996  -21.036 0.6999999881
36526  -24.829  -46.461  -14.617 0.3000000119
36536  -25.272  -45.963  -15.217 0.3000000119
35697  -25.443  -47.197  -16.067 0.4000000060
36588  -24.422  -46.822  -19.753 0.6999999881
141189  -24.983  -45.604  -14.765 0.3000000119
37376  -25.280  -45.047  -15.211 0.3000000119
36575  -25.930  -46.767  -18.719 0.6999999881
35745  -25.121  -47.059  -19.272 0.6999999881
36577  -27.551  -46.769  -18.456 0.6999999881
128743  -29.127  -47.184  -22.506 0.8000000119
132825  -29.295  -46.658  -19.597 0.6999999881
130573  -27.275  -45.968  -18.534 0.6999999881
36578  -28.794  -46.899  -18.995 0.6999999881
133397  -28.097  -46.080  -18.501 0.6999999881
141659  -28.841  -46.123  -25.100 0.8000000119
37462  -28.627  -46.094  -23.329 0.8000000119
36601  -29.477  -46.429  -20.406 0.6999999881
146199  -28.622  -46.242  -18.742 0.6999999881
37419  -28.656  -45.463  -18.713 0.6999999881
36621  -29.252  -46.371  -22.401 0.8000000119
36612  -29.486  -46.333  -21.356 0.8000000119
37427  -29.385  -45.680  -19.768 0.8000000119
38211  -29.373  -44.793  -19.477 0.6999999881
38251  -29.364  -44.766  -22.225 0.8000000119
38240  -29.543  -44.807  -21.261 0.8000000119
137730  -30.663  -45.515  -25.982 0.8000000119
38285  -29.925  -44.768  -25.377 0.8000000119
38250  -28.708  -44.683  -23.209 0.8000000119
138120  -29.481  -44.100  -21.664 0.8000000119
38294  -31.985  -45.127  -26.586 0.8000000119
38274  -28.813  -44.652  -25.041 0.8000000119
128815  -28.245  -44.181  -23.911 0.8000000119
138204  -29.133  -44.033  -22.513 0.8000000119
38286  -31.929  -44.271  -26.011 0.8000000119
39137  -32.814  -43.659  -26.433 0.8000000119
40900  -33.489  -41.743  -21.364 0.5000000000
129952  -33.433  -41.797  -23.103 0.6000000238
39129  -31.868  -43.353  -25.671 0.8000000119
40036  -32.601  -42.646  -26.147 0.8000000119
40917  -33.335  -41.825  -22.186 0.6000000238
40916  -32.928  -41.389  -22.598 0.6000000238
40942  -33.475  -41.933  -24.817 0.6000000238
40929  -32.961  -41.325  -23.537 0.6000000238
33908  -22.937  -48.853  -18.171 0.6999999881
34795  -21.007  -48.425  -19.361 0.6999999881
34783  -24.072  -48.496  -17.217 0.6000000238
35724  -20.352  -47.529  -19.583 0.6999999881
35726  -22.244  -47.492  -18.663 0.5000000000
35757  -19.725  -47.016  -20.030 0.6999999881
36550  -25.091  -46.564  -16.569 0.4000000060
36562  -24.518  -46.349  -17.108 0.4000000060
36561  -23.784  -46.540  -17.506 0.5000000000
144797  -25.456  -44.828  -16.036 0.3000000119
37407  -24.217  -45.720  -17.376 0.3000000119
132857  -22.986  -46.780  -18.197 0.5000000000
36600  -23.668  -46.426  -20.379 0.6999999881
38164  -25.086  -44.213  -15.075 0.3000000119
38189  -24.302  -44.730  -17.409 0.3000000119
36589  -25.088  -46.368  -19.226 0.6999999881
38179  -24.444  -43.792  -17.338 0.3000000119
37417  -26.839  -45.244  -18.480 0.6999999881
37420  -29.083  -46.057  -19.069 0.6999999881
132951  -29.170  -45.345  -19.121 0.6999999881
38201  -29.051  -44.704  -18.903 0.6999999881
37463  -29.003  -45.476  -22.744 0.8000000119
37440  -29.521  -45.605  -20.798 0.6999999881
135878  -29.549  -44.003  -20.784 0.8000000119
37499  -29.272  -45.374  -25.337 0.8000000119
126706  -29.416  -43.359  -21.865 0.8000000119
39127  -29.442  -44.179  -25.007 0.8000000119
39128  -30.690  -43.984  -25.284 0.8000000119
145703  -28.583  -43.937  -23.298 0.8000000119
39990  -28.288  -42.660  -23.216 0.8000000119
39991  -29.177  -42.621  -22.301 0.8000000119
146803  -30.946  -43.124  -24.987 0.8000000119
39112  -28.222  -43.712  -24.167 0.8000000119
130503  -27.891  -43.021  -24.060 0.8000000119
40915  -28.768  -41.942  -22.568 0.8000000119
40963  -32.874  -42.110  -26.187 0.8000000119
34781  -22.768  -48.125  -18.295 0.6000000238
35725  -21.170  -47.061  -19.211 0.6000000238
36537  -25.456  -46.310  -15.870 0.3000000119
35696  -24.937  -47.486  -16.643 0.5000000000
142051  -19.750  -47.022  -19.905 0.6000000238
36574  -21.967  -46.545  -18.830 0.5000000000
128399  -20.745  -46.521  -20.815 0.6999999881
136874  -22.327  -46.571  -21.491 0.6999999881
36573  -21.018  -46.378  -19.356 0.6000000238
36611  -21.535  -45.964  -21.371 0.6999999881
36598  -22.445  -45.827  -21.356 0.6999999881
37438  -23.140  -45.743  -20.698 0.6999999881
39004  -25.137  -43.341  -16.624 0.3000000119
37406  -23.334  -45.254  -17.870 0.3000000119
39907  -25.384  -42.801  -15.912 0.3000000119
145858  -20.339  -44.681  -20.012 0.3000000119
37439  -23.799  -45.648  -20.142 0.6999999881
130885  -24.366  -45.993  -19.681 0.6999999881
39925  -22.979  -42.251  -18.125 0.3000000119
145298  -22.175  -43.474  -18.685 0.3000000119
129299  -20.376  -44.312  -20.881 0.3000000119
40844  -23.083  -41.366  -18.040 0.3000000119
37418  -27.814  -45.299  -18.432 0.6999999881
38228  -29.459  -44.074  -19.870 0.8000000119
39069  -29.590  -43.219  -20.989 0.8000000119
39979  -29.530  -42.556  -21.388 0.8000000119
39114  -29.671  -43.380  -24.690 0.8000000119
39113  -28.682  -43.972  -24.632 0.8000000119
142829  -29.215  -42.654  -24.568 0.8000000119
124145  -28.367  -43.145  -24.350 0.8000000119
40005  -27.536  -42.431  -23.938 0.8000000119
40028  -31.638  -42.382  -25.524 0.8000000119
40016  -27.674  -42.387  -24.185 0.8000000119
40953  -32.186  -41.594  -25.987 0.6999999881
41844  -32.327  -41.069  -26.055 0.6000000238
36587  -19.792  -46.423  -19.981 0.6000000238
37413  -20.667  -45.121  -19.689 0.4000000060
37453  -21.915  -45.232  -21.556 0.6000000238
38227  -23.502  -44.991  -20.383 0.6999999881
147267  -22.431  -44.409  -21.064 0.4000000060
37425  -24.347  -45.081  -19.636 0.6999999881
37426  -25.035  -45.587  -19.168 0.6999999881
39054  -21.519  -42.923  -21.127 0.3000000119
38226  -22.989  -44.312  -20.591 0.4000000060
38210  -24.797  -44.303  -19.332 0.6000000238
38197  -25.554  -44.379  -18.860 0.6999999881
37416  -25.813  -45.215  -18.707 0.6999999881
38199  -27.345  -44.516  -18.393 0.6999999881
39026  -26.864  -43.802  -18.396 0.6999999881
39028  -28.559  -43.562  -18.629 0.6999999881
127729  -29.529  -44.832  -20.301 0.8000000119
39056  -29.527  -43.318  -20.173 0.8000000119
39084  -28.757  -43.368  -22.845 0.8000000119
127095  -29.577  -41.868  -21.000 0.8000000119
39097  -28.083  -43.357  -23.789 0.8000000119
40914  -27.748  -41.951  -23.481 0.8000000119
40018  -29.653  -41.817  -24.713 0.8000000119
40017  -28.305  -42.266  -24.502 0.8000000119
40927  -27.218  -41.805  -24.107 0.8000000119
40928  -27.198  -41.910  -23.927 0.8000000119
40939  -27.618  -41.634  -24.477 0.8000000119
41822  -32.514  -40.689  -25.401 0.6000000238
40952  -31.054  -41.381  -25.558 0.8000000119
42676  -32.157  -40.376  -26.130 0.6000000238
40962  -31.739  -40.659  -26.223 0.6999999881
41843  -31.436  -39.964  -26.431 0.6999999881
36610  -20.587  -45.637  -20.876 0.6000000238
37437  -22.626  -45.007  -21.113 0.6000000238
38238  -21.000  -44.332  -21.370 0.3000000119
39068  -21.265  -43.706  -21.348 0.3000000119
38208  -23.214  -43.492  -20.314 0.3000000119
39037  -23.983  -43.259  -19.655 0.5000000000
39963  -20.870  -42.222  -21.161 0.3000000119
39055  -22.520  -42.839  -20.597 0.3000000119
39934  -25.729  -42.914  -18.816 0.4000000060
39025  -26.056  -43.743  -18.649 0.6999999881
40882  -21.140  -41.516  -20.819 0.3000000119
141980  -27.199  -43.090  -18.378 0.6000000238
144362  -28.812  -42.802  -18.728 0.6000000238
143829  -28.043  -42.938  -18.488 0.6000000238
39938  -29.256  -42.735  -19.101 0.8000000119
39937  -28.306  -42.150  -18.506 0.6000000238
39039  -29.396  -43.405  -19.443 0.8000000119
142993  -28.976  -42.046  -18.780 0.6999999881
39966  -29.576  -42.428  -20.394 0.8000000119
40885  -29.581  -41.334  -20.239 0.6999999881
40871  -29.389  -41.951  -19.412 0.6999999881
40859  -29.044  -41.270  -18.858 0.6999999881
131306  -29.418  -41.891  -21.764 0.8000000119
41753  -29.486  -40.472  -19.756 0.6999999881
41797  -28.463  -41.164  -22.713 0.8000000119
145176  -29.283  -41.276  -22.085 0.8000000119
41769  -29.491  -40.405  -20.654 0.6999999881
149719  -28.668  -41.493  -24.681 0.8000000119
127301  -27.005  -41.310  -24.088 0.8000000119
41807  -27.315  -41.145  -23.625 0.8000000119
40027  -30.450  -42.448  -24.805 0.8000000119
124301  -27.164  -41.208  -24.310 0.8000000119
40951  -29.925  -40.824  -25.280 0.8000000119
131396  -31.687  -39.385  -25.320 0.6000000238
138825  -31.097  -40.440  -26.103 0.6999999881
42693  -31.189  -39.391  -26.556 0.6999999881
148392  -24.574  -43.679  -19.440 0.5000000000
40868  -23.594  -41.908  -19.739 0.3000000119
140068  -26.497  -43.218  -18.515 0.6000000238
40869  -24.403  -41.636  -19.400 0.3000000119
39935  -26.603  -42.537  -18.469 0.6000000238
40883  -22.208  -41.289  -20.416 0.3000000119
133237  -23.728  -41.132  -19.649 0.3000000119
40870  -25.177  -41.404  -18.913 0.3000000119
40884  -22.962  -40.804  -19.931 0.3000000119
41768  -22.306  -40.530  -20.304 0.3000000119
40858  -28.467  -41.356  -18.517 0.6999999881
137736  -29.363  -41.105  -19.414 0.6999999881
41795  -27.213  -40.091  -23.501 0.8000000119
42637  -28.672  -39.421  -21.775 0.6999999881
41796  -28.274  -40.216  -22.771 0.6999999881
41806  -26.712  -40.589  -23.995 0.8000000119
41820  -27.561  -40.861  -24.649 0.8000000119
41833  -27.134  -40.566  -24.537 0.6999999881
41819  -26.877  -40.613  -24.247 0.8000000119
42665  -26.374  -39.813  -23.906 0.6000000238
42655  -30.857  -38.958  -23.275 0.6000000238
41835  -29.500  -40.084  -25.341 0.6999999881
43614  -31.265  -39.014  -26.504 0.6999999881
43607  -31.576  -38.999  -26.186 0.6999999881
42688  -30.509  -39.314  -26.276 0.6999999881
45533  -29.719  -36.205  -27.070 0.5000000000
45534  -30.378  -36.262  -27.167 0.5000000000
126704  -26.816  -41.708  -18.347 0.6000000238
39936  -27.477  -42.313  -18.366 0.6000000238
40857  -27.740  -41.480  -18.292 0.6000000238
41739  -28.002  -40.637  -18.140 0.6000000238
41741  -29.169  -40.524  -19.037 0.6999999881
42590  -28.858  -39.812  -18.747 0.6999999881
43549  -20.850  -39.108  -20.448 0.3000000119
42638  -29.262  -39.562  -20.915 0.6999999881
137799  -29.303  -39.933  -19.357 0.6999999881
146642  -29.202  -39.155  -20.422 0.6999999881
41805  -26.513  -39.983  -24.174 0.6999999881
42654  -28.009  -39.303  -22.708 0.6999999881
43561  -28.371  -38.545  -21.947 0.6000000238
42653  -27.125  -39.191  -23.360 0.6999999881
40940  -28.437  -40.917  -24.806 0.6999999881
41834  -27.996  -40.394  -24.877 0.6999999881
42674  -26.563  -39.826  -24.529 0.6999999881
142937  -26.055  -39.101  -24.731 0.6000000238
132580  -27.728  -39.109  -25.130 0.6999999881
149554  -31.014  -38.905  -24.129 0.5000000000
43605  -30.344  -38.537  -26.399 0.6999999881
141164  -30.847  -37.992  -26.621 0.6999999881
45535  -30.525  -36.943  -26.807 0.6000000238
128848  -27.023  -40.751  -18.141 0.4000000060
131910  -27.517  -39.867  -17.925 0.5000000000
133733  -28.240  -39.876  -18.179 0.6000000238
148670  -28.770  -39.160  -18.796 0.6000000238
124094  -21.325  -37.279  -20.340 0.3000000119
44481  -21.659  -37.894  -20.218 0.3000000119
42605  -29.126  -39.326  -19.336 0.6999999881
43551  -28.840  -38.608  -20.819 0.6000000238
43530  -29.134  -38.867  -19.931 0.6000000238
43576  -26.079  -39.000  -23.748 0.6000000238
44511  -27.877  -37.810  -22.320 0.6000000238
42686  -27.315  -39.848  -24.853 0.6999999881
42664  -25.999  -39.274  -24.275 0.6000000238
42685  -26.599  -39.212  -25.029 0.6999999881
43602  -26.037  -38.355  -25.069 0.6000000238
43604  -28.950  -38.401  -25.532 0.6999999881
43606  -31.173  -38.492  -26.503 0.6999999881
43591  -31.379  -38.370  -26.178 0.6000000238
44530  -30.512  -37.638  -24.286 0.5000000000
44556  -31.040  -37.728  -26.494 0.6000000238
126314  -31.162  -37.983  -25.465 0.6000000238
44540  -30.777  -37.252  -25.536 0.5000000000
44555  -30.028  -37.573  -26.670 0.6000000238
131782  -30.626  -36.216  -26.985 0.5000000000
45528  -30.700  -36.783  -26.579 0.5000000000
46546  -30.582  -35.648  -27.076 0.5000000000
46545  -30.172  -35.666  -27.344 0.5000000000
128341  -26.942  -39.091  -17.754 0.4000000060
43496  -27.237  -38.244  -17.725 0.4000000060
42587  -24.911  -39.272  -18.729 0.4000000060
141260  -28.428  -39.318  -18.386 0.6000000238
140943  -22.183  -37.221  -19.927 0.3000000119
45443  -22.949  -36.750  -19.499 0.3000000119
44452  -23.686  -37.044  -19.211 0.3000000119
43529  -28.790  -37.999  -19.758 0.6000000238
48307  -22.523  -33.539  -19.459 0.3000000119
146904  -28.657  -37.706  -20.523 0.6000000238
43550  -28.454  -37.772  -21.323 0.6000000238
44529  -26.222  -38.048  -23.606 0.6000000238
43560  -27.092  -38.360  -23.165 0.6000000238
43575  -25.607  -38.415  -24.255 0.6000000238
138609  -27.064  -37.631  -22.962 0.6000000238
43590  -25.722  -38.346  -24.633 0.6000000238
44528  -25.470  -37.555  -24.173 0.6000000238
43589  -25.294  -37.638  -24.975 0.6000000238
124466  -28.586  -37.729  -25.563 0.6999999881
44564  -30.139  -36.725  -27.055 0.5000000000
42588  -25.935  -39.168  -18.130 0.4000000060
43495  -26.265  -38.362  -17.858 0.4000000060
42589  -27.891  -39.017  -17.922 0.5000000000
44455  -26.504  -37.538  -17.754 0.4000000060
43497  -28.069  -38.082  -17.986 0.4000000060
42604  -28.455  -38.699  -18.440 0.4000000060
43510  -28.852  -38.653  -19.153 0.5000000000
46450  -22.844  -35.921  -19.426 0.3000000119
46437  -23.710  -35.641  -18.950 0.3000000119
45429  -24.263  -36.437  -18.723 0.4000000060
44466  -28.579  -37.187  -19.132 0.4000000060
48296  -23.853  -33.769  -18.796 0.3000000119
46438  -24.577  -35.494  -18.475 0.4000000060
123692  -28.576  -37.031  -20.781 0.5000000000
44499  -28.180  -37.011  -21.627 0.5000000000
44510  -27.452  -37.009  -22.441 0.5000000000
45504  -26.467  -37.063  -23.340 0.6000000238
46496  -27.344  -35.677  -22.600 0.5000000000
43574  -25.295  -37.660  -24.727 0.6000000238
44527  -24.991  -37.068  -24.737 0.6000000238
44553  -27.176  -37.625  -25.312 0.6000000238
45526  -25.328  -36.441  -25.195 0.6000000238
44554  -28.872  -36.862  -26.036 0.5000000000
46544  -29.472  -35.556  -26.995 0.5000000000
47459  -29.772  -34.982  -27.317 0.5000000000
46552  -30.391  -35.045  -27.297 0.5000000000
44456  -27.447  -37.394  -17.856 0.4000000060
45432  -27.642  -36.590  -18.194 0.4000000060
44457  -28.175  -37.271  -18.372 0.4000000060
45431  -26.728  -36.727  -17.836 0.4000000060
45433  -28.285  -36.484  -18.746 0.4000000060
47357  -23.202  -34.093  -19.155 0.3000000119
45477  -28.398  -36.327  -21.049 0.4000000060
44482  -28.740  -37.093  -19.969 0.5000000000
49181  -22.597  -32.672  -19.396 0.3000000119
46480  -27.969  -35.429  -21.938 0.4000000060
45489  -27.135  -36.418  -22.708 0.5000000000
47412  -27.750  -34.826  -22.417 0.4000000060
45503  -25.388  -36.686  -24.073 0.6000000238
46512  -26.358  -36.094  -23.305 0.5000000000
45525  -25.035  -37.115  -25.106 0.6000000238
45502  -24.880  -36.411  -24.704 0.5000000000
46511  -25.286  -35.691  -24.149 0.5000000000
45527  -27.091  -36.616  -25.255 0.5000000000
46533  -24.817  -35.641  -25.036 0.6000000238
124057  -26.762  -35.803  -25.351 0.6000000238
46536  -28.370  -35.854  -26.116 0.5000000000
46543  -28.694  -34.974  -26.596 0.5000000000
48420  -30.311  -33.696  -27.376 0.5000000000
53957  -21.892  -27.757  -19.683 0.3000000119
52952  -22.996  -28.417  -19.535 0.4000000060
53959  -23.972  -27.818  -20.070 0.4000000060
47448  -24.893  -34.860  -25.149 0.5000000000
54966  -22.978  -26.659  -20.773 0.4000000060
46534  -25.601  -35.205  -25.360 0.5000000000
49247  -24.057  -32.420  -24.883 0.5000000000
49248  -24.981  -32.362  -24.387 0.5000000000
47449  -26.384  -34.423  -25.675 0.5000000000
48398  -24.455  -33.005  -24.910 0.5000000000
47457  -27.745  -34.329  -26.160 0.5000000000
49314  -30.335  -32.962  -27.425 0.5000000000
47458  -29.118  -34.139  -27.020 0.6000000238
48411  -28.838  -33.215  -26.839 0.5000000000
48419  -29.844  -33.547  -27.445 0.6000000238
50199  -30.237  -32.105  -27.454 0.4000000060
54967  -23.661  -26.841  -20.804 0.4000000060
52955  -25.030  -28.858  -19.857 0.4000000060
125860  -25.227  -34.365  -25.414 0.5000000000
48399  -25.784  -33.775  -25.635 0.5000000000
48409  -26.533  -33.085  -25.833 0.5000000000
49294  -26.804  -32.173  -26.081 0.5000000000
49293  -25.384  -32.246  -25.699 0.5000000000
48410  -27.875  -33.580  -26.256 0.5000000000
49295  -28.298  -32.316  -26.523 0.5000000000
49313  -29.576  -32.713  -27.292 0.5000000000
54012  -24.929  -27.182  -20.921 0.4000000060
55008  -23.354  -26.047  -22.151 0.4000000060
139354  -25.182  -33.059  -25.444 0.5000000000
50127  -23.954  -31.786  -24.764 0.4000000060
129290  -27.743  -32.860  -26.180 0.4000000060
51114  -28.420  -30.686  -26.742 0.4000000060
50182  -29.064  -31.731  -26.920 0.5000000000
51132  -29.846  -31.234  -27.477 0.3000000119
51099  -24.572  -31.034  -25.292 0.4000000060
50181  -27.297  -31.249  -26.289 0.4000000060
128025  -29.357  -30.238  -27.249 0.5000000000
52113  -30.198  -29.765  -27.595 0.4000000060
127031  -28.655  -29.176  -27.109 0.4000000060
51113  -26.788  -30.110  -26.373 0.4000000060
53060  -31.942  -28.790  -28.172 0.4000000060
53052  -29.621  -28.788  -27.548 0.4000000060
147572  -26.983  -27.685  -27.390 0.4000000060
53058  -30.584  -28.550  -28.169 0.4000000060
54083  -31.606  -28.304  -28.624 0.4000000060
55068  -32.155  -27.651  -29.107 0.4000000060
54084  -32.206  -28.122  -28.591 0.4000000060
53051  -27.851  -28.222  -27.392 0.4000000060
54076  -29.108  -27.957  -27.886 0.4000000060
54075  -27.690  -27.434  -27.652 0.4000000060
54074  -26.492  -27.061  -27.341 0.4000000060
55066  -29.656  -26.655  -28.590 0.3000000119
54082  -30.152  -27.662  -28.387 0.4000000060
55067  -31.023  -27.250  -28.823 0.4000000060
137684  -32.656  -26.889  -29.298 0.4000000060
54081  -28.662  -27.096  -28.200 0.3000000119
56003  -30.469  -26.321  -28.957 0.4000000060
55071  -31.643  -26.603  -29.294 0.5000000000
55065  -28.207  -26.030  -28.329 0.4000000060
56002  -29.301  -25.385  -28.737 0.4000000060
139078  -29.769  -56.280  -24.504 0.6999999881
28442  -23.375  -55.358  -21.174 0.6999999881
133709  -15.274  -57.607  -20.555 0.6000000238
29371  -23.900  -54.094  -20.425 0.8000000119
30307  -23.111  -53.471  -23.468 0.8000000119
31263  -18.321  -52.677  -21.084 0.6000000238
31280  -19.039  -52.480  -21.446 0.6999999881
136189  -24.166  -51.897  -20.216 0.8000000119
25634  -16.086  -58.789  -15.786 0.4000000060
31233  -19.547  -52.292  -19.851 0.6000000238
25617  -19.997  -58.813  -14.872 0.5000000000
33135  -24.483  -50.195  -19.845 0.8000000119
138480  -20.206  -51.931  -12.975 0.4000000060
29309  -22.581  -54.471  -16.335 0.6000000238
29280  -23.350  -54.411  -12.910 0.5000000000
29301  -24.217  -54.089  -14.708 0.6000000238
33114  -20.784  -50.063  -19.339 0.6999999881
34821  -29.290  -48.284  -20.139 0.6999999881
129151  -21.420  -47.806  -19.155 0.6999999881
132454  -21.636  -46.746  -21.380 0.6999999881
38200  -28.358  -44.481  -18.554 0.6999999881
140997  -28.980  -44.045  -18.770 0.6999999881
38209  -23.861  -44.170  -19.800 0.6000000238
39027  -27.729  -43.737  -18.427 0.6000000238
135787  -21.218  -45.316  -21.314 0.6000000238
132642  -24.849  -43.026  -19.340 0.5000000000
125815  -26.048  -41.173  -18.450 0.4000000060
47467  -30.107  -34.305  -27.409 0.5000000000
46441  -27.846  -35.821  -18.548 0.4000000060
50180  -25.617  -31.322  -25.970 0.4000000060
26677  -32.491  -57.732  -25.661 0.5000000000
25760  -29.462  -58.378  -25.194 0.6999999881
137622  -31.999  -54.245  -24.088 0.5000000000
24787  -17.402  -59.277  -22.249 0.5000000000
144929  -32.329  -53.439  -24.525 0.6999999881
28424  -25.044  -56.025  -19.247 0.6999999881
128980  -25.830  -55.824  -19.038 0.6999999881
29405  -29.282  -55.124  -23.260 0.6999999881
31309  -32.454  -52.003  -24.629 0.6999999881
33173  -31.439  -50.592  -21.531 0.5000000000
32284  -31.759  -51.128  -23.036 0.6000000238
33985  -31.544  -49.043  -22.268 0.5000000000
27540  -17.547  -56.447  -20.964 0.6000000238
32291  -32.379  -51.302  -25.121 0.6999999881
34822  -31.677  -48.374  -19.465 0.4000000060
30306  -22.862  -53.909  -23.486 0.8000000119
29351  -16.081  -54.475  -19.165 0.6000000238
29334  -15.655  -54.472  -18.653 0.6000000238
29383  -18.206  -53.723  -21.344 0.6999999881
30292  -23.431  -53.303  -22.600 0.6999999881
28370  -13.754  -55.532  -17.583 0.5000000000
31253  -25.545  -52.561  -19.036 0.8000000119
31282  -21.306  -52.369  -21.718 0.6999999881
28387  -16.539  -55.118  -17.694 0.6000000238
31255  -28.199  -52.425  -19.806 0.8000000119
34864  -32.029  -48.177  -23.902 0.6999999881
35773  -31.476  -47.409  -21.614 0.6000000238
27484  -18.030  -55.789  -17.202 0.6000000238
33182  -28.678  -50.619  -22.481 0.8999999762
33198  -29.101  -50.458  -24.162 0.8000000119
36622  -31.496  -46.498  -21.896 0.6000000238
24684  -16.587  -59.312  -15.367 0.3000000119
130446  -16.916  -56.775  -17.117 0.5000000000
132465  -15.983  -57.106  -17.060 0.5000000000
135762  -14.968  -57.149  -16.972 0.5000000000
25633  -15.226  -58.709  -15.743 0.4000000060
34884  -31.168  -48.953  -25.651 0.8000000119
133575  -19.946  -54.557  -19.591 0.6000000238
31251  -18.883  -51.841  -20.399 0.6000000238
33167  -19.508  -50.480  -21.155 0.8000000119
28390  -19.533  -55.659  -17.949 0.5000000000
25653  -16.461  -58.282  -16.317 0.4000000060
25654  -17.259  -58.119  -16.375 0.5000000000
131412  -18.118  -56.930  -16.565 0.5000000000
131815  -27.225  -50.180  -18.541 0.8000000119
36633  -31.630  -46.593  -23.072 0.6999999881
38242  -32.155  -44.244  -21.486 0.6000000238
38212  -32.872  -44.032  -19.928 0.4000000060
29339  -20.867  -54.706  -19.030 0.6000000238
24670  -19.618  -59.570  -14.509 0.5000000000
127570  -18.687  -58.883  -15.489 0.5000000000
28371  -19.926  -55.600  -16.919 0.5000000000
142739  -19.379  -57.719  -15.814 0.5000000000
30250  -21.482  -53.910  -18.849 0.6000000238
25605  -21.684  -58.158  -13.361 0.5000000000
26525  -21.892  -57.700  -14.411 0.6000000238
25639  -21.360  -57.894  -14.908 0.5000000000
25606  -22.125  -57.711  -13.804 0.6000000238
130651  -20.917  -58.614  -14.559 0.5000000000
28391  -20.721  -55.277  -17.205 0.5000000000
29277  -20.912  -54.720  -12.156 0.6000000238
123553  -21.500  -55.732  -12.175 0.6000000238
25638  -20.334  -57.882  -15.445 0.5000000000
27454  -21.663  -56.487  -15.496 0.6000000238
28358  -22.298  -55.990  -15.506 0.6000000238
26562  -19.720  -56.984  -15.992 0.5000000000
28372  -20.660  -55.582  -16.392 0.5000000000
32150  -19.821  -51.362  -13.529 0.4000000060
125903  -23.132  -48.758  -22.185 0.6999999881
129219  -23.827  -48.938  -20.795 0.6999999881
145487  -29.165  -49.851  -21.193 0.8000000119
128814  -28.839  -48.938  -23.966 0.8999999762
28329  -23.301  -55.162  -13.164 0.5000000000
28345  -23.237  -55.885  -14.541 0.6000000238
27445  -22.809  -56.601  -14.241 0.6000000238
28373  -22.361  -55.215  -15.921 0.6000000238
28360  -23.528  -55.193  -14.903 0.6000000238
31180  -22.858  -52.219  -12.898 0.4000000060
31160  -23.126  -52.963  -12.688 0.4000000060
29286  -24.282  -54.017  -14.073 0.5000000000
30208  -24.072  -53.413  -13.638 0.5000000000
33859  -22.383  -49.400  -13.482 0.4000000060
138605  -24.091  -51.207  -13.605 0.5000000000
32155  -24.397  -51.792  -13.948 0.5000000000
39085  -32.754  -43.348  -22.631 0.6999999881
33115  -21.524  -50.857  -19.009 0.6999999881
30229  -23.688  -53.159  -16.301 0.6999999881
31222  -23.563  -52.256  -16.899 0.6999999881
30220  -24.070  -53.727  -15.414 0.6000000238
35758  -23.341  -47.648  -21.320 0.6999999881
33861  -24.200  -49.519  -13.924 0.5000000000
37500  -33.309  -45.124  -26.345 0.8000000119
32197  -23.378  -51.332  -17.410 0.6000000238
32189  -24.093  -51.535  -16.642 0.6000000238
141843  -22.559  -50.178  -18.389 0.6999999881
31203  -24.377  -52.898  -15.440 0.6000000238
31191  -24.548  -52.522  -14.557 0.5000000000
35659  -23.552  -47.952  -13.794 0.3000000119
34797  -25.956  -48.284  -18.776 0.6999999881
35667  -24.193  -47.250  -14.175 0.3000000119
37511  -32.633  -45.791  -26.848 0.8999999762
38296  -33.202  -44.649  -26.580 0.8000000119
38295  -32.691  -44.471  -26.564 0.8000000119
39116  -33.640  -43.301  -25.455 0.6000000238
39086  -33.278  -42.803  -23.149 0.6000000238
40019  -33.595  -42.616  -25.095 0.6000000238
40037  -33.144  -43.036  -26.398 0.8000000119
33087  -25.002  -50.292  -15.827 0.6000000238
33922  -22.388  -49.461  -18.566 0.6999999881
34817  -19.743  -47.600  -19.976 0.6999999881
33088  -25.168  -49.770  -15.373 0.5000000000
34773  -25.310  -48.059  -16.230 0.4000000060
35728  -26.379  -47.620  -18.604 0.6999999881
141752  -29.499  -46.986  -20.948 0.8000000119
143808  -28.291  -46.695  -18.600 0.6999999881
140624  -31.034  -44.773  -25.847 0.8000000119
145996  -33.241  -43.660  -26.483 0.8000000119
35709  -23.575  -47.314  -17.591 0.5000000000
126412  -25.551  -43.806  -16.031 0.3000000119
36576  -26.777  -46.492  -18.540 0.6999999881
127393  -25.629  -45.974  -18.857 0.6999999881
126796  -26.368  -45.941  -18.640 0.6999999881
37454  -29.459  -45.553  -21.808 0.8000000119
37395  -25.308  -45.718  -16.313 0.3000000119
127959  -23.362  -46.044  -17.846 0.5000000000
36599  -22.946  -46.455  -21.138 0.6999999881
38180  -25.117  -44.270  -16.730 0.3000000119
125607  -20.269  -45.939  -19.675 0.5000000000
37415  -22.635  -45.882  -18.415 0.4000000060
39914  -25.043  -42.509  -16.614 0.3000000119
38198  -26.403  -44.485  -18.525 0.6999999881
36597  -19.915  -46.193  -20.227 0.6000000238
37451  -20.656  -44.847  -21.122 0.3000000119
141423  -25.080  -44.905  -19.083 0.6999999881
38207  -20.298  -43.977  -20.126 0.3000000119
147579  -31.843  -40.249  -26.281 0.6999999881
38239  -21.873  -44.489  -21.427 0.4000000060
40898  -29.503  -41.177  -21.247 0.8000000119
142697  -31.576  -39.642  -26.307 0.6000000238
42675  -32.031  -39.790  -25.914 0.6000000238
38225  -22.258  -43.749  -20.970 0.3000000119
37452  -21.371  -44.853  -21.415 0.5000000000
39038  -25.274  -43.661  -19.103 0.5000000000
39964  -21.806  -42.135  -20.790 0.3000000119
39965  -22.785  -42.049  -20.268 0.3000000119
39949  -29.462  -42.768  -19.664 0.8000000119
41781  -29.166  -40.402  -21.779 0.6999999881
42692  -31.037  -38.767  -26.658 0.6999999881
39947  -24.226  -42.453  -19.531 0.3000000119
149549  -23.050  -41.445  -19.940 0.3000000119
41750  -22.846  -40.062  -20.026 0.3000000119
42603  -24.257  -39.803  -19.302 0.3000000119
41740  -28.617  -40.579  -18.552 0.6000000238
42687  -28.977  -39.345  -25.327 0.6999999881
147599  -27.752  -38.611  -22.665 0.6000000238
43592  -31.367  -38.749  -25.149 0.5000000000
131911  -26.562  -39.886  -18.044 0.4000000060
43603  -27.350  -38.486  -25.278 0.6000000238
44552  -25.676  -37.413  -25.218 0.6000000238
142450  -30.674  -35.800  -26.926 0.4000000060
43493  -24.745  -37.820  -18.625 0.4000000060
46449  -22.404  -35.301  -19.617 0.3000000119
126114  -23.121  -35.004  -19.307 0.3000000119
45476  -27.865  -36.220  -21.918 0.5000000000
43509  -28.564  -37.963  -18.732 0.4000000060
145488  -23.989  -34.639  -18.733 0.4000000060
46442  -28.319  -35.750  -19.103 0.4000000060
46481  -28.267  -35.606  -21.233 0.4000000060
53958  -22.699  -27.752  -19.750 0.3000000119
52954  -24.516  -28.385  -19.960 0.4000000060
136253  -24.703  -34.138  -25.085 0.5000000000
133210  -24.740  -27.780  -20.428 0.4000000060
52112  -27.752  -29.633  -26.682 0.4000000060
52111  -26.964  -28.731  -26.988 0.4000000060
55058  -27.287  -26.543  -27.822 0.4000000060
55073  -33.237  -26.260  -29.494 0.3000000119
23866  -25.777  -60.637  -22.296 0.5000000000
23873  -26.264  -60.213  -23.624 0.5000000000
22896  -24.028  -61.191  -19.126 0.4000000060
138746  -24.548  -61.006  -19.588 0.5000000000
22908  -25.117  -61.337  -20.087 0.5000000000
23860  -25.612  -60.420  -21.386 0.5000000000
149480  -25.850  -60.016  -22.017 0.6000000238
24803  -26.347  -59.591  -22.194 0.6000000238
23834  -24.092  -60.428  -19.558 0.5000000000
23832  -22.625  -60.373  -19.112 0.5000000000
23845  -24.779  -60.442  -20.009 0.5000000000
24773  -25.040  -59.810  -20.339 0.5000000000
23831  -22.076  -59.883  -19.590 0.5000000000
149193  -25.835  -59.252  -20.743 0.6000000238
24793  -26.664  -59.015  -21.574 0.6000000238
24792  -25.968  -59.539  -21.380 0.6000000238
24804  -26.956  -59.118  -22.465 0.6000000238
25745  -27.711  -58.737  -22.715 0.6000000238
25730  -27.420  -58.594  -21.787 0.6000000238
25753  -28.060  -58.953  -23.553 0.6000000238
25754  -28.936  -58.573  -24.091 0.6000000238
25746  -28.534  -58.368  -23.054 0.6000000238
24749  -22.881  -59.916  -19.574 0.5000000000
24751  -24.382  -59.687  -19.881 0.5000000000
145412  -25.384  -59.217  -20.389 0.6000000238
24771  -21.455  -59.292  -20.553 0.5000000000
24772  -22.325  -59.380  -20.134 0.5000000000
24775  -26.322  -58.905  -20.822 0.6000000238
24769  -19.509  -59.241  -20.781 0.5000000000
24770  -20.529  -59.306  -21.115 0.5000000000
126749  -27.083  -58.442  -20.764 0.6000000238
25731  -28.261  -58.229  -22.090 0.6000000238
25755  -29.507  -57.953  -24.208 0.6000000238
25698  -23.815  -58.913  -19.761 0.5000000000
24752  -24.735  -59.109  -20.038 0.5000000000
25711  -21.658  -58.754  -20.922 0.5000000000
25697  -23.033  -59.231  -19.842 0.5000000000
25700  -25.243  -58.618  -19.883 0.6000000238
24789  -19.757  -59.280  -22.182 0.5000000000
24791  -20.906  -58.925  -21.694 0.5000000000
140079  -26.441  -58.449  -20.213 0.6000000238
24802  -19.236  -59.071  -22.873 0.5000000000
144019  -27.517  -57.738  -20.438 0.6000000238
25714  -27.879  -57.962  -21.166 0.6000000238
26668  -29.204  -57.965  -23.373 0.6000000238
26657  -28.819  -57.722  -22.573 0.6000000238
25729  -21.191  -58.354  -22.156 0.5000000000
135974  -22.676  -57.576  -20.141 0.5000000000
26607  -23.568  -57.773  -19.607 0.6000000238
27513  -23.947  -56.890  -19.509 0.6000000238
25728  -20.643  -58.655  -22.957 0.5000000000
25699  -24.485  -58.354  -19.626 0.6000000238
26608  -24.551  -57.544  -19.418 0.6000000238
24788  -18.636  -59.218  -21.878 0.5000000000
25724  -16.723  -59.125  -22.357 0.5000000000
26645  -28.532  -57.342  -21.620 0.6000000238
141289  -29.044  -57.071  -22.308 0.6000000238
26655  -21.522  -57.407  -23.662 0.5000000000
26643  -21.667  -57.455  -22.595 0.5000000000
26644  -21.939  -56.953  -21.049 0.5000000000
26627  -23.019  -56.691  -20.099 0.6000000238
25742  -19.628  -58.786  -23.351 0.5000000000
25741  -18.862  -58.835  -22.845 0.5000000000
26653  -19.289  -58.410  -23.103 0.6000000238
26656  -22.025  -56.971  -24.118 0.6000000238
27544  -22.194  -56.985  -23.741 0.5000000000
27545  -22.452  -56.551  -22.914 0.5000000000
143102  -22.823  -55.954  -21.556 0.6000000238
26654  -20.063  -58.213  -23.653 0.6000000238
26666  -20.772  -57.850  -23.719 0.6000000238
147853  -23.681  -56.414  -19.807 0.6000000238
26640  -17.764  -58.278  -22.302 0.5000000000
26641  -18.657  -57.663  -22.312 0.5000000000
26642  -19.870  -57.524  -23.084 0.6000000238
26639  -16.184  -58.839  -22.010 0.4000000060
27554  -20.836  -56.952  -23.533 0.6000000238
28483  -21.592  -56.711  -23.921 0.6000000238
27569  -22.127  -56.536  -23.980 0.6000000238
27555  -22.441  -56.237  -23.721 0.5000000000
28441  -23.069  -55.572  -23.081 0.6000000238
28471  -22.839  -55.451  -23.605 0.6999999881
37455  -31.581  -45.606  -21.528 0.5000000000
135635  -29.268  -44.078  -19.188 0.6000000238
41837  -32.537  -41.126  -25.921 0.5000000000
41821  -32.042  -40.004  -24.776 0.5000000000
56008  -32.948  -25.650  -29.634 0.3000000119
56922  -33.149  -24.938  -29.484 0.3000000119
56924  -34.062  -24.185  -28.860 0.3000000119
21972  -24.064  -62.019  -18.794 0.4000000060
22004  -25.321  -62.022  -20.635 0.5000000000
22005  -25.466  -61.804  -21.319 0.5000000000
24814  -26.842  -59.696  -23.990 0.5000000000
23818  -22.703  -60.932  -18.609 0.4000000060
128002  -26.593  -59.634  -23.064 0.6000000238
24805  -27.251  -59.263  -23.276 0.6000000238
24815  -27.593  -59.383  -23.938 0.5000000000
24816  -28.263  -59.196  -24.429 0.5000000000
22881  -22.021  -61.230  -18.209 0.4000000060
146826  -21.476  -60.036  -19.166 0.5000000000
24747  -20.218  -59.428  -19.789 0.5000000000
24748  -21.176  -59.588  -19.879 0.5000000000
24768  -18.522  -59.251  -20.438 0.3000000119
24767  -16.913  -59.495  -21.333 0.4000000060
24765  -15.387  -59.400  -21.017 0.4000000060
36602  -31.645  -46.255  -20.337 0.4000000060
37442  -32.117  -45.715  -19.802 0.4000000060
37441  -31.701  -45.589  -20.636 0.4000000060
37436  -20.371  -45.164  -20.466 0.4000000060
41809  -32.513  -40.689  -24.110 0.5000000000
41808  -31.831  -40.201  -23.479 0.5000000000
42666  -31.390  -39.424  -24.126 0.5000000000
137004  -32.173  -24.800  -29.376 0.3000000119
58824  -33.809  -22.507  -28.752 0.3000000119
23819  -23.402  -61.436  -18.673 0.4000000060
139920  -25.931  -58.137  -19.604 0.6000000238
26623  -16.498  -57.937  -21.441 0.5000000000
25725  -17.739  -58.940  -22.578 0.5000000000
26652  -18.478  -58.608  -22.660 0.6000000238
41798  -32.385  -40.829  -22.982 0.5000000000
129726  -17.776  -59.310  -21.265 0.4000000060
23867  -26.117  -60.143  -22.740 0.6000000238
22897  -24.575  -61.708  -19.392 0.4000000060
23846  -25.318  -60.543  -20.588 0.5000000000
24750  -23.607  -59.791  -19.712 0.5000000000
26606  -22.927  -58.441  -19.910 0.5000000000
26625  -21.609  -57.912  -21.390 0.5000000000
25727  -19.988  -59.135  -23.129 0.5000000000
25743  -20.286  -58.484  -23.552 0.5000000000
143347  -31.483  -24.927  -29.357 0.4000000060
138210  -21.192  -60.305  -18.662 0.4000000060
130950  -27.512  -59.582  -24.642 0.4000000060
25759  -28.962  -58.986  -25.342 0.4000000060
24730  -20.763  -59.853  -19.024 0.4000000060
23756  -19.472  -60.273  -14.028 0.4000000060
131783  -18.980  -59.946  -14.494 0.3000000119
24686  -18.050  -59.354  -15.309 0.4000000060
25635  -16.939  -58.736  -15.872 0.4000000060
23743  -20.345  -60.039  -13.120 0.4000000060
24653  -20.141  -59.956  -13.815 0.4000000060
128741  -18.703  -57.065  -11.493 0.4000000060
27410  -20.390  -57.139  -11.757 0.4000000060
138628  -20.781  -58.985  -12.431 0.4000000060
25596  -21.259  -58.703  -12.846 0.4000000060
28325  -17.140  -55.336  -12.127 0.3000000119
28311  -18.666  -55.670  -11.822 0.3000000119
126538  -17.592  -54.824  -12.223 0.4000000060
26502  -21.115  -57.544  -12.140 0.4000000060
28326  -17.828  -55.481  -11.920 0.4000000060
28327  -19.328  -55.221  -11.970 0.5000000000
134464  -18.213  -54.110  -12.360 0.4000000060
30196  -19.131  -53.661  -12.478 0.4000000060
28313  -20.336  -55.626  -12.042 0.5000000000
31156  -19.058  -52.715  -12.707 0.4000000060
38196  -22.471  -44.973  -18.552 0.3000000119
39948  -25.051  -42.237  -19.136 0.3000000119
40856  -25.895  -41.996  -18.655 0.3000000119
47439  -24.715  -34.839  -24.973 0.4000000060
141854  -25.623  -39.927  -18.433 0.3000000119
43494  -25.319  -38.464  -18.378 0.3000000119
46510  -24.859  -35.090  -24.681 0.4000000060
48387  -24.616  -33.723  -24.882 0.4000000060
44453  -24.291  -37.268  -18.838 0.3000000119
47427  -26.629  -34.992  -23.280 0.4000000060
48376  -26.339  -33.954  -23.545 0.3000000119
48375  -25.179  -33.889  -24.313 0.4000000060
49275  -24.414  -32.344  -25.300 0.4000000060
124653  -25.593  -37.678  -18.101 0.3000000119
123949  -25.804  -36.875  -17.924 0.3000000119
44454  -24.967  -37.044  -18.366 0.3000000119
45430  -25.157  -36.219  -18.184 0.3000000119
123947  -26.052  -36.073  -17.992 0.3000000119
123938  -26.389  -35.260  -18.203 0.3000000119
46439  -25.466  -35.405  -18.206 0.3000000119
126579  -26.678  -34.373  -18.490 0.3000000119
47347  -28.036  -35.103  -18.844 0.3000000119
45444  -28.537  -36.405  -19.478 0.3000000119
48297  -24.604  -33.865  -18.570 0.3000000119
47345  -24.974  -34.658  -18.344 0.3000000119
45460  -28.614  -36.361  -20.249 0.3000000119
49168  -24.232  -33.133  -18.803 0.3000000119
50061  -24.369  -31.773  -19.170 0.3000000119
127310  -28.466  -35.795  -20.556 0.3000000119
49182  -23.886  -32.440  -19.007 0.3000000119
134594  -23.948  -31.106  -19.308 0.3000000119
48365  -27.430  -34.016  -22.837 0.3000000119
138243  -23.351  -27.910  -19.785 0.3000000119
54990  -22.775  -26.315  -21.606 0.3000000119
146310  -23.756  -32.033  -24.835 0.3000000119
128348  -25.818  -30.529  -26.206 0.3000000119
124870  -27.320  -35.133  -18.443 0.3000000119
130214  -25.655  -33.891  -18.503 0.3000000119
47348  -28.302  -35.144  -19.372 0.3000000119
46451  -28.537  -35.593  -19.834 0.3000000119
49169  -25.109  -33.139  -18.719 0.3000000119
49170  -25.913  -33.089  -18.746 0.3000000119
148254  -27.222  -33.844  -18.847 0.3000000119
145820  -27.775  -33.852  -19.299 0.3000000119
48310  -28.236  -33.975  -19.886 0.3000000119
47359  -28.390  -34.754  -19.877 0.3000000119
47377  -28.402  -34.300  -20.548 0.3000000119
49183  -24.729  -32.450  -18.947 0.3000000119
49184  -25.607  -32.473  -18.991 0.3000000119
49185  -26.605  -32.595  -19.145 0.3000000119
47396  -28.254  -34.751  -21.414 0.3000000119
51034  -23.469  -30.454  -19.343 0.3000000119
50062  -25.227  -31.812  -19.205 0.3000000119
47413  -28.089  -34.023  -21.965 0.3000000119
48366  -27.899  -33.273  -22.279 0.3000000119
52009  -24.309  -29.108  -19.598 0.3000000119
49236  -27.200  -33.020  -23.132 0.3000000119
53990  -24.146  -27.262  -20.598 0.3000000119
136784  -24.288  -26.737  -21.193 0.3000000119
54992  -25.019  -26.688  -21.566 0.3000000119
131348  -25.841  -33.110  -23.880 0.3000000119
55009  -24.306  -26.247  -21.992 0.3000000119
51089  -24.612  -30.852  -25.180 0.3000000119
147769  -25.012  -30.525  -25.480 0.3000000119
52101  -26.185  -29.166  -26.603 0.3000000119
51112  -25.532  -29.742  -26.223 0.3000000119
48299  -27.577  -34.450  -18.818 0.3000000119
48309  -27.331  -33.206  -19.191 0.3000000119
48326  -27.963  -33.201  -19.816 0.3000000119
48327  -28.313  -33.406  -20.610 0.3000000119
145035  -25.674  -31.317  -19.490 0.3000000119
50064  -26.984  -31.784  -19.626 0.3000000119
49186  -27.494  -32.479  -19.694 0.3000000119
134490  -24.911  -31.044  -19.374 0.3000000119
51036  -25.077  -30.213  -19.560 0.3000000119
51037  -25.754  -30.674  -19.695 0.3000000119
48351  -28.269  -33.333  -21.458 0.3000000119
133666  -27.445  -32.017  -22.790 0.3000000119
144661  -27.790  -32.589  -22.373 0.3000000119
52981  -25.305  -28.369  -20.291 0.3000000119
53991  -25.563  -27.740  -20.725 0.3000000119
50129  -26.701  -31.292  -23.313 0.3000000119
54013  -25.651  -27.233  -21.344 0.3000000119
49249  -26.320  -32.212  -23.568 0.3000000119
149040  -25.120  -26.288  -22.134 0.3000000119
54993  -25.779  -26.646  -21.849 0.3000000119
50128  -25.293  -31.554  -24.199 0.3000000119
51080  -24.519  -31.197  -24.729 0.3000000119
52073  -25.136  -30.056  -25.564 0.3000000119
132222  -25.635  -29.122  -26.281 0.3000000119
49200  -28.014  -32.515  -20.500 0.3000000119
51050  -26.579  -30.391  -20.219 0.3000000119
50079  -27.148  -31.130  -20.230 0.3000000119
123598  -27.646  -31.242  -20.833 0.3000000119
49201  -28.271  -32.806  -21.097 0.3000000119
52011  -25.822  -29.890  -19.875 0.3000000119
51066  -27.628  -30.746  -21.471 0.3000000119
135296  -27.890  -31.851  -20.859 0.3000000119
49222  -28.130  -32.680  -21.728 0.3000000119
52029  -25.817  -29.068  -20.131 0.3000000119
52982  -26.143  -28.368  -20.631 0.3000000119
137097  -26.620  -29.069  -20.721 0.3000000119
55011  -26.862  -26.321  -22.791 0.3000000119
52065  -26.592  -30.039  -24.207 0.3000000119
137092  -25.869  -30.806  -24.061 0.3000000119
55010  -25.804  -26.154  -22.540 0.3000000119
51090  -25.255  -30.420  -24.889 0.3000000119
52088  -25.443  -29.123  -25.993 0.3000000119
53044  -26.238  -28.698  -26.614 0.3000000119
51051  -27.326  -30.512  -20.798 0.3000000119
52030  -27.019  -29.762  -20.766 0.3000000119
50113  -27.630  -31.134  -22.297 0.3000000119
53992  -26.310  -27.800  -21.169 0.3000000119
52046  -27.168  -29.229  -21.347 0.3000000119
52047  -27.372  -29.980  -21.414 0.3000000119
49221  -28.016  -31.991  -22.011 0.3000000119
54014  -26.403  -27.259  -21.694 0.3000000119
142099  -26.997  -27.393  -22.135 0.3000000119
51081  -27.147  -30.373  -23.091 0.3000000119
55965  -26.046  -24.819  -23.198 0.3000000119
54027  -26.517  -26.777  -22.259 0.3000000119
55951  -25.481  -25.390  -22.811 0.3000000119
55952  -26.387  -25.623  -23.035 0.3000000119
55023  -27.289  -25.848  -23.377 0.3000000119
52074  -25.959  -29.629  -25.226 0.3000000119
147209  -25.845  -28.712  -26.016 0.3000000119
53049  -26.472  -28.344  -26.728 0.3000000119
54073  -26.375  -27.389  -26.972 0.3000000119
126201  -27.525  -30.198  -22.106 0.3000000119
52997  -27.349  -28.664  -21.899 0.3000000119
53005  -27.597  -28.965  -22.649 0.3000000119
52058  -27.453  -29.664  -22.608 0.3000000119
131245  -27.329  -27.098  -22.654 0.3000000119
54015  -27.548  -28.027  -22.533 0.3000000119
52066  -27.401  -29.506  -23.437 0.3000000119
56881  -26.463  -24.242  -23.618 0.3000000119
53020  -27.578  -28.498  -24.870 0.3000000119
55966  -26.841  -25.063  -23.544 0.3000000119
55012  -27.663  -26.663  -23.283 0.3000000119
54037  -27.871  -27.547  -23.342 0.3000000119
53019  -26.365  -28.866  -25.540 0.3000000119
53033  -26.698  -28.290  -25.921 0.3000000119
54060  -26.521  -27.928  -26.645 0.3000000119
55064  -26.613  -25.495  -28.194 0.3000000119
55057  -26.539  -26.043  -27.504 0.3000000119
53011  -27.841  -28.591  -23.631 0.3000000119
53012  -28.135  -27.776  -24.221 0.3000000119
57826  -26.697  -23.652  -24.082 0.3000000119
56882  -27.088  -24.457  -24.135 0.3000000119
55967  -27.603  -25.339  -23.954 0.3000000119
54038  -28.222  -26.950  -23.906 0.3000000119
54050  -28.284  -27.166  -24.595 0.3000000119
53034  -27.939  -27.701  -25.225 0.3000000119
55043  -27.485  -26.390  -26.230 0.3000000119
54061  -27.278  -27.398  -26.206 0.3000000119
55050  -26.375  -25.831  -27.021 0.3000000119
56914  -25.839  -24.146  -28.093 0.3000000119
55987  -26.085  -25.294  -27.561 0.3000000119
55056  -26.497  -26.165  -27.228 0.3000000119
56000  -26.508  -24.525  -28.425 0.3000000119
55995  -26.098  -25.313  -27.774 0.3000000119
138397  -26.669  -22.977  -23.964 0.3000000119
130632  -27.024  -23.803  -24.592 0.3000000119
142486  -27.621  -24.958  -24.532 0.3000000119
55974  -27.712  -25.101  -25.284 0.3000000119
55044  -28.098  -25.980  -25.372 0.3000000119
54062  -28.131  -26.876  -25.373 0.3000000119
56898  -27.259  -24.329  -26.053 0.3000000119
55981  -27.352  -25.346  -26.210 0.3000000119
57868  -26.340  -23.734  -27.668 0.3000000119
55988  -26.228  -24.663  -27.177 0.3000000119
57867  -25.842  -24.067  -27.784 0.3000000119
56001  -27.711  -24.909  -28.611 0.3000000119
57881  -27.165  -23.794  -28.459 0.3000000119
56919  -28.499  -24.202  -29.100 0.3000000119
56007  -30.552  -25.535  -29.180 0.3000000119
57835  -27.138  -23.160  -24.404 0.3000000119
57845  -27.442  -23.770  -25.126 0.3000000119
57846  -28.138  -23.526  -25.354 0.3000000119
57854  -26.524  -23.954  -26.971 0.3000000119
56916  -27.399  -24.094  -28.690 0.3000000119
56006  -29.625  -24.459  -29.244 0.3000000119
138903  -30.639  -24.688  -29.299 0.3000000119
57836  -28.059  -23.048  -24.631 0.3000000119
25765  -29.818  -58.899  -26.536 0.4000000060
27408  -18.122  -56.226  -11.694 0.3000000119
25595  -21.005  -58.362  -12.252 0.4000000060
24655  -21.126  -58.907  -13.584 0.4000000060
27409  -19.576  -56.725  -11.623 0.4000000060
139737  -19.909  -53.210  -12.553 0.4000000060
29276  -19.175  -54.471  -12.233 0.4000000060
37414  -21.551  -45.648  -19.164 0.3000000119
46440  -27.021  -35.921  -18.129 0.3000000119
47426  -25.380  -34.693  -24.079 0.4000000060
131147  -23.827  -29.772  -19.388 0.3000000119
52953  -23.753  -28.441  -19.685 0.3000000119
54991  -23.578  -26.453  -21.435 0.3000000119
47358  -28.116  -34.529  -19.322 0.3000000119
25581  -19.021  -58.010  -11.197 0.4000000060
25582  -19.842  -58.413  -11.381 0.4000000060
25583  -20.433  -58.793  -11.872 0.4000000060
135509  -17.195  -54.199  -12.463 0.3000000119
123737  -18.452  -54.947  -12.060 0.4000000060
48298  -26.588  -33.477  -18.761 0.3000000119
51035  -24.295  -30.399  -19.394 0.3000000119
126013  -26.097  -31.850  -19.365 0.3000000119
126992  -28.388  -33.943  -21.189 0.3000000119
55950  -23.962  -25.621  -22.417 0.3000000119
50080  -27.579  -31.817  -20.271 0.3000000119
50063  -26.400  -31.179  -19.767 0.3000000119
50081  -28.080  -32.217  -21.274 0.3000000119
127633  -27.475  -29.429  -21.982 0.3000000119
52996  -26.802  -28.501  -21.243 0.3000000119
52075  -27.163  -29.290  -24.543 0.3000000119
138926  -27.023  -27.881  -21.672 0.3000000119
55024  -28.006  -26.137  -23.873 0.3000000119
54067  -26.340  -26.886  -26.856 0.3000000119
55036  -28.006  -25.687  -24.571 0.3000000119
55037  -28.249  -26.466  -24.561 0.3000000119
56890  -27.399  -24.260  -24.967 0.3000000119
125944  -27.391  -23.890  -26.062 0.3000000119
57855  -28.094  -23.746  -26.269 0.3000000119
27407  -17.635  -56.887  -11.583 0.4000000060
36590  -31.854  -46.612  -19.686 0.4000000060
28382  -11.118  -55.731  -17.013 0.3000000119
26590  -11.991  -56.953  -18.519 0.3000000119
28367  -11.155  -55.572  -16.568 0.3000000119
26604  -13.202  -57.498  -19.475 0.3000000119
30195  -17.574  -53.378  -12.563 0.3000000119
31155  -18.087  -52.585  -12.702 0.3000000119
31175  -17.800  -51.781  -12.968 0.3000000119
23728  -19.848  -60.639  -12.269 0.3000000119
134105  -19.296  -58.782  -11.111 0.3000000119
24629  -20.415  -59.528  -12.185 0.3000000119
26491  -19.705  -57.546  -11.429 0.3000000119
23742  -19.841  -60.450  -13.348 0.3000000119
23729  -20.263  -60.075  -12.511 0.3000000119
24627  -19.166  -59.516  -10.890 0.3000000119
126495  -19.558  -60.287  -11.305 0.3000000119
35749  -32.224  -47.168  -19.187 0.3000000119
22882  -22.708  -61.703  -18.275 0.4000000060
22909  -25.461  -61.247  -20.915 0.5000000000
22923  -25.586  -61.246  -21.777 0.5000000000
23708  -20.067  -60.201  -11.881 0.3000000119
23817  -21.941  -60.506  -18.750 0.5000000000
23833  -23.342  -60.586  -19.167 0.4000000060
24628  -19.905  -59.398  -11.478 0.4000000060
24643  -20.740  -59.434  -12.852 0.4000000060
24654  -20.595  -59.541  -13.479 0.4000000060
24668  -17.292  -59.790  -14.916 0.5000000000
24669  -18.251  -59.880  -14.681 0.3000000119
24671  -20.483  -59.302  -14.141 0.5000000000
24687  -18.814  -59.477  -14.994 0.3000000119
24764  -14.811  -59.101  -20.449 0.4000000060
24766  -16.154  -59.565  -21.211 0.5000000000
24774  -25.527  -59.808  -20.824 0.5000000000
24785  -15.911  -59.320  -21.674 0.6000000238
24790  -20.349  -59.131  -22.311 0.5000000000
25684  -12.376  -57.800  -18.379 0.4000000060
25696  -14.219  -58.524  -20.056 0.4000000060
25712  -22.467  -58.917  -20.293 0.5000000000
25713  -25.864  -58.765  -20.270 0.6000000238
25723  -16.131  -59.188  -22.016 0.6000000238
25726  -18.348  -58.958  -22.653 0.5000000000
25744  -20.952  -58.037  -23.666 0.5000000000
25768  -32.321  -58.081  -26.305 0.5000000000
26492  -20.461  -57.967  -11.716 0.4000000060
26526  -22.329  -57.239  -14.346 0.6000000238
26542  -18.705  -58.122  -15.913 0.5000000000
26544  -21.821  -57.237  -14.991 0.6000000238
26545  -22.335  -56.674  -14.975 0.6000000238
26558  -15.494  -57.729  -16.667 0.4000000060
26560  -17.464  -57.292  -16.683 0.5000000000
26563  -20.407  -56.878  -15.773 0.5000000000
26589  -11.518  -56.709  -17.905 0.3000000119
26603  -12.642  -56.803  -18.956 0.3000000119
26605  -13.842  -57.466  -19.784 0.5000000000
26610  -26.263  -57.272  -19.326 0.6999999881
26622  -15.660  -58.244  -21.278 0.6000000238
26624  -17.277  -57.629  -21.510 0.6000000238
26626  -22.167  -58.141  -20.561 0.5000000000
26658  -29.362  -57.264  -22.964 0.6999999881
26667  -21.351  -57.315  -23.844 0.6000000238
26684  -32.468  -57.456  -26.231 0.6000000238
26689  -31.996  -57.841  -26.701 0.5000000000
27423  -21.094  -56.602  -12.091 0.6000000238
27424  -21.972  -56.459  -12.334 0.6000000238
27435  -22.689  -56.633  -13.444 0.6000000238
27452  -12.873  -56.460  -16.424 0.4000000060
27469  -21.504  -55.599  -16.025 0.6000000238
27483  -17.198  -55.851  -17.373 0.5000000000
27496  -11.685  -56.371  -17.978 0.3000000119
27516  -26.457  -56.412  -19.190 0.6999999881
27529  -23.450  -55.931  -20.352 0.6000000238
27557  -29.345  -56.483  -22.688 0.6000000238
27567  -21.243  -57.293  -23.831 0.6000000238
27568  -21.742  -57.013  -24.122 0.6000000238
27570  -29.607  -56.576  -23.568 0.6999999881
28312  -19.481  -55.978  -11.854 0.5000000000
28346  -23.584  -55.378  -14.131 0.6000000238
28357  -11.372  -55.569  -16.119 0.3000000119
28368  -11.976  -55.560  -16.967 0.4000000060
28392  -21.196  -55.183  -16.688 0.6000000238
28402  -11.755  -55.833  -17.604 0.3000000119
28403  -12.550  -55.605  -17.944 0.4000000060
28405  -14.454  -55.073  -18.375 0.6000000238
28421  -13.868  -55.656  -18.692 0.6000000238
28426  -27.313  -55.290  -19.457 0.6999999881
28437  -15.211  -55.622  -19.345 0.6000000238
28502  -32.382  -55.047  -25.945 0.6999999881
28507  -32.211  -55.867  -26.396 0.6999999881
28508  -32.408  -56.341  -26.275 0.6999999881
29275  -16.808  -54.883  -12.392 0.3000000119
29278  -22.011  -55.007  -12.244 0.5000000000
29300  -23.777  -54.468  -15.215 0.6000000238
29307  -15.534  -54.712  -17.892 0.6000000238
29317  -15.112  -54.769  -18.283 0.6000000238
29318  -15.634  -54.507  -18.175 0.6000000238
29319  -16.031  -54.537  -17.912 0.6000000238
29320  -16.488  -54.710  -18.066 0.6000000238
29321  -20.852  -55.118  -18.192 0.6000000238
29349  -15.267  -54.907  -19.132 0.6000000238
29350  -15.666  -54.578  -19.142 0.6000000238
29359  -28.056  -54.457  -20.062 0.6999999881
29368  -16.654  -54.859  -19.806 0.6000000238
29387  -23.410  -54.247  -22.786 0.8000000119
29399  -18.574  -53.543  -21.467 0.6000000238
29404  -28.955  -54.878  -22.579 0.6999999881
29434  -32.275  -54.153  -25.912 0.6999999881
30199  -22.855  -53.605  -12.561 0.4000000060
30214  -24.333  -53.218  -14.158 0.5000000000
30221  -24.374  -53.434  -14.711 0.5000000000
30267  -27.263  -53.812  -19.268 0.6999999881
30277  -18.141  -53.179  -21.141 0.6000000238
30279  -24.319  -53.483  -19.790 0.8000000119
30336  -32.144  -53.338  -25.908 0.6999999881
30340  -31.871  -54.293  -26.271 0.6999999881
31177  -19.428  -51.921  -13.027 0.4000000060
31182  -24.223  -52.602  -13.763 0.5000000000
31236  -22.404  -52.276  -18.354 0.8000000119
31254  -26.334  -52.854  -18.852 0.8000000119
31321  -32.065  -52.639  -25.839 0.6999999881
32152  -21.494  -51.006  -13.496 0.4000000060
32153  -22.958  -51.518  -13.128 0.5000000000
32169  -24.768  -50.686  -14.723 0.5000000000
32190  -24.549  -50.886  -16.260 0.6000000238
32211  -22.693  -51.477  -18.133 0.6999999881
32213  -26.655  -51.528  -18.665 0.8999999762
32229  -28.263  -51.066  -19.456 0.8000000119
32243  -18.968  -51.123  -20.441 0.6999999881
33053  -20.947  -50.288  -13.790 0.3000000119
33077  -24.525  -50.160  -14.275 0.5000000000
33113  -19.788  -49.648  -19.750 0.6999999881
33137  -28.383  -50.372  -19.406 0.8000000119
33860  -23.397  -49.481  -13.581 0.4000000060
33883  -25.259  -49.297  -14.932 0.5000000000
33894  -25.346  -49.172  -15.459 0.5000000000
33900  -25.098  -48.853  -16.379 0.6000000238
33901  -25.231  -49.481  -16.038 0.6000000238
33910  -24.433  -49.138  -16.894 0.6000000238
33943  -31.419  -49.714  -19.314 0.4000000060
34730  -24.492  -48.927  -14.144 0.5000000000
34749  -25.359  -48.668  -15.149 0.4000000060
34796  -22.094  -48.500  -18.794 0.6999999881
34832  -19.732  -48.735  -20.151 0.6999999881
35668  -25.051  -47.446  -14.688 0.4000000060
35683  -25.372  -46.869  -15.324 0.3000000119
35708  -23.033  -47.582  -18.122 0.5000000000
35710  -24.371  -47.012  -17.114 0.5000000000
35731  -32.510  -47.766  -18.733 0.4000000060
35746  -28.695  -47.650  -19.044 0.6999999881
35761  -31.502  -47.503  -20.669 0.6000000238
36572  -20.166  -46.693  -19.633 0.5000000000
36613  -31.519  -46.121  -21.035 0.6000000238
37377  -25.410  -45.567  -15.696 0.3000000119
37408  -24.886  -45.900  -16.841 0.3000000119
37424  -20.113  -45.472  -20.054 0.4000000060
38165  -25.361  -44.275  -15.572 0.3000000119
38190  -25.023  -45.192  -16.844 0.3000000119
38276  -33.609  -43.882  -25.713 0.8000000119
39022  -20.653  -43.567  -19.652 0.3000000119
39029  -29.156  -43.434  -18.930 0.6999999881
39070  -32.679  -43.553  -20.893 0.6000000238
39130  -33.585  -43.600  -26.123 0.8000000119
39138  -33.125  -44.212  -26.625 0.8000000119
39139  -33.352  -43.938  -26.434 0.8000000119
40930  -33.386  -41.746  -23.959 0.6000000238
40955  -33.415  -42.240  -25.749 0.6000000238
40964  -33.295  -42.614  -26.202 0.6999999881
41836  -30.754  -39.958  -26.236 0.6999999881
42621  -29.428  -39.632  -20.056 0.6999999881
43506  -22.088  -38.585  -20.127 0.3000000119
43527  -21.181  -38.528  -20.394 0.3000000119
44539  -24.988  -37.223  -25.022 0.6000000238
45514  -24.835  -36.598  -24.988 0.6000000238
46468  -28.405  -35.119  -20.546 0.3000000119
46521  -24.762  -35.738  -24.912 0.5000000000
46535  -27.269  -35.070  -25.817 0.5000000000
47346  -25.817  -34.713  -18.305 0.3000000119
47425  -24.772  -34.478  -24.702 0.4000000060
48421  -30.525  -34.324  -27.141 0.5000000000
49274  -23.803  -32.077  -24.925 0.3000000119
50098  -27.854  -31.528  -21.454 0.3000000119
50145  -24.011  -31.636  -24.868 0.3000000119
50162  -24.457  -31.543  -25.366 0.4000000060
51111  -25.064  -30.579  -25.751 0.3000000119
52008  -23.380  -29.103  -19.445 0.4000000060
52010  -25.106  -29.477  -19.707 0.4000000060
52087  -25.239  -29.757  -25.901 0.3000000119
53043  -26.018  -28.702  -26.330 0.3000000119
53050  -26.535  -28.017  -27.089 0.4000000060
53989  -23.297  -27.305  -20.241 0.3000000119
54085  -32.606  -27.424  -28.946 0.4000000060
55072  -32.448  -26.174  -29.548 0.4000000060
56880  -25.902  -24.043  -23.212 0.3000000119
56915  -26.509  -23.983  -28.392 0.3000000119
56920  -29.830  -23.697  -29.491 0.3000000119
57879  -25.781  -23.939  -27.955 0.3000000119
57880  -26.253  -23.778  -28.144 0.3000000119
57889  -33.474  -23.279  -28.859 0.3000000119
124154  -20.315  -44.512  -20.350 0.3000000119
124430  -25.180  -55.143  -19.220 0.6999999881
124745  -23.945  -50.364  -13.649 0.5000000000
125719  -22.481  -57.173  -13.752 0.6000000238
125810  -10.563  -55.406  -15.837 0.4000000060
126160  -31.918  -51.931  -25.662 0.8000000119
126866  -32.622  -57.149  -25.796 0.5000000000
127964  -33.030  -41.321  -24.575 0.6000000238
130742  -22.799  -56.203  -14.978 0.6000000238
130960  -24.220  -56.159  -19.634 0.6999999881
131024  -13.622  -58.048  -19.991 0.4000000060
131188  -25.122  -58.024  -19.506 0.6000000238
131816  -19.941  -54.804  -12.103 0.5000000000
132844  -31.500  -25.627  -29.400 0.4000000060
133741  -25.801  -24.532  -27.882 0.3000000119
133761  -18.904  -56.318  -11.669 0.4000000060
134147  -22.490  -50.951  -13.323 0.4000000060
135389  -32.587  -48.253  -25.838 0.6999999881
135549  -32.901  -44.983  -26.733 0.8000000119
135646  -32.277  -48.977  -24.167 0.6999999881
135717  -26.772  -47.053  -18.482 0.6999999881
135811  -20.633  -57.665  -23.674 0.6000000238
136386  -32.562  -44.870  -19.777 0.6000000238
136901  -24.610  -50.838  -19.642 0.8000000119
137117  -16.066  -57.841  -16.619 0.5000000000
137268  -19.049  -54.227  -20.177 0.6000000238
137873  -21.463  -43.898  -19.164 0.3000000119
138973  -22.314  -28.322  -19.558 0.3000000119
139260  -25.482  -51.910  -19.070 0.8000000119
139687  -20.042  -60.456  -12.785 0.3000000119
139738  -18.411  -53.290  -12.551 0.3000000119
140980  -32.278  -48.696  -25.927 0.8000000119
141741  -10.093  -55.425  -15.670 0.4000000060
142321  -29.539  -43.667  -21.322 0.8000000119
142769  -28.522  -45.409  -23.546 0.8000000119
143044  -31.995  -47.828  -19.142 0.3000000119
143475  -26.403  -29.628  -20.347 0.3000000119
143638  -24.523  -29.795  -19.509 0.3000000119
143742  -27.041  -23.786  -26.822 0.3000000119
143894  -29.073  -23.706  -29.325 0.3000000119
144077  -21.217  -58.090  -23.196 0.5000000000
144550  -31.961  -57.183  -26.636 0.6999999881
145243  -25.933  -24.786  -28.121 0.3000000119
145502  -16.706  -55.088  -20.239 0.6000000238
145681  -23.896  -54.070  -13.450 0.5000000000
145707  -11.608  -55.619  -17.134 0.4000000060
146237  -15.610  -54.965  -19.455 0.6000000238
146798  -28.522  -56.729  -21.168 0.6999999881
146928  -24.840  -33.134  -24.566 0.5000000000
147761  -32.149  -25.489  -29.486 0.4000000060
147967  -25.020  -49.819  -19.399 0.8000000119
148018  -20.550  -44.296  -21.163 0.3000000119
148065  -26.901  -33.835  -25.833 0.5000000000
148264  -31.342  -48.508  -25.849 0.8000000119
148293  -24.943  -33.726  -25.348 0.5000000000
149220  -28.058  -56.402  -20.317 0.6999999881
149689  -25.714  -24.159  -27.943 0.3000000119
