#!ascii label  , from subject chris_t1_1 vox2ras=TkReg
740
130702  -44.484  -75.230  -2.034 0.0000000000
11483  -39.082  -74.963  -12.148 0.0000000000
135373  -47.595  -65.598  -4.177 0.0000000000
12163  -40.198  -75.251  -5.923 0.0000000000
134135  -40.619  -65.942  -3.330 0.0000000000
17574  -46.640  -67.547  -0.576 0.0000000000
23594  -47.498  -60.101  -3.850 0.0000000000
131168  -40.853  -56.070  -4.584 0.0000000000
22711  -49.229  -61.539  -5.256 0.0000000000
19219  -44.172  -65.283  -3.560 0.0000000000
21773  -44.766  -62.194  -5.236 0.0000000000
20862  -46.985  -63.551  -2.762 0.0000000000
22674  -43.744  -61.574  -3.304 0.0000000000
32059  -41.126  -51.994  -4.919 0.0000000000
29183  -43.490  -54.480  -4.777 0.0000000000
8561  -41.462  -78.818  -6.025 0.0000000000
12209  -40.809  -74.412  -9.066 0.0000000000
146919  -44.384  -77.031  -11.593 0.0000000000
12255  -44.990  -74.533  -13.620 0.0000000000
15239  -45.648  -70.035  -2.785 0.0000000000
11400  -42.709  -75.692  -3.796 0.0000000000
15254  -40.159  -70.414  -4.033 0.0000000000
14514  -38.080  -71.273  -7.051 0.0000000000
18384  -49.077  -66.527  -1.925 0.0000000000
21720  -51.031  -62.610  -2.723 0.0000000000
25463  -51.690  -58.391  -3.751 0.0000000000
24512  -40.419  -59.802  -3.780 0.0000000000
124938  -43.918  -58.162  -4.579 0.0000000000
124049  -46.980  -57.138  -4.350 0.0000000000
28241  -50.188  -55.831  -6.073 0.0000000000
10028  -41.794  -77.787  -9.305 0.0000000000
15337  -36.854  -70.370  -11.747 0.0000000000
13789  -40.108  -71.707  -12.846 0.0000000000
15407  -43.081  -70.434  -17.808 0.0000000000
23629  -49.121  -60.500  -5.378 0.0000000000
22709  -47.159  -61.936  -5.439 0.0000000000
9968  -43.186  -77.556  -4.077 0.0000000000
12221  -39.456  -74.754  -10.385 0.0000000000
11486  -41.789  -75.704  -11.547 0.0000000000
11518  -42.680  -75.169  -13.271 0.0000000000
13063  -45.383  -73.230  -14.348 0.0000000000
128302  -42.626  -73.395  -13.773 0.0000000000
18418  -47.275  -67.206  -3.694 0.0000000000
134117  -45.615  -67.441  -3.494 0.0000000000
19218  -42.756  -65.350  -3.351 0.0000000000
131759  -42.027  -68.017  -3.194 0.0000000000
17623  -40.467  -67.617  -3.489 0.0000000000
15270  -39.193  -70.933  -5.246 0.0000000000
140970  -38.785  -68.711  -4.450 0.0000000000
16799  -47.663  -68.358  -1.743 0.0000000000
18382  -47.931  -66.987  -0.901 0.0000000000
22678  -47.449  -61.694  -3.613 0.0000000000
21732  -48.612  -62.788  -3.105 0.0000000000
139236  -49.025  -60.801  -3.487 0.0000000000
136012  -50.986  -60.074  -3.314 0.0000000000
24515  -49.304  -59.395  -3.443 0.0000000000
26392  -40.638  -57.461  -4.529 0.0000000000
24528  -42.093  -59.202  -4.367 0.0000000000
124933  -42.014  -56.979  -4.674 0.0000000000
30126  -45.230  -54.091  -6.113 0.0000000000
28223  -45.276  -55.943  -4.684 0.0000000000
28239  -46.483  -55.589  -5.363 0.0000000000
27344  -48.611  -56.575  -4.909 0.0000000000
11410  -41.089  -75.798  -5.050 0.0000000000
10735  -41.759  -77.314  -6.214 0.0000000000
123535  -41.573  -76.558  -8.130 0.0000000000
9363  -42.518  -77.742  -13.503 0.0000000000
130527  -38.051  -68.465  -12.466 0.0000000000
135720  -38.277  -71.293  -12.301 0.0000000000
15388  -41.330  -70.246  -16.658 0.0000000000
20926  -48.594  -63.107  -4.924 0.0000000000
19235  -46.149  -64.993  -3.918 0.0000000000
20903  -46.415  -63.802  -4.572 0.0000000000
20077  -44.661  -64.160  -4.127 0.0000000000
20878  -43.010  -64.000  -3.936 0.0000000000
19187  -47.147  -65.624  -1.065 0.0000000000
21716  -45.328  -62.866  -2.818 0.0000000000
23592  -45.996  -60.974  -3.909 0.0000000000
30114  -41.036  -53.468  -4.499 0.0000000000
136741  -41.939  -54.853  -4.535 0.0000000000
30116  -42.442  -53.478  -4.818 0.0000000000
30138  -44.040  -53.172  -6.101 0.0000000000
31100  -45.408  -52.619  -7.052 0.0000000000
12185  -40.383  -74.593  -7.966 0.0000000000
11458  -42.688  -75.238  -9.250 0.0000000000
139471  -43.404  -75.413  -9.870 0.0000000000
129379  -44.598  -75.904  -12.647 0.0000000000
11547  -43.993  -75.245  -15.233 0.0000000000
12285  -43.859  -74.329  -15.706 0.0000000000
13082  -44.883  -72.863  -16.350 0.0000000000
13837  -45.114  -71.783  -17.629 0.0000000000
127879  -44.465  -72.020  -1.733 0.0000000000
12145  -43.709  -75.437  -3.029 0.0000000000
13717  -42.194  -72.689  -2.649 0.0000000000
12947  -40.651  -72.924  -3.970 0.0000000000
17626  -43.660  -68.131  -3.080 0.0000000000
134845  -41.488  -70.012  -3.342 0.0000000000
143163  -39.733  -72.975  -5.213 0.0000000000
13751  -39.048  -72.937  -6.581 0.0000000000
12990  -38.855  -73.074  -7.647 0.0000000000
124310  -38.128  -73.743  -9.667 0.0000000000
15221  -46.579  -70.323  -1.881 0.0000000000
16838  -47.621  -68.133  -3.143 0.0000000000
19223  -49.292  -65.984  -3.698 0.0000000000
140089  -49.247  -64.829  -1.975 0.0000000000
141598  -50.535  -63.919  -2.542 0.0000000000
20907  -50.699  -63.555  -4.141 0.0000000000
22691  -50.994  -62.130  -4.541 0.0000000000
23612  -52.192  -60.285  -4.194 0.0000000000
24548  -52.794  -58.756  -4.412 0.0000000000
22673  -42.468  -61.200  -3.390 0.0000000000
23608  -43.526  -60.092  -4.077 0.0000000000
24532  -46.001  -59.500  -4.303 0.0000000000
130082  -43.896  -55.976  -4.500 0.0000000000
26397  -45.274  -57.505  -4.505 0.0000000000
25483  -47.339  -58.491  -4.024 0.0000000000
136047  -48.462  -57.688  -4.082 0.0000000000
26401  -50.758  -57.373  -4.289 0.0000000000
10720  -42.787  -77.235  -4.796 0.0000000000
9273  -41.289  -78.499  -7.461 0.0000000000
10049  -43.452  -77.432  -10.708 0.0000000000
9335  -41.646  -78.833  -11.894 0.0000000000
16865  -37.430  -68.767  -5.317 0.0000000000
14524  -37.024  -71.277  -7.748 0.0000000000
148330  -37.128  -73.868  -10.901 0.0000000000
13786  -37.506  -72.960  -12.435 0.0000000000
13053  -39.372  -73.559  -13.192 0.0000000000
14570  -42.351  -71.590  -13.508 0.0000000000
15390  -43.885  -70.923  -17.077 0.0000000000
24546  -49.892  -59.415  -5.350 0.0000000000
23628  -47.926  -60.382  -5.666 0.0000000000
146139  -42.985  -77.906  -3.454 0.0000000000
127654  -44.132  -76.078  -2.858 0.0000000000
11484  -39.360  -75.135  -11.428 0.0000000000
11501  -40.887  -75.495  -12.483 0.0000000000
12240  -40.265  -74.952  -13.031 0.0000000000
12252  -42.010  -74.415  -13.584 0.0000000000
12251  -40.768  -74.217  -13.515 0.0000000000
18433  -47.462  -66.340  -3.885 0.0000000000
140878  -46.476  -67.336  -3.616 0.0000000000
19222  -46.703  -66.502  -3.679 0.0000000000
147558  -41.276  -66.199  -3.246 0.0000000000
18412  -40.733  -66.799  -3.349 0.0000000000
16855  -39.441  -68.833  -4.094 0.0000000000
133957  -39.879  -67.068  -3.626 0.0000000000
16016  -45.929  -69.459  0.068 0.0000000000
16784  -46.192  -68.517  -0.389 0.0000000000
136560  -47.132  -68.341  -0.678 0.0000000000
18365  -47.117  -66.828  -0.677 0.0000000000
23593  -46.971  -60.954  -3.908 0.0000000000
149393  -48.100  -61.544  -3.569 0.0000000000
125389  -48.025  -60.948  -3.685 0.0000000000
133099  -48.605  -60.098  -3.573 0.0000000000
29179  -39.831  -54.834  -4.414 0.0000000000
125994  -39.214  -55.352  -4.281 0.0000000000
28217  -39.768  -55.760  -4.459 0.0000000000
26391  -39.810  -57.415  -4.394 0.0000000000
27330  -40.681  -56.708  -4.590 0.0000000000
26393  -41.384  -57.235  -4.632 0.0000000000
27331  -41.530  -56.400  -4.628 0.0000000000
29209  -46.118  -54.285  -6.368 0.0000000000
29199  -45.685  -54.863  -5.601 0.0000000000
28249  -47.157  -55.360  -5.951 0.0000000000
29210  -47.128  -54.490  -6.617 0.0000000000
12150  -40.515  -74.792  -4.755 0.0000000000
11422  -40.892  -76.049  -5.928 0.0000000000
11451  -41.008  -75.805  -7.535 0.0000000000
15353  -40.105  -69.782  -13.399 0.0000000000
15363  -40.919  -70.271  -14.770 0.0000000000
15374  -40.667  -69.906  -15.903 0.0000000000
21777  -48.871  -62.380  -5.144 0.0000000000
20925  -47.738  -63.228  -4.950 0.0000000000
21776  -47.959  -62.544  -5.243 0.0000000000
22708  -46.153  -61.750  -5.513 0.0000000000
21749  -45.979  -63.045  -4.901 0.0000000000
21748  -45.085  -62.868  -4.850 0.0000000000
20901  -44.337  -63.362  -4.510 0.0000000000
146850  -44.355  -62.653  -4.907 0.0000000000
22676  -45.568  -61.621  -3.552 0.0000000000
140143  -44.883  -61.584  -3.436 0.0000000000
146728  -40.829  -52.844  -4.444 0.0000000000
31080  -41.363  -52.665  -4.699 0.0000000000
30115  -41.798  -53.249  -4.669 0.0000000000
31089  -41.739  -52.206  -5.282 0.0000000000
31099  -44.433  -52.591  -6.671 0.0000000000
8579  -40.352  -80.137  -7.473 0.0000000000
12196  -40.906  -74.593  -8.534 0.0000000000
12210  -41.792  -74.607  -9.002 0.0000000000
12223  -42.470  -74.976  -9.544 0.0000000000
11519  -43.909  -75.201  -13.060 0.0000000000
11504  -44.388  -75.865  -12.360 0.0000000000
127481  -44.686  -75.374  -13.350 0.0000000000
11548  -44.804  -74.941  -14.481 0.0000000000
13062  -45.186  -72.566  -14.551 0.0000000000
142352  -45.509  -73.001  -15.317 0.0000000000
141852  -45.483  -72.179  -16.314 0.0000000000
14607  -45.413  -71.763  -16.680 0.0000000000
15220  -45.213  -70.680  -2.247 0.0000000000
13716  -41.278  -72.273  -3.307 0.0000000000
15236  -41.840  -70.656  -3.092 0.0000000000
20059  -45.496  -65.161  -3.724 0.0000000000
144674  -45.040  -66.718  -3.384 0.0000000000
18416  -44.107  -66.270  -3.314 0.0000000000
128833  -41.334  -69.264  -3.349 0.0000000000
14467  -40.384  -71.123  -3.954 0.0000000000
14483  -40.004  -71.630  -4.530 0.0000000000
12968  -39.380  -73.501  -6.120 0.0000000000
14515  -38.462  -71.625  -6.703 0.0000000000
13756  -38.659  -72.459  -7.053 0.0000000000
132595  -38.410  -72.408  -7.788 0.0000000000
13001  -38.494  -73.283  -8.796 0.0000000000
13764  -38.055  -72.625  -8.496 0.0000000000
17591  -48.169  -67.690  -2.073 0.0000000000
16813  -47.775  -68.231  -2.474 0.0000000000
17631  -48.154  -67.653  -2.897 0.0000000000
18419  -48.490  -67.005  -3.279 0.0000000000
18399  -49.302  -66.302  -2.739 0.0000000000
20035  -47.064  -64.388  -2.228 0.0000000000
20018  -47.678  -65.192  -1.622 0.0000000000
20863  -47.932  -63.982  -2.577 0.0000000000
21719  -50.455  -62.609  -2.684 0.0000000000
21718  -49.703  -63.105  -2.643 0.0000000000
123364  -50.989  -63.336  -2.799 0.0000000000
20060  -50.709  -64.104  -3.575 0.0000000000
20882  -51.262  -62.946  -3.166 0.0000000000
21751  -51.169  -62.708  -4.199 0.0000000000
21752  -51.407  -62.474  -3.642 0.0000000000
24517  -51.595  -59.320  -3.530 0.0000000000
23597  -52.389  -59.915  -3.935 0.0000000000
23598  -52.816  -59.206  -3.966 0.0000000000
24534  -52.435  -59.556  -4.359 0.0000000000
25464  -52.784  -58.842  -3.887 0.0000000000
24513  -41.269  -60.186  -3.754 0.0000000000
25480  -43.245  -58.553  -4.550 0.0000000000
24529  -43.109  -59.262  -4.426 0.0000000000
135523  -43.758  -58.887  -4.535 0.0000000000
24531  -45.010  -59.568  -4.350 0.0000000000
135522  -44.513  -58.859  -4.521 0.0000000000
137770  -42.851  -55.033  -4.571 0.0000000000
130458  -43.055  -55.826  -4.571 0.0000000000
28221  -43.714  -55.225  -4.585 0.0000000000
28224  -46.143  -56.101  -4.808 0.0000000000
27335  -45.104  -56.755  -4.516 0.0000000000
26398  -46.038  -57.174  -4.394 0.0000000000
127924  -46.728  -57.870  -4.293 0.0000000000
26378  -48.215  -58.283  -3.790 0.0000000000
27337  -47.897  -57.135  -4.454 0.0000000000
28240  -49.050  -56.085  -5.638 0.0000000000
129964  -49.755  -56.965  -4.575 0.0000000000
27338  -51.254  -56.847  -4.780 0.0000000000
26402  -52.264  -57.370  -4.564 0.0000000000
145725  -43.172  -75.381  -3.294 0.0000000000
11401  -43.444  -75.878  -3.578 0.0000000000
11412  -43.063  -76.306  -4.138 0.0000000000
130975  -41.408  -77.567  -7.756 0.0000000000
141255  -41.639  -77.942  -6.859 0.0000000000
9292  -41.366  -78.084  -8.445 0.0000000000
8596  -41.041  -78.911  -8.350 0.0000000000
9310  -41.727  -78.387  -10.079 0.0000000000
10761  -44.179  -76.153  -10.389 0.0000000000
10029  -43.182  -76.443  -9.611 0.0000000000
10050  -44.208  -76.879  -10.805 0.0000000000
9362  -41.621  -78.485  -13.855 0.0000000000
134238  -41.847  -78.288  -12.934 0.0000000000
16854  -38.065  -68.092  -4.603 0.0000000000
16853  -37.233  -67.841  -4.950 0.0000000000
14536  -36.496  -71.818  -8.571 0.0000000000
127623  -36.880  -72.999  -9.506 0.0000000000
144248  -36.359  -72.991  -10.023 0.0000000000
129730  -39.253  -71.548  -12.578 0.0000000000
14562  -37.673  -72.163  -12.351 0.0000000000
13787  -38.367  -72.357  -12.594 0.0000000000
140173  -38.369  -73.594  -12.707 0.0000000000
13794  -40.065  -72.742  -13.264 0.0000000000
13796  -41.899  -72.256  -13.414 0.0000000000
14569  -41.551  -71.308  -13.146 0.0000000000
134102  -42.223  -70.751  -16.188 0.0000000000
14605  -43.355  -71.248  -16.010 0.0000000000
139482  -42.891  -70.735  -16.856 0.0000000000
147680  -49.826  -61.015  -5.114 0.0000000000
22710  -48.160  -61.797  -5.424 0.0000000000
143162  -48.349  -61.102  -5.513 0.0000000000
127250  -47.519  -61.128  -5.619 0.0000000000
23627  -46.646  -61.061  -5.702 0.0000000000
32071  -41.984  -51.739  -5.957 0.0000000000
32079  -41.495  -51.042  -6.320 0.0000000000
9248  -42.501  -78.256  -4.653 0.0000000000
130665  -40.369  -74.608  -9.737 0.0000000000
11475  -41.589  -75.252  -10.454 0.0000000000
11502  -42.138  -75.571  -12.582 0.0000000000
12254  -44.666  -74.709  -13.367 0.0000000000
12256  -45.330  -73.955  -14.033 0.0000000000
12253  -43.541  -74.387  -13.518 0.0000000000
13056  -43.865  -73.285  -13.765 0.0000000000
13798  -44.071  -72.505  -13.928 0.0000000000
16836  -46.601  -68.543  -3.417 0.0000000000
16835  -45.914  -68.711  -3.469 0.0000000000
17627  -45.383  -68.245  -3.437 0.0000000000
16834  -44.204  -68.997  -3.131 0.0000000000
140218  -43.503  -65.537  -3.402 0.0000000000
134033  -43.058  -66.129  -3.176 0.0000000000
18413  -41.788  -66.981  -3.146 0.0000000000
17624  -41.196  -67.725  -3.283 0.0000000000
16054  -40.177  -69.037  -3.690 0.0000000000
135261  -39.487  -70.298  -4.591 0.0000000000
16085  -38.804  -70.093  -5.082 0.0000000000
15269  -38.520  -70.590  -5.746 0.0000000000
17590  -47.868  -67.623  -1.372 0.0000000000
18383  -48.471  -66.954  -1.556 0.0000000000
20879  -46.872  -62.869  -3.256 0.0000000000
20880  -47.775  -63.217  -3.025 0.0000000000
128788  -48.331  -62.043  -3.438 0.0000000000
21733  -49.590  -62.160  -2.988 0.0000000000
22680  -49.914  -61.234  -3.157 0.0000000000
22681  -51.399  -61.271  -3.219 0.0000000000
134755  -49.931  -60.279  -3.275 0.0000000000
24516  -50.405  -59.577  -3.351 0.0000000000
149533  -50.183  -58.735  -3.486 0.0000000000
25477  -40.381  -58.165  -4.377 0.0000000000
148288  -40.785  -58.692  -4.364 0.0000000000
24527  -41.137  -59.312  -4.232 0.0000000000
25478  -41.367  -58.261  -4.504 0.0000000000
26394  -42.135  -57.645  -4.619 0.0000000000
124939  -42.995  -57.878  -4.591 0.0000000000
29198  -44.773  -54.485  -5.440 0.0000000000
29184  -44.277  -54.802  -4.872 0.0000000000
28237  -45.032  -55.193  -5.047 0.0000000000
28238  -45.713  -55.534  -5.076 0.0000000000
142491  -47.180  -56.365  -4.877 0.0000000000
126250  -47.164  -55.810  -5.417 0.0000000000
135181  -47.952  -55.875  -5.660 0.0000000000
28251  -48.898  -55.498  -6.374 0.0000000000
12151  -41.547  -75.297  -4.111 0.0000000000
11411  -42.177  -76.162  -4.483 0.0000000000
11423  -41.714  -76.518  -5.341 0.0000000000
10741  -41.311  -76.572  -7.302 0.0000000000
10015  -41.714  -77.181  -8.658 0.0000000000
10084  -44.115  -77.212  -12.195 0.0000000000
16144  -38.813  -68.541  -12.807 0.0000000000
16132  -37.525  -69.626  -12.142 0.0000000000
15338  -37.541  -70.724  -11.967 0.0000000000
15346  -38.368  -70.188  -12.285 0.0000000000
15348  -39.958  -70.320  -12.744 0.0000000000
15349  -40.614  -70.553  -12.950 0.0000000000
15355  -41.842  -71.024  -13.385 0.0000000000
15375  -41.517  -70.577  -15.448 0.0000000000
15406  -41.824  -70.313  -17.570 0.0000000000
20905  -48.348  -64.040  -4.672 0.0000000000
19236  -46.858  -65.646  -3.853 0.0000000000
20079  -46.894  -64.746  -4.297 0.0000000000
128569  -46.032  -64.332  -4.296 0.0000000000
20078  -45.406  -64.508  -4.075 0.0000000000
133476  -47.249  -62.686  -5.206 0.0000000000
20902  -45.400  -63.714  -4.490 0.0000000000
20057  -43.435  -64.742  -3.633 0.0000000000
20056  -42.492  -64.614  -3.623 0.0000000000
20055  -41.609  -64.538  -3.615 0.0000000000
19170  -46.684  -66.062  -0.604 0.0000000000
147829  -46.317  -63.765  -2.439 0.0000000000
20861  -45.567  -63.579  -2.380 0.0000000000
21717  -46.150  -63.168  -2.869 0.0000000000
21730  -46.023  -62.390  -3.332 0.0000000000
22677  -46.456  -61.650  -3.661 0.0000000000
23611  -46.488  -60.215  -4.098 0.0000000000
126390  -40.250  -53.983  -4.418 0.0000000000
29180  -40.931  -54.603  -4.515 0.0000000000
28219  -41.298  -55.542  -4.560 0.0000000000
29181  -41.828  -53.951  -4.565 0.0000000000
29182  -42.661  -54.215  -4.651 0.0000000000
129369  -43.254  -53.687  -5.084 0.0000000000
31090  -42.600  -52.478  -5.655 0.0000000000
30123  -43.357  -53.048  -5.621 0.0000000000
30124  -43.840  -53.556  -5.543 0.0000000000
30125  -44.464  -53.789  -5.783 0.0000000000
30139  -44.865  -53.325  -6.417 0.0000000000
30140  -45.766  -53.455  -6.690 0.0000000000
11450  -40.647  -75.055  -7.709 0.0000000000
12186  -41.429  -75.086  -8.288 0.0000000000
12197  -41.762  -74.804  -8.684 0.0000000000
148167  -42.869  -75.247  -9.520 0.0000000000
11477  -44.287  -76.097  -10.738 0.0000000000
10788  -44.446  -76.284  -12.260 0.0000000000
10837  -43.683  -76.004  -15.005 0.0000000000
13069  -45.351  -73.505  -15.076 0.0000000000
13068  -44.703  -73.538  -15.730 0.0000000000
13821  -43.105  -72.724  -16.868 0.0000000000
13835  -43.303  -72.433  -17.559 0.0000000000
13836  -44.446  -72.061  -18.092 0.0000000000
12938  -44.481  -74.040  -1.685 0.0000000000
11393  -44.142  -75.400  -2.648 0.0000000000
12937  -44.138  -74.126  -2.033 0.0000000000
12936  -43.538  -74.086  -2.329 0.0000000000
12949  -42.609  -73.851  -2.650 0.0000000000
13700  -42.961  -71.942  -2.332 0.0000000000
12144  -42.212  -74.729  -3.287 0.0000000000
12948  -41.567  -73.447  -3.200 0.0000000000
12958  -40.999  -74.181  -3.860 0.0000000000
12957  -40.286  -73.632  -4.626 0.0000000000
18417  -45.851  -66.612  -3.537 0.0000000000
134118  -44.559  -67.476  -3.277 0.0000000000
17625  -42.704  -67.546  -3.145 0.0000000000
16832  -42.223  -68.934  -3.180 0.0000000000
14468  -41.110  -71.326  -3.404 0.0000000000
146498  -40.203  -72.891  -4.623 0.0000000000
12969  -39.795  -74.146  -5.483 0.0000000000
12982  -39.358  -73.849  -6.934 0.0000000000
12992  -39.876  -74.248  -8.110 0.0000000000
14516  -38.816  -72.091  -6.246 0.0000000000
12991  -39.105  -73.346  -7.266 0.0000000000
13014  -39.980  -74.241  -8.693 0.0000000000
13013  -39.147  -73.796  -9.149 0.0000000000
12207  -38.740  -74.322  -10.044 0.0000000000
12220  -38.474  -74.676  -10.984 0.0000000000
13680  -45.105  -72.553  -1.423 0.0000000000
14454  -45.694  -71.130  -1.657 0.0000000000
16042  -46.363  -69.868  -2.603 0.0000000000
16043  -47.047  -69.634  -2.096 0.0000000000
16812  -47.361  -68.793  -2.587 0.0000000000
16837  -47.144  -68.544  -3.204 0.0000000000
17630  -47.248  -67.983  -3.521 0.0000000000
142685  -48.104  -66.782  -3.892 0.0000000000
129005  -49.116  -65.445  -4.274 0.0000000000
19171  -47.616  -66.291  -0.858 0.0000000000
19188  -48.121  -65.884  -1.218 0.0000000000
19190  -49.379  -65.828  -1.870 0.0000000000
20864  -48.792  -63.596  -2.651 0.0000000000
20037  -49.848  -64.139  -2.277 0.0000000000
19204  -49.831  -65.331  -2.367 0.0000000000
19224  -49.860  -65.486  -3.103 0.0000000000
20082  -49.793  -64.808  -4.181 0.0000000000
20081  -49.181  -64.524  -4.505 0.0000000000
146192  -49.974  -63.427  -4.605 0.0000000000
20927  -49.483  -62.931  -4.820 0.0000000000
21778  -49.906  -62.230  -4.872 0.0000000000
125217  -51.864  -60.852  -3.664 0.0000000000
22692  -51.611  -61.330  -4.356 0.0000000000
137318  -50.545  -61.416  -4.831 0.0000000000
23630  -50.615  -60.430  -4.951 0.0000000000
24547  -51.706  -59.326  -4.869 0.0000000000
140737  -42.618  -59.916  -4.085 0.0000000000
23589  -42.979  -60.614  -3.701 0.0000000000
23590  -43.839  -60.841  -3.665 0.0000000000
23609  -44.495  -60.310  -4.019 0.0000000000
23610  -45.503  -60.283  -4.126 0.0000000000
28220  -42.157  -55.707  -4.590 0.0000000000
27333  -43.292  -56.576  -4.588 0.0000000000
26395  -43.578  -57.316  -4.580 0.0000000000
143948  -44.601  -56.157  -4.545 0.0000000000
27334  -44.172  -56.691  -4.507 0.0000000000
124937  -44.912  -58.142  -4.555 0.0000000000
25481  -45.459  -58.808  -4.451 0.0000000000
25482  -46.416  -58.676  -4.291 0.0000000000
24533  -46.981  -59.338  -4.069 0.0000000000
24514  -48.077  -59.158  -3.673 0.0000000000
25462  -48.937  -58.708  -3.562 0.0000000000
26379  -49.213  -58.134  -3.747 0.0000000000
149661  -48.781  -57.183  -4.424 0.0000000000
26400  -49.482  -57.549  -4.130 0.0000000000
26381  -51.703  -57.769  -4.081 0.0000000000
138143  -52.814  -58.052  -4.344 0.0000000000
25495  -53.062  -57.854  -4.756 0.0000000000
11402  -43.885  -75.931  -3.296 0.0000000000
145517  -43.153  -77.256  -4.413 0.0000000000
9247  -42.461  -78.071  -5.323 0.0000000000
9985  -42.414  -77.615  -5.379 0.0000000000
9260  -41.656  -78.384  -6.427 0.0000000000
8580  -41.056  -79.131  -6.934 0.0000000000
148682  -40.729  -79.495  -7.887 0.0000000000
10743  -42.330  -75.594  -8.820 0.0000000000
10016  -42.380  -76.282  -8.996 0.0000000000
137875  -42.757  -77.456  -10.000 0.0000000000
10083  -43.496  -77.569  -11.782 0.0000000000
9336  -42.687  -77.941  -11.398 0.0000000000
9323  -42.357  -78.122  -10.752 0.0000000000
23650  -46.187  -60.210  -6.112 0.0000000000
139902  -43.590  -62.709  -4.787 0.0000000000
20877  -42.122  -63.897  -3.947 0.0000000000
20054  -40.640  -64.416  -3.650 0.0000000000
18411  -39.909  -66.177  -3.429 0.0000000000
148160  -38.821  -67.407  -4.031 0.0000000000
16866  -38.381  -69.193  -4.903 0.0000000000
15268  -37.939  -70.286  -6.075 0.0000000000
16093  -37.225  -69.655  -6.097 0.0000000000
15297  -37.496  -70.825  -7.088 0.0000000000
14525  -37.765  -71.396  -7.458 0.0000000000
13771  -37.643  -73.129  -9.256 0.0000000000
12219  -37.774  -74.194  -10.552 0.0000000000
12230  -38.472  -74.697  -11.786 0.0000000000
14556  -36.671  -71.204  -11.706 0.0000000000
14561  -36.509  -72.190  -11.727 0.0000000000
13782  -36.364  -72.877  -11.358 0.0000000000
13034  -36.920  -73.583  -11.477 0.0000000000
12237  -37.981  -74.313  -12.156 0.0000000000
12250  -39.773  -74.270  -13.215 0.0000000000
13054  -40.836  -73.044  -13.535 0.0000000000
13797  -43.028  -72.319  -13.665 0.0000000000
14575  -43.835  -71.867  -14.142 0.0000000000
14587  -43.605  -71.518  -14.790 0.0000000000
14588  -44.322  -71.539  -15.550 0.0000000000
15391  -44.972  -71.285  -17.272 0.0000000000
8550  -41.890  -78.636  -5.052 0.0000000000
8595  -40.646  -79.776  -8.984 0.0000000000
9309  -41.214  -78.718  -9.213 0.0000000000
9349  -41.411  -79.066  -12.543 0.0000000000
9350  -42.252  -78.149  -12.142 0.0000000000
9379  -41.514  -78.642  -14.840 0.0000000000
9949  -43.521  -77.209  -2.531 0.0000000000
9957  -43.413  -77.349  -3.459 0.0000000000
9969  -43.501  -76.984  -4.012 0.0000000000
9986  -42.819  -77.729  -4.688 0.0000000000
10002  -42.062  -77.901  -6.089 0.0000000000
10009  -41.498  -77.364  -7.025 0.0000000000
10030  -43.815  -76.679  -10.209 0.0000000000
10051  -44.377  -76.496  -11.125 0.0000000000
10066  -43.821  -77.380  -11.186 0.0000000000
10067  -44.335  -77.039  -11.469 0.0000000000
10068  -44.413  -76.853  -12.005 0.0000000000
10700  -43.736  -76.584  -3.333 0.0000000000
10708  -42.625  -76.747  -4.749 0.0000000000
10709  -43.197  -76.831  -4.338 0.0000000000
10710  -43.484  -76.395  -3.790 0.0000000000
10719  -42.191  -77.091  -5.460 0.0000000000
10744  -43.176  -75.672  -9.503 0.0000000000
10775  -44.389  -76.450  -11.685 0.0000000000
10802  -44.699  -76.056  -12.933 0.0000000000
11440  -40.569  -75.711  -6.801 0.0000000000
11441  -41.291  -76.530  -6.413 0.0000000000
11457  -42.157  -75.066  -8.735 0.0000000000
11464  -42.499  -74.981  -9.155 0.0000000000
11465  -43.076  -75.374  -9.614 0.0000000000
11466  -43.785  -75.667  -9.908 0.0000000000
11474  -40.383  -75.078  -10.517 0.0000000000
11476  -44.070  -75.796  -10.286 0.0000000000
11485  -40.546  -75.518  -11.489 0.0000000000
11488  -44.261  -75.962  -10.898 0.0000000000
11489  -44.354  -76.247  -11.317 0.0000000000
11500  -39.834  -75.261  -12.287 0.0000000000
11503  -43.491  -75.598  -12.430 0.0000000000
11505  -44.360  -76.219  -11.993 0.0000000000
11517  -41.384  -75.074  -13.219 0.0000000000
11520  -44.648  -75.343  -13.162 0.0000000000
11534  -44.375  -75.571  -14.612 0.0000000000
11535  -44.768  -75.387  -14.081 0.0000000000
12134  -43.253  -74.813  -2.795 0.0000000000
12135  -43.964  -74.815  -2.543 0.0000000000
12136  -44.422  -74.694  -2.061 0.0000000000
12162  -39.641  -74.462  -6.493 0.0000000000
12175  -40.020  -75.113  -6.935 0.0000000000
12184  -39.605  -74.092  -7.589 0.0000000000
12208  -39.777  -74.343  -9.455 0.0000000000
12222  -41.339  -74.684  -9.584 0.0000000000
12238  -38.676  -74.488  -12.414 0.0000000000
12239  -39.419  -74.712  -12.685 0.0000000000
12249  -39.049  -74.187  -12.953 0.0000000000
12264  -45.094  -74.721  -13.885 0.0000000000
12272  -45.367  -73.589  -14.520 0.0000000000
13002  -39.229  -73.563  -8.287 0.0000000000
13011  -35.944  -72.684  -10.645 0.0000000000
13012  -37.134  -73.557  -10.108 0.0000000000
13024  -36.531  -73.367  -10.774 0.0000000000
13035  -37.640  -74.263  -11.456 0.0000000000
13043  -36.830  -73.053  -12.012 0.0000000000
13044  -37.424  -73.727  -12.114 0.0000000000
13055  -41.563  -73.511  -13.682 0.0000000000
13057  -45.187  -73.616  -13.841 0.0000000000
13070  -45.556  -73.115  -14.917 0.0000000000
13081  -43.733  -73.367  -16.387 0.0000000000
13083  -45.331  -72.779  -15.834 0.0000000000
13084  -45.430  -72.576  -15.500 0.0000000000
13702  -44.414  -73.210  -1.689 0.0000000000
13715  -40.566  -71.905  -3.946 0.0000000000
13728  -39.672  -72.039  -5.146 0.0000000000
13739  -39.259  -72.496  -5.806 0.0000000000
13763  -37.174  -72.506  -8.864 0.0000000000
13770  -36.361  -72.483  -9.348 0.0000000000
13781  -35.796  -72.165  -11.219 0.0000000000
13788  -39.224  -72.582  -12.951 0.0000000000
13795  -40.909  -71.946  -13.163 0.0000000000
13799  -44.993  -72.895  -14.002 0.0000000000
13804  -44.578  -72.367  -14.276 0.0000000000
13805  -45.504  -72.767  -14.886 0.0000000000
13822  -45.353  -72.298  -16.728 0.0000000000
13838  -45.481  -71.968  -17.047 0.0000000000
14453  -45.091  -71.543  -1.663 0.0000000000
14498  -38.715  -71.324  -5.984 0.0000000000
14499  -39.208  -71.698  -5.577 0.0000000000
14526  -38.246  -71.799  -7.375 0.0000000000
14537  -37.649  -71.916  -8.062 0.0000000000
14563  -40.099  -70.952  -12.555 0.0000000000
14568  -40.858  -71.127  -12.801 0.0000000000
14571  -43.192  -71.847  -13.785 0.0000000000
14589  -45.220  -71.695  -15.865 0.0000000000
14590  -45.555  -72.031  -15.943 0.0000000000
14606  -44.547  -71.382  -16.414 0.0000000000
14624  -45.108  -71.565  -17.542 0.0000000000
15202  -46.221  -70.828  -1.585 0.0000000000
15204  -46.955  -70.171  -1.400 0.0000000000
15235  -40.905  -70.551  -3.527 0.0000000000
15253  -39.757  -70.993  -4.521 0.0000000000
15283  -36.808  -70.180  -6.747 0.0000000000
15284  -37.567  -70.379  -6.501 0.0000000000
15285  -38.193  -70.868  -6.506 0.0000000000
15347  -39.251  -70.530  -12.487 0.0000000000
15389  -42.206  -70.452  -17.085 0.0000000000
16055  -41.988  -69.583  -3.163 0.0000000000
16059  -46.783  -69.155  -2.933 0.0000000000
16073  -39.131  -69.489  -4.537 0.0000000000
16074  -39.842  -69.670  -4.086 0.0000000000
16084  -38.068  -69.795  -5.534 0.0000000000
16131  -36.486  -69.600  -11.683 0.0000000000
16829  -39.815  -68.049  -3.757 0.0000000000
16830  -40.731  -68.506  -3.457 0.0000000000
16831  -41.503  -68.511  -3.294 0.0000000000
17575  -47.441  -67.606  -0.837 0.0000000000
17622  -39.152  -67.320  -3.882 0.0000000000
17628  -46.185  -68.079  -3.575 0.0000000000
17629  -46.810  -67.872  -3.628 0.0000000000
17642  -38.919  -67.923  -4.130 0.0000000000
18398  -48.610  -67.014  -2.436 0.0000000000
18410  -38.369  -67.037  -4.048 0.0000000000
18414  -42.592  -66.718  -3.142 0.0000000000
18415  -43.438  -67.046  -3.167 0.0000000000
18434  -48.609  -66.168  -4.067 0.0000000000
19189  -48.797  -66.213  -1.455 0.0000000000
19205  -50.317  -64.915  -2.766 0.0000000000
19217  -42.079  -65.974  -3.180 0.0000000000
19220  -45.082  -65.789  -3.460 0.0000000000
19221  -46.042  -65.784  -3.671 0.0000000000
19225  -50.324  -64.817  -3.488 0.0000000000
19237  -48.330  -65.606  -4.317 0.0000000000
19238  -49.723  -65.383  -3.813 0.0000000000
20019  -48.860  -65.437  -1.623 0.0000000000
20020  -49.656  -65.042  -1.980 0.0000000000
20034  -45.989  -64.246  -1.944 0.0000000000
20036  -48.297  -64.740  -2.057 0.0000000000
20038  -50.231  -64.570  -2.368 0.0000000000
20039  -50.704  -64.183  -2.877 0.0000000000
20058  -44.825  -64.876  -3.734 0.0000000000
20076  -43.851  -63.999  -3.997 0.0000000000
20080  -47.847  -64.843  -4.453 0.0000000000
20865  -50.539  -63.302  -2.604 0.0000000000
20866  -51.285  -62.424  -3.103 0.0000000000
20881  -51.046  -63.554  -3.326 0.0000000000
20900  -43.365  -63.403  -4.377 0.0000000000
20904  -47.357  -63.968  -4.624 0.0000000000
20906  -49.238  -63.676  -4.686 0.0000000000
20908  -51.224  -63.083  -3.728 0.0000000000
20924  -46.888  -63.179  -4.939 0.0000000000
21728  -44.369  -61.928  -3.197 0.0000000000
21731  -47.619  -62.481  -3.380 0.0000000000
21750  -50.412  -62.853  -4.581 0.0000000000
21774  -45.620  -62.343  -5.255 0.0000000000
21775  -46.502  -62.495  -5.255 0.0000000000
22661  -50.776  -61.835  -2.846 0.0000000000
22662  -51.268  -61.976  -2.989 0.0000000000
22675  -44.384  -61.288  -3.509 0.0000000000
22679  -48.790  -61.463  -3.434 0.0000000000
22682  -51.520  -61.713  -3.541 0.0000000000
22693  -52.002  -61.042  -3.955 0.0000000000
23588  -42.123  -60.472  -3.701 0.0000000000
23591  -45.035  -60.973  -3.724 0.0000000000
23595  -50.918  -60.857  -3.098 0.0000000000
23596  -51.779  -60.268  -3.515 0.0000000000
23607  -41.854  -59.818  -4.029 0.0000000000
23631  -51.470  -60.813  -4.624 0.0000000000
24518  -52.597  -59.400  -3.867 0.0000000000
24530  -44.063  -59.503  -4.369 0.0000000000
24535  -52.844  -59.264  -4.030 0.0000000000
25465  -52.973  -59.060  -3.974 0.0000000000
25479  -42.487  -58.485  -4.521 0.0000000000
25484  -52.895  -58.677  -4.183 0.0000000000
26380  -50.458  -57.940  -3.812 0.0000000000
26396  -44.495  -57.433  -4.537 0.0000000000
26399  -47.583  -57.762  -4.143 0.0000000000
26403  -53.140  -57.454  -4.876 0.0000000000
27329  -39.854  -56.584  -4.478 0.0000000000
27332  -42.425  -56.460  -4.629 0.0000000000
27336  -46.428  -56.656  -4.549 0.0000000000
27345  -49.995  -56.437  -5.180 0.0000000000
28218  -40.485  -55.504  -4.515 0.0000000000
28222  -44.482  -55.529  -4.668 0.0000000000
29197  -44.021  -54.123  -5.214 0.0000000000
31081  -42.157  -52.834  -4.999 0.0000000000
32975  -41.197  -50.273  -6.541 0.0000000000
124570  -41.534  -75.702  -8.209 0.0000000000
124932  -42.700  -57.141  -4.657 0.0000000000
125655  -45.821  -58.036  -4.455 0.0000000000
125857  -48.854  -64.309  -2.308 0.0000000000
125915  -46.003  -69.347  -3.221 0.0000000000
126514  -45.179  -69.044  -3.296 0.0000000000
127487  -43.155  -73.101  -2.262 0.0000000000
127639  -47.439  -69.059  -1.818 0.0000000000
128082  -51.771  -60.131  -4.577 0.0000000000
129000  -43.069  -75.710  -11.530 0.0000000000
129049  -44.743  -73.940  -13.597 0.0000000000
129139  -45.797  -56.511  -4.564 0.0000000000
129160  -41.127  -74.807  -8.295 0.0000000000
129477  -51.609  -61.935  -4.073 0.0000000000
131151  -42.760  -68.344  -3.121 0.0000000000
131579  -50.347  -64.321  -4.055 0.0000000000
131604  -48.583  -64.939  -4.471 0.0000000000
131832  -37.262  -71.657  -12.091 0.0000000000
132523  -41.817  -78.617  -11.342 0.0000000000
132592  -40.318  -56.133  -4.543 0.0000000000
132673  -43.047  -77.696  -12.569 0.0000000000
133117  -39.843  -74.576  -7.358 0.0000000000
133325  -41.255  -70.900  -13.027 0.0000000000
133457  -47.828  -67.469  -3.497 0.0000000000
133592  -48.231  -66.466  -1.159 0.0000000000
134507  -44.726  -73.216  -13.790 0.0000000000
135051  -44.449  -72.510  -17.098 0.0000000000
135393  -39.572  -69.708  -12.851 0.0000000000
135506  -41.179  -65.354  -3.363 0.0000000000
135922  -49.915  -64.089  -4.441 0.0000000000
136244  -42.067  -78.321  -5.783 0.0000000000
137073  -47.487  -68.190  -1.153 0.0000000000
137959  -42.013  -65.168  -3.376 0.0000000000
138244  -40.116  -73.598  -13.414 0.0000000000
139224  -39.353  -73.656  -7.761 0.0000000000
139351  -44.185  -64.580  -3.781 0.0000000000
140023  -37.086  -72.472  -12.177 0.0000000000
140805  -42.611  -63.444  -4.273 0.0000000000
141263  -44.612  -68.407  -3.246 0.0000000000
141468  -40.143  -72.322  -4.607 0.0000000000
142330  -43.844  -73.448  -2.006 0.0000000000
143410  -46.856  -62.230  -3.489 0.0000000000
143563  -42.782  -53.096  -5.215 0.0000000000
144667  -45.969  -70.501  -2.200 0.0000000000
144778  -47.600  -68.648  -2.166 0.0000000000
145393  -43.893  -76.025  -9.850 0.0000000000
145558  -38.642  -72.963  -8.138 0.0000000000
147160  -38.379  -69.295  -12.466 0.0000000000
148047  -44.442  -60.844  -3.707 0.0000000000
148142  -48.774  -66.520  -3.637 0.0000000000
148154  -51.179  -62.812  -2.879 0.0000000000
148590  -40.240  -57.043  -4.525 0.0000000000
149173  -45.193  -71.560  -16.597 0.0000000000
149502  -42.325  -77.003  -9.304 0.0000000000
149681  -48.062  -66.185  -4.150 0.0000000000
149728  -43.910  -76.534  -2.813 0.0000000000
