#!ascii label  , from subject chris_t1_1 vox2ras=TkReg
937
55005  -20.308  -26.274  -22.447 0.4285714328
56879  -21.285  -24.637  -23.314 0.2857142985
55964  -20.686  -25.320  -23.441 0.4285714328
141099  -21.912  -24.804  -22.881 0.4285714328
143109  -21.434  -23.019  -23.220 0.2857142985
56863  -21.958  -23.706  -22.758 0.4285714328
58762  -21.957  -22.545  -22.735 0.4285714328
59777  -22.102  -21.753  -23.152 0.4285714328
60819  -22.557  -20.378  -24.262 0.4285714328
60820  -23.427  -19.887  -23.979 0.4285714328
61861  -22.869  -19.236  -25.895 0.5714285970
60835  -22.722  -19.792  -24.971 0.5714285970
61845  -23.548  -19.378  -24.959 0.4285714328
61862  -24.264  -18.937  -25.050 0.2857142985
146758  -23.673  -18.935  -25.636 0.7142857313
62848  -24.252  -18.569  -25.828 0.7142857313
63868  -25.645  -17.801  -26.564 0.7142857313
62867  -24.910  -18.247  -26.154 0.7142857313
63886  -26.361  -17.363  -27.259 0.5714285970
63885  -25.397  -17.632  -27.579 0.5714285970
64919  -26.725  -16.907  -27.909 0.5714285970
63887  -27.122  -17.083  -27.285 0.5714285970
63904  -25.936  -17.229  -28.146 0.5714285970
64920  -27.409  -16.561  -27.547 0.4285714328
65912  -27.265  -15.634  -28.552 0.5714285970
66873  -27.700  -15.029  -27.932 0.5714285970
65911  -26.721  -16.082  -28.873 0.7142857313
66887  -28.078  -14.319  -28.249 0.7142857313
67755  -28.713  -13.881  -27.777 0.5714285970
64960  -25.796  -16.658  -29.478 0.5714285970
66886  -27.503  -14.850  -28.790 0.8571428657
67770  -28.370  -13.570  -28.478 0.7142857313
65932  -26.837  -15.524  -29.503 0.7142857313
66902  -26.901  -14.964  -30.203 0.5714285970
68665  -28.560  -12.772  -28.631 0.7142857313
68647  -28.940  -13.104  -27.943 0.5714285970
67769  -27.780  -14.046  -28.997 0.7142857313
69517  -28.844  -12.032  -28.878 0.5714285970
67781  -27.966  -13.247  -29.171 0.7142857313
69518  -29.432  -11.576  -28.420 0.5714285970
67780  -27.570  -13.815  -29.812 0.5714285970
68677  -27.640  -12.970  -29.956 0.7142857313
70418  -29.323  -10.550  -29.345 0.7142857313
70398  -29.619  -10.844  -28.676 0.7142857313
69542  -28.244  -11.467  -30.446 0.7142857313
69530  -28.536  -11.748  -29.634 0.7142857313
70417  -28.702  -10.945  -29.808 0.7142857313
71344  -29.647  -9.736  -29.519 0.7142857313
71326  -29.826  -10.250  -28.944 0.5714285970
143909  -27.506  -12.792  -30.900 0.5714285970
71345  -30.305  -9.071  -29.347 0.5714285970
72355  -30.186  -8.306  -29.727 0.5714285970
70432  -28.445  -10.673  -30.623 0.8571428657
136070  -29.411  -8.861  -30.616 0.7142857313
131969  -28.701  -9.940  -30.866 0.8571428657
71361  -29.278  -9.489  -30.393 0.7142857313
74330  -29.619  -6.888  -30.645 0.8571428657
73378  -30.027  -7.483  -30.110 0.5714285970
72369  -29.244  -8.355  -31.028 0.8571428657
72382  -28.831  -8.456  -31.760 0.8571428657
71360  -28.915  -9.158  -31.213 0.8571428657
75305  -29.428  -5.623  -31.318 0.8571428657
129569  -29.485  -4.680  -31.228 0.8571428657
76297  -29.027  -4.317  -32.103 0.8571428657
73391  -29.133  -7.762  -31.485 0.8571428657
75320  -29.078  -5.247  -32.071 0.8571428657
76296  -28.770  -4.923  -32.918 1.0000000000
74358  -29.018  -6.148  -32.032 0.8571428657
127347  -28.658  -4.035  -32.976 1.0000000000
75319  -28.772  -5.809  -32.864 1.0000000000
78207  -28.509  -2.589  -33.045 1.0000000000
79141  -27.809  -1.787  -34.562 0.7142857313
77276  -28.539  -3.314  -33.161 1.0000000000
77290  -28.451  -3.755  -33.859 1.0000000000
79112  -28.494  -1.754  -33.031 1.0000000000
81781  -28.266  1.619  -34.358 1.0000000000
81780  -27.896  1.688  -35.062 0.8571428657
83435  -27.951  3.695  -35.816 0.8571428657
82633  -28.004  3.035  -35.288 1.0000000000
86185  -27.017  6.855  -36.916 0.8571428657
85231  -27.593  5.221  -36.452 0.8571428657
84322  -27.804  4.431  -36.154 1.0000000000
88029  -26.816  8.348  -38.177 0.8571428657
88053  -26.197  8.108  -39.146 0.7142857313
146219  -25.575  6.130  -39.610 0.5714285970
88060  -24.536  7.429  -40.622 0.7142857313
88895  -25.164  9.158  -40.515 0.5714285970
87130  -24.156  7.010  -39.727 0.5714285970
86216  -24.954  6.334  -40.060 0.5714285970
88893  -23.118  8.637  -40.401 0.4285714328
88058  -23.162  8.205  -41.234 0.4285714328
88028  -24.556  8.517  -37.288 0.2857142985
88864  -25.124  9.298  -37.237 0.2857142985
88854  -25.614  9.209  -36.376 0.2857142985
57823  -21.026  -23.758  -23.540 0.2857142985
64942  -27.058  -16.341  -28.282 0.5714285970
72354  -29.741  -8.951  -29.983 0.7142857313
73377  -29.473  -7.645  -30.782 0.8571428657
75288  -29.733  -6.039  -30.610 0.8571428657
77259  -29.442  -3.753  -31.335 0.8571428657
80020  -28.200  -1.309  -33.788 0.8571428657
89628  -26.374  10.378  -34.196 0.1428571492
58777  -21.439  -22.305  -23.515 0.2857142985
59793  -23.051  -20.614  -23.463 0.4285714328
59791  -21.529  -21.538  -24.017 0.2857142985
62849  -24.997  -18.448  -25.212 0.4285714328
62847  -23.513  -18.710  -26.532 0.2857142985
62866  -24.272  -18.389  -26.583 0.7142857313
63867  -24.773  -18.068  -27.058 0.7142857313
63903  -25.200  -17.501  -28.338 0.5714285970
64921  -28.054  -16.155  -27.143 0.4285714328
64940  -25.517  -17.162  -28.901 0.7142857313
64941  -26.326  -16.725  -28.752 0.7142857313
65896  -27.629  -15.878  -27.813 0.5714285970
65897  -28.240  -15.405  -27.352 0.4285714328
65931  -26.131  -16.159  -30.071 0.5714285970
69519  -30.071  -11.138  -28.086 0.5714285970
69501  -29.851  -11.888  -27.745 0.5714285970
68678  -28.275  -12.507  -29.417 0.7142857313
70433  -29.026  -10.222  -30.083 0.7142857313
73390  -28.790  -7.845  -32.089 1.0000000000
144114  -28.902  -3.194  -32.181 1.0000000000
75331  -28.499  -5.466  -33.697 1.0000000000
79128  -28.162  -2.170  -33.829 0.8571428657
80038  -27.871  -0.829  -34.680 0.7142857313
129536  -28.381  -0.398  -33.674 1.0000000000
80916  -27.965  0.850  -35.022 0.7142857313
80901  -28.497  0.533  -33.499 1.0000000000
130233  -27.872  -0.106  -35.340 0.7142857313
82627  -28.200  2.376  -34.724 0.8571428657
86186  -27.378  6.052  -36.684 0.8571428657
84323  -28.332  4.367  -35.346 1.0000000000
83436  -28.350  3.691  -35.086 1.0000000000
87131  -26.466  7.341  -38.605 0.7142857313
88043  -23.300  8.081  -39.806 0.7142857313
86221  -24.337  6.917  -40.292 0.7142857313
88059  -23.624  7.806  -41.258 0.7142857313
136738  -24.495  6.435  -38.750 0.4285714328
88863  -24.395  8.871  -38.109 0.2857142985
88903  -24.177  8.667  -41.474 0.4285714328
88901  -22.818  9.132  -41.281 0.4285714328
88879  -23.771  9.077  -39.047 0.4285714328
63884  -24.485  -17.992  -28.091 0.4285714328
87129  -23.410  7.484  -40.440 0.7142857313
89647  -24.532  9.749  -38.054 0.2857142985
141210  -21.362  -25.971  -22.781 0.4285714328
56878  -20.461  -24.538  -23.851 0.2857142985
58776  -20.774  -22.927  -23.884 0.2857142985
60818  -21.783  -20.831  -24.573 0.2857142985
59792  -22.306  -21.043  -23.704 0.4285714328
60834  -22.113  -20.305  -25.054 0.4285714328
66874  -28.459  -14.634  -27.571 0.5714285970
64961  -26.376  -16.296  -29.385 0.7142857313
66903  -27.332  -14.604  -29.633 0.5714285970
68666  -29.190  -12.329  -28.158 0.5714285970
69531  -29.044  -11.262  -29.085 0.7142857313
68692  -28.004  -12.252  -30.246 0.8571428657
138453  -29.671  -8.264  -30.366 0.8571428657
74345  -28.948  -7.088  -31.941 0.8571428657
74346  -29.353  -6.485  -31.298 0.8571428657
78222  -28.354  -2.968  -33.897 1.0000000000
124200  -26.553  6.512  -38.042 0.8571428657
87138  -25.902  6.976  -39.522 0.7142857313
88052  -25.464  8.460  -39.974 0.7142857313
87137  -25.186  6.725  -40.201 0.5714285970
87142  -23.652  7.345  -40.769 0.5714285970
86215  -24.506  6.490  -39.968 0.5714285970
87119  -24.373  7.399  -38.452 0.4285714328
88044  -23.830  7.747  -39.287 0.4285714328
88051  -23.166  7.749  -40.727 0.4285714328
144107  -25.604  8.753  -35.731 0.2857142985
88027  -24.221  8.186  -38.175 0.2857142985
89630  -26.058  9.522  -35.724 0.2857142985
88843  -26.265  9.970  -34.949 0.1428571492
62882  -23.955  -18.411  -27.374 0.2857142985
80917  -28.231  0.135  -34.468 1.0000000000
127010  -22.884  13.000  -42.362 0.2857142985
91996  -24.101  13.278  -39.758 0.1428571492
90428  -22.899  11.191  -41.048 0.2857142985
91233  -22.040  11.935  -43.493 0.2857142985
91203  -24.096  12.239  -40.003 0.1428571492
92746  -23.806  14.557  -39.431 0.1428571492
90418  -24.500  11.011  -38.658 0.1428571492
89674  -23.696  10.514  -39.604 0.2857142985
90417  -24.401  11.585  -39.328 0.1428571492
90459  -22.026  11.035  -44.485 0.2857142985
90449  -22.195  11.264  -42.778 0.2857142985
91238  -27.833  12.099  -41.893 0.2857142985
134175  -25.071  12.487  -42.102 0.2857142985
91982  -24.577  13.437  -38.742 0.1428571492
89685  -22.602  9.917  -42.003 0.2857142985
90430  -26.465  10.963  -39.955 0.2857142985
90460  -22.602  10.981  -44.024 0.2857142985
90440  -22.358  10.780  -41.858 0.2857142985
89661  -29.089  10.224  -38.978 0.1428571492
90442  -26.408  11.531  -40.617 0.2857142985
91235  -24.701  11.539  -41.678 0.2857142985
91188  -24.730  12.458  -39.119 0.1428571492
90450  -23.509  10.491  -42.593 0.2857142985
89695  -22.709  10.190  -42.829 0.2857142985
88054  -30.919  8.788  -39.732 0.1428571492
88898  -30.441  9.377  -39.381 0.1428571492
136880  -27.307  10.980  -39.623 0.4285714328
89687  -24.888  9.829  -40.920 0.2857142985
87105  -29.931  7.707  -36.225 0.2857142985
88865  -27.939  9.420  -37.883 0.4285714328
88896  -25.967  9.515  -39.596 0.2857142985
88902  -23.378  8.724  -41.690 0.2857142985
86180  -31.491  6.688  -36.146 0.1428571492
88867  -29.670  9.109  -37.780 0.2857142985
88880  -26.609  9.718  -38.879 0.4285714328
88015  -28.579  8.163  -36.688 0.5714285970
88045  -26.630  9.045  -38.507 0.7142857313
84311  -31.255  4.899  -34.561 0.1428571492
85222  -30.753  6.063  -35.250 0.1428571492
88030  -27.470  8.636  -37.587 0.7142857313
87096  -29.652  7.102  -35.768 0.4285714328
83409  -31.456  3.669  -33.771 0.2857142985
84297  -30.954  4.264  -33.950 0.7142857313
87104  -27.710  7.584  -36.714 0.7142857313
85209  -29.739  5.237  -34.720 0.8571428657
86177  -28.744  6.799  -35.838 0.5714285970
81773  -31.799  1.849  -33.140 0.2857142985
144723  -31.633  2.450  -33.370 0.2857142985
131204  -28.772  5.832  -35.527 0.7142857313
145753  -27.123  5.247  -37.376 0.5714285970
85220  -28.159  5.186  -35.634 0.8571428657
81759  -32.111  1.219  -32.731 0.1428571492
83407  -29.851  3.345  -33.597 0.7142857313
80892  -31.629  0.772  -32.151 0.1428571492
143074  -27.319  -7.545  -35.039 0.5714285970
76305  -28.501  -4.589  -33.769 0.8571428657
76313  -28.250  -4.223  -34.583 0.8571428657
77300  -28.219  -3.385  -34.669 0.5714285970
136494  -28.263  0.923  -34.143 0.8571428657
80889  -28.835  0.009  -32.663 0.8571428657
82612  -28.716  2.369  -33.793 0.8571428657
79989  -31.543  -0.461  -31.336 0.2857142985
80902  -28.928  0.996  -32.823 0.8571428657
83406  -29.127  3.111  -33.736 0.8571428657
85208  -28.868  5.041  -34.928 0.8571428657
79091  -31.850  -1.155  -31.040 0.4285714328
80891  -30.617  0.924  -32.151 0.7142857313
82599  -30.091  2.124  -32.909 0.7142857313
134501  -26.912  -8.175  -35.099 0.2857142985
74385  -28.077  -5.993  -34.416 0.5714285970
80005  -28.604  -0.932  -32.920 0.8571428657
79090  -30.307  -1.388  -31.274 0.4285714328
79987  -29.824  -0.633  -31.584 0.8571428657
80890  -29.599  0.565  -32.267 0.8571428657
78193  -31.179  -1.815  -30.793 0.4285714328
69559  -26.708  -12.008  -32.446 0.7142857313
70460  -26.657  -10.782  -33.290 0.4285714328
69560  -27.431  -11.679  -32.019 0.7142857313
70462  -28.095  -10.133  -32.335 0.8571428657
71387  -27.420  -9.678  -33.476 0.5714285970
72413  -27.394  -8.759  -33.827 0.5714285970
72430  -26.802  -8.731  -34.315 0.4285714328
135256  -28.410  -8.382  -32.519 0.8571428657
73416  -28.153  -7.259  -33.466 0.7142857313
76283  -29.934  -4.078  -30.640 0.7142857313
78191  -29.379  -2.336  -31.626 0.7142857313
79089  -29.402  -1.496  -31.776 0.8571428657
76266  -31.716  -3.915  -29.762 0.2857142985
78175  -30.986  -2.766  -30.531 0.4285714328
66921  -27.175  -14.347  -30.430 0.4285714328
67814  -27.028  -13.321  -31.486 0.4285714328
70444  -28.238  -10.430  -31.482 0.7142857313
142415  -28.478  -9.783  -31.613 0.7142857313
76264  -29.843  -5.183  -30.629 0.7142857313
130746  -31.070  -4.330  -29.760 0.2857142985
76265  -30.422  -4.639  -30.223 0.5714285970
148772  -29.871  -4.622  -30.643 0.5714285970
66920  -26.569  -14.742  -30.822 0.4285714328
66919  -25.980  -14.309  -31.376 0.5714285970
68708  -27.176  -12.506  -31.784 0.5714285970
69561  -27.939  -11.171  -31.298 0.7142857313
128983  -30.491  -7.011  -29.670 0.4285714328
75289  -30.347  -5.608  -29.944 0.4285714328
76248  -30.934  -5.005  -29.537 0.4285714328
64959  -25.000  -16.958  -29.458 0.5714285970
68648  -29.629  -12.700  -27.525 0.4285714328
127361  -30.910  -9.137  -28.627 0.4285714328
73341  -31.235  -7.691  -28.828 0.4285714328
73359  -30.612  -7.656  -29.428 0.4285714328
60806  -24.504  -20.082  -23.397 0.1428571492
70399  -30.279  -10.468  -28.468 0.4285714328
70400  -31.035  -10.003  -28.166 0.4285714328
61863  -24.871  -18.971  -24.555 0.1428571492
62835  -25.579  -18.812  -24.580 0.1428571492
64903  -27.787  -16.863  -26.742 0.2857142985
67741  -30.855  -13.796  -26.538 0.2857142985
69485  -32.262  -11.917  -26.885 0.2857142985
68630  -31.042  -12.832  -26.652 0.2857142985
66855  -28.929  -14.996  -26.944 0.4285714328
69503  -31.537  -11.485  -27.228 0.2857142985
68649  -30.451  -12.368  -27.259 0.2857142985
67757  -30.200  -13.193  -27.005 0.2857142985
70379  -31.452  -10.769  -27.551 0.2857142985
70378  -30.687  -10.753  -27.933 0.4285714328
61847  -25.302  -19.450  -23.934 0.1428571492
61846  -24.296  -19.384  -24.237 0.1428571492
62850  -26.736  -18.310  -25.344 0.2857142985
63853  -27.011  -17.840  -25.966 0.2857142985
64905  -29.266  -16.305  -26.228 0.2857142985
128403  -30.225  -15.065  -26.273 0.2857142985
65883  -29.466  -15.424  -26.467 0.2857142985
65882  -28.717  -15.763  -26.760 0.2857142985
128439  -30.308  -14.422  -26.499 0.2857142985
139366  -26.102  -19.234  -24.219 0.1428571492
62852  -28.445  -18.206  -25.499 0.2857142985
62836  -26.423  -18.750  -24.683 0.2857142985
63854  -27.911  -17.604  -26.048 0.2857142985
62851  -27.601  -18.265  -25.461 0.2857142985
133409  -25.885  -18.336  -25.189 0.2857142985
64889  -28.621  -17.007  -26.194 0.2857142985
136407  -23.544  -20.935  -22.875 0.1428571492
127495  -22.823  -21.285  -22.960 0.2857142985
149616  -24.196  -20.689  -22.883 0.1428571492
54988  -20.535  -26.556  -21.611 0.2857142985
54963  -20.008  -26.852  -21.118 0.2857142985
54987  -19.691  -26.632  -21.823 0.2857142985
58778  -22.674  -22.046  -22.541 0.2857142985
54964  -20.664  -26.795  -20.754 0.1428571492
54011  -19.163  -27.086  -21.020 0.2857142985
53984  -18.602  -27.757  -20.713 0.1428571492
62837  -27.279  -18.771  -24.845 0.2857142985
63855  -28.761  -17.618  -25.753 0.2857142985
66857  -30.979  -14.639  -26.135 0.2857142985
67756  -29.431  -13.526  -27.380 0.4285714328
70380  -32.426  -10.604  -27.365 0.2857142985
69576  -27.067  -11.231  -32.752 0.7142857313
72414  -27.962  -8.136  -33.272 0.5714285970
74331  -30.149  -6.558  -30.087 0.4285714328
75270  -30.940  -5.697  -29.385 0.2857142985
77246  -30.859  -3.698  -30.232 0.5714285970
148303  -29.775  -1.876  -31.394 0.7142857313
83423  -28.613  3.217  -34.426 0.8571428657
137910  -26.228  6.454  -39.120 0.4285714328
78176  -31.777  -2.384  -30.517 0.2857142985
83424  -29.329  3.697  -34.142 0.8571428657
86176  -28.048  5.996  -36.033 0.8571428657
82600  -31.006  2.234  -32.960 0.5714285970
133084  -23.814  9.458  -41.830 0.2857142985
87097  -30.445  7.197  -35.927 0.4285714328
88016  -29.505  8.235  -36.613 0.4285714328
139183  -25.547  12.908  -37.603 0.1428571492
89677  -28.106  10.855  -39.455 0.2857142985
88897  -29.775  9.831  -39.177 0.1428571492
91234  -23.668  11.881  -42.827 0.2857142985
55006  -21.193  -26.264  -22.281 0.1428571492
55946  -20.053  -25.806  -23.177 0.2857142985
56864  -22.624  -24.678  -22.605 0.1428571492
59778  -23.418  -21.645  -22.545 0.1428571492
61836  -26.234  -19.800  -23.741 0.1428571492
61848  -26.949  -19.412  -24.263 0.1428571492
138440  -26.473  -17.629  -26.461 0.2857142985
64904  -28.481  -16.412  -26.616 0.2857142985
65884  -30.877  -15.415  -25.829 0.2857142985
68707  -26.360  -12.900  -32.123 0.2857142985
145893  -32.111  -11.203  -27.196 0.2857142985
145170  -32.745  -9.992  -27.514 0.2857142985
71405  -26.342  -9.983  -33.850 0.4285714328
70461  -27.441  -10.428  -33.063 0.5714285970
71309  -31.947  -9.951  -27.639 0.4285714328
144185  -26.921  -7.555  -35.482 0.2857142985
124316  -27.220  -8.249  -34.577 0.5714285970
71328  -31.727  -9.211  -28.080 0.2857142985
71327  -30.321  -9.768  -28.839 0.4285714328
72394  -27.939  -9.031  -33.101 0.7142857313
74384  -27.502  -6.507  -35.055 0.2857142985
73342  -32.060  -7.689  -28.419 0.1428571492
74295  -31.685  -7.036  -28.783 0.4285714328
73360  -30.969  -6.994  -29.156 0.4285714328
134762  -32.140  -6.019  -28.961 0.1428571492
79113  -28.871  -1.412  -32.422 0.8571428657
75271  -31.739  -5.441  -29.264 0.1428571492
77247  -31.925  -3.092  -30.107 0.2857142985
80876  -30.133  0.184  -31.580 0.7142857313
84308  -28.835  4.075  -34.702 0.8571428657
80007  -32.733  -0.225  -32.121 0.2857142985
80893  -32.416  0.519  -32.400 0.1428571492
89657  -24.129  10.136  -38.774 0.2857142985
81758  -31.310  1.458  -32.582 0.4285714328
80878  -32.006  0.120  -31.702 0.4285714328
81774  -32.527  1.590  -33.378 0.1428571492
85210  -30.549  5.442  -34.769 0.5714285970
82616  -32.283  2.237  -33.631 0.1428571492
143493  -31.623  4.220  -34.246 0.1428571492
84324  -31.828  5.238  -35.219 0.1428571492
91189  -25.129  11.768  -38.468 0.1428571492
126024  -29.476  6.326  -35.478 0.5714285970
87098  -31.082  7.187  -36.101 0.1428571492
89659  -27.445  10.362  -38.929 0.2857142985
88882  -28.588  9.816  -38.413 0.2857142985
87121  -30.650  8.164  -37.283 0.2857142985
88048  -31.288  8.166  -38.130 0.1428571492
88055  -31.351  8.152  -39.199 0.1428571492
88047  -30.824  8.780  -38.822 0.1428571492
90451  -27.908  11.745  -41.234 0.2857142985
128080  -28.531  11.468  -41.060 0.2857142985
90453  -29.123  11.180  -41.425 0.1428571492
89689  -29.583  10.623  -40.926 0.1428571492
55007  -22.525  -25.943  -22.298 0.1428571492
129611  -25.070  -21.048  -22.823 0.1428571492
67742  -31.845  -13.312  -26.453 0.2857142985
76267  -32.637  -3.730  -29.838 0.2857142985
88908  -30.507  9.470  -40.993 0.1428571492
90452  -28.493  11.661  -41.922 0.2857142985
55004  -19.400  -26.259  -22.669 0.2857142985
137033  -20.895  -25.962  -22.983 0.2857142985
55948  -22.225  -25.416  -22.663 0.1428571492
58763  -22.589  -22.850  -22.388 0.1428571492
145812  -25.521  -18.158  -25.773 0.2857142985
63852  -26.192  -17.934  -25.844 0.2857142985
66875  -29.223  -14.301  -27.244 0.4285714328
69541  -27.713  -11.981  -31.116 0.5714285970
67798  -27.364  -13.604  -30.681 0.4285714328
72337  -30.771  -8.383  -29.052 0.4285714328
127758  -29.507  -2.972  -31.307 0.7142857313
74357  -28.609  -6.698  -32.754 0.8571428657
78208  -28.870  -2.135  -32.314 0.8571428657
86204  -26.878  6.054  -37.364 0.5714285970
87120  -27.022  7.678  -37.511 0.7142857313
135957  -26.159  9.025  -39.136 0.5714285970
132423  -24.560  8.196  -40.989 0.2857142985
89675  -25.795  10.154  -40.072 0.2857142985
88907  -22.936  9.175  -41.977 0.2857142985
60805  -23.732  -20.406  -23.276 0.1428571492
74371  -28.370  -6.356  -33.601 0.5714285970
81771  -28.585  1.414  -33.556 0.8571428657
127414  -23.147  9.586  -40.362 0.2857142985
89673  -22.880  10.251  -40.913 0.2857142985
71369  -28.386  -9.252  -32.226 0.8571428657
91219  -22.531  11.850  -41.876 0.2857142985
91220  -23.243  12.948  -40.856 0.1428571492
91202  -23.404  11.917  -40.755 0.2857142985
90429  -23.589  11.287  -40.213 0.2857142985
91248  -21.837  11.245  -44.113 0.2857142985
90448  -21.856  11.095  -43.773 0.2857142985
128800  -27.266  11.740  -40.794 0.2857142985
90441  -25.511  11.341  -40.996 0.2857142985
136915  -25.195  12.670  -38.264 0.1428571492
137761  -25.631  10.799  -40.524 0.2857142985
140680  -27.125  11.402  -40.184 0.2857142985
89676  -26.580  10.346  -39.420 0.2857142985
89696  -23.065  9.620  -42.464 0.2857142985
89660  -28.328  10.357  -38.910 0.2857142985
90443  -28.931  11.093  -40.543 0.1428571492
89679  -29.440  10.502  -39.877 0.1428571492
89686  -24.677  10.585  -41.323 0.2857142985
88904  -30.526  9.421  -40.181 0.1428571492
88884  -30.144  9.315  -38.542 0.1428571492
89690  -30.128  10.050  -40.537 0.1428571492
145921  -28.019  11.373  -40.291 0.1428571492
87106  -30.710  7.619  -36.587 0.1428571492
88014  -27.793  8.217  -37.111 0.5714285970
88866  -28.845  9.304  -37.774 0.4285714328
88881  -27.282  9.627  -38.405 0.5714285970
86188  -31.817  6.681  -36.713 0.1428571492
85211  -31.197  5.566  -35.037 0.1428571492
88883  -29.361  9.617  -38.436 0.2857142985
126981  -30.425  8.703  -37.932 0.2857142985
88032  -29.180  8.743  -37.189 0.4285714328
149810  -29.133  7.650  -36.137 0.5714285970
145440  -28.416  7.440  -36.300 0.7142857313
84310  -30.377  4.725  -34.370 0.4285714328
85221  -30.015  5.917  -35.102 0.5714285970
83408  -30.687  3.567  -33.575 0.5714285970
84296  -30.141  4.010  -33.997 0.7142857313
84309  -29.532  4.442  -34.469 0.7142857313
136645  -29.376  5.667  -35.171 0.7142857313
81757  -30.593  1.623  -32.630 0.5714285970
80877  -31.104  0.236  -31.599 0.4285714328
81772  -29.215  1.842  -33.116 0.8571428657
74370  -27.817  -6.919  -34.291 0.5714285970
75344  -28.207  -5.097  -34.505 0.5714285970
76324  -27.914  -3.836  -35.169 0.4285714328
75343  -27.689  -5.583  -35.104 0.4285714328
80006  -29.147  -0.773  -32.201 0.8571428657
133558  -29.472  -0.106  -31.968 0.8571428657
79988  -30.669  -0.484  -31.341 0.4285714328
130582  -31.117  -1.022  -31.080 0.5714285970
81756  -29.821  1.351  -32.615 0.8571428657
70443  -27.716  -10.869  -32.212 0.7142857313
71388  -27.930  -9.777  -32.956 0.7142857313
70475  -26.857  -10.193  -33.613 0.4285714328
73415  -27.636  -7.855  -34.145 0.5714285970
71406  -26.857  -9.486  -33.892 0.4285714328
73402  -28.473  -7.562  -32.670 0.8571428657
77260  -30.084  -3.250  -30.756 0.5714285970
78192  -30.173  -2.344  -31.046 0.7142857313
67797  -26.865  -14.069  -31.156 0.5714285970
67813  -26.397  -13.624  -31.601 0.5714285970
74312  -30.669  -6.336  -29.503 0.4285714328
76249  -31.693  -4.633  -29.526 0.2857142985
69502  -30.738  -11.492  -27.553 0.4285714328
72338  -31.518  -8.427  -28.476 0.4285714328
67740  -29.919  -13.976  -26.857 0.2857142985
68650  -31.304  -12.101  -27.027 0.2857142985
66856  -29.660  -14.676  -26.683 0.2857142985
60807  -25.553  -20.275  -23.376 0.1428571492
64906  -30.090  -15.817  -26.031 0.2857142985
144810  -19.378  -27.732  -20.312 0.1428571492
54989  -21.321  -26.523  -21.294 0.1428571492
74313  -31.414  -6.286  -29.085 0.2857142985
91174  -25.645  12.158  -37.697 0.1428571492
90411  -25.396  11.272  -37.669 0.1428571492
83452  -26.985  3.264  -37.462 0.5714285970
136422  -27.312  1.869  -36.598 0.4285714328
82644  -26.977  2.321  -37.324 0.4285714328
83444  -27.542  3.725  -36.635 0.5714285970
81807  -27.182  1.033  -36.575 0.4285714328
130345  -27.457  2.892  -36.365 0.5714285970
80037  -27.493  -0.797  -35.532 0.4285714328
80930  -27.553  0.478  -35.896 0.4285714328
138021  -27.446  -0.221  -35.893 0.4285714328
82626  -27.697  2.225  -35.600 0.5714285970
78234  -28.040  -2.599  -34.653 0.5714285970
68633  -33.499  -12.767  -26.827 0.1428571492
69504  -32.944  -11.289  -27.143 0.1428571492
145308  -22.736  -19.042  -26.861 0.2857142985
68631  -31.834  -12.583  -26.644 0.1428571492
135836  -34.424  -13.899  -27.948 0.1428571492
67744  -33.429  -13.413  -26.657 0.1428571492
136207  -34.578  -13.408  -28.998 0.1428571492
67758  -34.017  -13.217  -27.159 0.1428571492
61860  -21.966  -19.852  -25.886 0.2857142985
65885  -31.892  -15.105  -25.860 0.1428571492
66860  -33.742  -14.685  -26.779 0.1428571492
66858  -31.874  -14.188  -26.220 0.1428571492
137552  -34.010  -13.992  -26.988 0.1428571492
65934  -33.843  -14.947  -29.761 0.1428571492
66876  -34.246  -14.705  -27.520 0.1428571492
123876  -35.515  -14.000  -31.648 0.1428571492
141436  -34.287  -14.326  -30.714 0.1428571492
147159  -34.830  -13.865  -31.617 0.1428571492
63856  -30.106  -17.814  -25.568 0.1428571492
145529  -31.382  -16.531  -25.580 0.1428571492
64891  -30.748  -16.200  -25.692 0.1428571492
146887  -30.047  -16.533  -25.839 0.1428571492
65898  -34.003  -15.458  -27.192 0.1428571492
65886  -32.895  -15.464  -26.023 0.1428571492
65914  -34.030  -15.489  -28.837 0.1428571492
65887  -33.461  -15.230  -26.522 0.1428571492
66922  -34.495  -14.818  -30.809 0.1428571492
66931  -35.880  -14.610  -31.209 0.1428571492
60833  -21.417  -20.580  -25.494 0.2857142985
59806  -20.932  -21.363  -25.086 0.2857142985
61864  -28.896  -18.726  -25.259 0.1428571492
62854  -30.248  -18.514  -25.414 0.1428571492
64892  -30.741  -17.147  -25.553 0.1428571492
139831  -31.859  -17.086  -25.521 0.1428571492
64922  -33.845  -16.320  -27.283 0.1428571492
64893  -32.116  -16.406  -25.640 0.1428571492
65913  -33.644  -16.085  -28.958 0.1428571492
65949  -33.875  -15.409  -30.502 0.1428571492
65933  -33.491  -15.921  -29.945 0.1428571492
67818  -36.661  -14.062  -31.416 0.1428571492
62838  -28.182  -18.903  -25.033 0.1428571492
61865  -29.606  -18.999  -25.244 0.1428571492
61850  -28.958  -19.391  -24.951 0.1428571492
62855  -31.320  -18.760  -25.377 0.1428571492
125909  -30.519  -19.332  -25.193 0.1428571492
63870  -33.532  -17.663  -27.022 0.1428571492
63858  -31.617  -17.856  -25.404 0.1428571492
63888  -33.646  -17.563  -28.024 0.1428571492
63860  -33.141  -17.657  -26.196 0.1428571492
64943  -33.649  -16.665  -28.334 0.1428571492
65950  -35.394  -15.137  -30.872 0.1428571492
64970  -33.615  -16.226  -30.697 0.1428571492
66923  -36.611  -14.770  -30.859 0.1428571492
142985  -36.062  -15.014  -30.936 0.1428571492
144160  -28.333  -19.710  -24.629 0.1428571492
60836  -31.232  -20.723  -25.174 0.1428571492
136868  -30.721  -20.098  -25.000 0.1428571492
61851  -29.825  -19.899  -24.825 0.1428571492
129218  -32.150  -19.247  -25.576 0.1428571492
135994  -33.179  -17.971  -28.639 0.1428571492
62883  -33.385  -18.404  -27.663 0.1428571492
63914  -32.689  -17.289  -30.233 0.1428571492
141906  -33.360  -16.878  -30.744 0.1428571492
63906  -33.070  -17.291  -29.210 0.1428571492
131221  -34.551  -15.864  -30.773 0.1428571492
64962  -33.138  -16.612  -29.661 0.1428571492
59807  -30.870  -21.516  -25.114 0.1428571492
60825  -30.407  -20.760  -24.817 0.1428571492
60824  -29.543  -20.799  -24.644 0.1428571492
60838  -32.425  -20.624  -26.321 0.1428571492
59808  -31.582  -21.371  -25.645 0.1428571492
61886  -32.931  -19.195  -28.059 0.1428571492
61878  -33.297  -19.244  -26.987 0.1428571492
138372  -34.184  -16.776  -30.756 0.1428571492
63913  -32.549  -18.150  -30.527 0.1428571492
61867  -32.375  -19.935  -25.853 0.1428571492
63857  -30.785  -18.013  -25.423 0.1428571492
62857  -32.946  -18.296  -25.913 0.1428571492
64908  -33.395  -16.829  -26.565 0.1428571492
67800  -37.526  -13.481  -30.867 0.1428571492
68632  -32.712  -12.804  -26.582 0.1428571492
68651  -33.936  -12.406  -27.240 0.1428571492
64972  -35.723  -15.971  -30.704 0.1428571492
66924  -37.398  -14.299  -30.542 0.1428571492
68712  -37.751  -12.638  -31.166 0.1428571492
79140  -27.488  -1.525  -35.196 0.4285714328
66930  -35.022  -14.439  -31.301 0.1428571492
67799  -34.335  -13.712  -30.797 0.1428571492
69505  -33.872  -11.457  -27.360 0.1428571492
84346  -26.713  3.868  -37.998 0.4285714328
135363  -26.593  5.418  -38.175 0.4285714328
90461  -28.698  11.786  -42.923 0.1428571492
84332  -27.317  4.309  -37.272 0.4285714328
91254  -28.095  12.227  -42.548 0.1428571492
64890  -29.537  -17.215  -25.770 0.1428571492
147516  -27.704  -19.351  -24.610 0.1428571492
62853  -29.351  -18.153  -25.507 0.1428571492
71310  -32.553  -9.326  -27.672 0.1428571492
71329  -32.494  -8.467  -27.989 0.1428571492
67743  -32.714  -13.727  -26.397 0.1428571492
69486  -33.245  -12.097  -26.927 0.1428571492
67759  -34.416  -12.919  -27.857 0.1428571492
66888  -34.503  -14.267  -29.067 0.1428571492
66877  -34.427  -14.784  -28.480 0.1428571492
136481  -33.387  -14.078  -26.562 0.1428571492
66904  -34.265  -14.136  -30.092 0.1428571492
68652  -34.383  -12.081  -27.832 0.1428571492
68679  -34.678  -12.614  -29.479 0.1428571492
67782  -34.497  -13.364  -30.066 0.1428571492
65872  -32.269  -15.799  -25.755 0.1428571492
66859  -32.905  -14.618  -26.231 0.1428571492
131833  -34.072  -14.731  -30.457 0.1428571492
65899  -34.309  -15.295  -27.955 0.1428571492
66929  -34.487  -14.113  -31.217 0.1428571492
65871  -31.520  -15.887  -25.665 0.1428571492
129806  -33.505  -15.927  -26.527 0.1428571492
64923  -34.060  -15.907  -28.040 0.1428571492
64907  -32.888  -16.227  -25.958 0.1428571492
64894  -32.685  -16.978  -25.874 0.1428571492
63859  -32.492  -17.719  -25.657 0.1428571492
135771  -33.669  -17.009  -27.413 0.1428571492
64969  -33.070  -16.708  -30.437 0.1428571492
60823  -28.969  -20.194  -24.678 0.1428571492
61866  -31.491  -19.831  -25.371 0.1428571492
62869  -33.300  -18.419  -26.563 0.1428571492
60837  -31.941  -20.644  -25.668 0.1428571492
62868  -32.935  -19.126  -26.039 0.1428571492
63905  -32.464  -18.051  -29.801 0.1428571492
63919  -33.606  -17.410  -30.786 0.1428571492
61877  -32.858  -19.948  -26.603 0.1428571492
54009  -17.432  -27.943  -21.778 0.1428571492
54986  -18.729  -26.832  -22.144 0.1428571492
55003  -17.488  -26.777  -22.792 0.1428571492
146051  -18.392  -26.274  -22.935 0.1428571492
55945  -19.138  -25.647  -23.393 0.1428571492
55963  -19.817  -25.159  -23.830 0.1428571492
137907  -20.260  -23.735  -24.322 0.1428571492
57834  -19.434  -23.575  -24.703 0.1428571492
145265  -20.022  -22.828  -24.761 0.1428571492
58791  -20.747  -22.117  -24.343 0.1428571492
59805  -20.155  -21.937  -25.114 0.1428571492
60831  -19.878  -20.907  -26.035 0.1428571492
60832  -20.646  -20.841  -25.879 0.1428571492
60844  -21.109  -20.256  -26.299 0.1428571492
61875  -21.473  -19.571  -26.887 0.2857142985
61876  -22.218  -19.396  -26.626 0.1428571492
63883  -23.638  -18.392  -28.157 0.2857142985
149077  -24.755  -16.002  -30.333 0.4285714328
65948  -26.353  -15.445  -30.481 0.4285714328
140384  -25.938  -15.097  -31.047 0.4285714328
78246  -27.174  -2.183  -35.448 0.2857142985
78233  -27.654  -2.222  -35.048 0.2857142985
81805  -25.928  0.885  -36.748 0.2857142985
147309  -26.671  2.077  -37.551 0.2857142985
82652  -26.382  2.597  -37.795 0.4285714328
62880  -22.191  -19.083  -27.386 0.2857142985
62881  -23.051  -18.754  -27.649 0.1428571492
125829  -18.938  -24.924  -24.042 0.1428571492
126600  -19.258  -22.941  -25.034 0.1428571492
59804  -19.570  -21.492  -25.441 0.1428571492
61859  -20.341  -20.351  -26.332 0.1428571492
61874  -20.659  -19.777  -26.691 0.1428571492
62892  -22.274  -18.600  -28.201 0.2857142985
62893  -23.065  -18.436  -28.410 0.2857142985
63902  -24.661  -17.493  -28.867 0.4285714328
75357  -27.266  -5.149  -35.594 0.2857142985
77306  -26.871  -3.817  -35.671 0.2857142985
78247  -27.789  -2.975  -35.231 0.2857142985
78245  -26.573  -2.546  -35.849 0.2857142985
80049  -27.073  -0.668  -36.036 0.2857142985
80942  -26.106  0.011  -36.800 0.2857142985
80061  -25.322  -0.500  -36.757 0.2857142985
128901  -26.886  1.653  -37.206 0.2857142985
76323  -27.342  -4.287  -35.462 0.2857142985
127551  -27.130  -3.049  -35.582 0.2857142985
76322  -26.757  -4.647  -35.898 0.2857142985
79152  -26.628  -1.710  -35.927 0.2857142985
79163  -25.394  -1.242  -36.627 0.2857142985
79153  -27.099  -1.312  -35.700 0.2857142985
79165  -26.745  -1.094  -36.103 0.2857142985
80062  -25.892  -0.702  -36.599 0.2857142985
80943  -26.941  0.118  -36.409 0.2857142985
77317  -26.004  -3.065  -36.194 0.2857142985
78255  -25.316  -2.729  -36.460 0.2857142985
79164  -26.205  -1.226  -36.362 0.2857142985
65930  -25.313  -16.389  -30.022 0.4285714328
80063  -26.507  -0.598  -36.413 0.2857142985
126685  -20.226  -21.365  -25.628 0.1428571492
148665  -18.162  -26.790  -22.594 0.1428571492
56877  -19.635  -24.404  -24.345 0.1428571492
62879  -21.524  -18.899  -27.571 0.2857142985
134469  -24.466  -16.529  -29.857 0.4285714328
81806  -26.569  0.941  -36.822 0.2857142985
63912  -24.106  -17.213  -29.372 0.4285714328
128464  -25.157  -1.955  -36.586 0.2857142985
66928  -25.069  -14.029  -31.595 0.2857142985
126458  -25.262  -14.876  -31.213 0.2857142985
92795  -24.525  14.747  -45.304 0.1428571492
92806  -25.340  14.565  -45.914 0.1428571492
92046  -25.003  14.307  -43.973 0.1428571492
144685  -26.423  12.950  -42.668 0.1428571492
91253  -27.278  12.571  -42.378 0.1428571492
93585  -23.820  15.636  -46.209 0.1428571492
92032  -25.768  13.472  -43.340 0.1428571492
91249  -22.030  11.805  -44.294 0.1428571492
92764  -22.717  16.070  -42.651 0.1428571492
123728  -25.675  -13.507  -31.855 0.2857142985
91265  -27.676  12.609  -43.154 0.1428571492
92796  -26.094  14.322  -44.883 0.1428571492
91237  -27.256  12.198  -41.493 0.1428571492
92047  -26.046  13.850  -43.959 0.1428571492
91264  -26.861  13.153  -43.284 0.1428571492
91221  -25.848  12.018  -41.267 0.1428571492
91250  -22.681  12.195  -44.231 0.1428571492
91236  -26.371  12.489  -41.918 0.1428571492
92045  -23.996  14.739  -43.965 0.1428571492
92773  -22.966  15.807  -43.276 0.1428571492
129158  -23.503  12.760  -43.366 0.1428571492
92008  -23.155  13.985  -41.544 0.1428571492
124412  -22.602  13.132  -43.626 0.1428571492
91252  -25.450  13.202  -42.631 0.1428571492
91251  -24.109  13.040  -43.237 0.1428571492
65947  -25.496  -15.677  -30.634 0.2857142985
92058  -25.178  14.416  -44.451 0.1428571492
92794  -23.670  15.674  -45.813 0.1428571492
92031  -24.577  13.838  -43.683 0.1428571492
93574  -23.624  16.435  -45.148 0.1428571492
92030  -23.494  13.700  -44.069 0.1428571492
92048  -26.920  13.500  -44.204 0.1428571492
76330  -25.220  -4.549  -36.447 0.1428571492
76331  -26.246  -4.045  -36.226 0.1428571492
149293  -26.552  -3.300  -35.868 0.1428571492
79162  -24.592  -1.506  -36.681 0.1428571492
79160  -23.302  -0.927  -36.182 0.1428571492
80059  -23.568  -0.281  -36.616 0.1428571492
75356  -26.686  -5.509  -36.000 0.1428571492
132441  -24.764  -0.873  -36.792 0.1428571492
80938  -23.186  0.223  -36.412 0.1428571492
81803  -24.165  0.942  -36.449 0.1428571492
82641  -24.730  1.707  -36.535 0.2857142985
70459  -26.005  -10.912  -33.370 0.1428571492
73440  -26.014  -7.280  -35.587 0.1428571492
73441  -26.508  -7.062  -35.709 0.1428571492
75355  -26.156  -5.753  -36.284 0.1428571492
79074  -32.163  -1.847  -30.804 0.1428571492
77316  -25.457  -3.751  -36.481 0.1428571492
80941  -25.284  0.132  -36.829 0.1428571492
131694  -25.594  1.688  -37.054 0.1428571492
83443  -25.514  3.100  -37.804 0.2857142985
137430  -24.736  5.539  -36.537 0.2857142985
87103  -24.644  6.973  -37.424 0.2857142985
89658  -24.758  10.650  -38.068 0.1428571492
87993  -25.331  8.561  -34.416 0.1428571492
83451  -26.337  3.349  -38.096 0.2857142985
82642  -25.250  2.438  -37.134 0.2857142985
84345  -26.103  4.070  -38.408 0.2857142985
86211  -26.206  5.711  -39.008 0.2857142985
84360  -25.307  4.765  -38.473 0.2857142985
85229  -24.847  4.724  -36.837 0.2857142985
85269  -25.061  5.892  -39.675 0.2857142985
85247  -24.858  5.213  -37.685 0.2857142985
86210  -24.587  6.252  -39.501 0.2857142985
131459  -24.360  7.900  -37.345 0.1428571492
86175  -24.687  6.269  -35.819 0.2857142985
89638  -25.827  10.097  -36.568 0.1428571492
89631  -26.328  10.458  -35.661 0.1428571492
85219  -24.418  5.255  -35.612 0.1428571492
84321  -24.092  4.421  -35.414 0.1428571492
82640  -23.668  1.844  -35.948 0.2857142985
149177  -24.496  7.700  -36.600 0.1428571492
133906  -24.733  7.041  -36.208 0.2857142985
130667  -24.665  8.015  -35.142 0.1428571492
128539  -24.541  7.826  -35.819 0.1428571492
81791  -22.330  1.060  -35.795 0.2857142985
86158  -24.080  6.892  -34.322 0.1428571492
87990  -25.016  8.644  -33.552 0.1428571492
87084  -24.045  7.705  -34.235 0.1428571492
80897  -20.399  0.012  -34.004 0.1428571492
79092  -32.651  -1.400  -31.253 0.1428571492
149776  -32.349  -4.295  -29.589 0.1428571492
73429  -26.457  -7.776  -35.361 0.1428571492
127333  -25.615  -5.762  -36.187 0.1428571492
77305  -23.988  -3.709  -36.330 0.1428571492
78244  -23.451  -2.933  -36.049 0.1428571492
78254  -24.583  -2.361  -36.556 0.1428571492
143581  -22.760  -1.640  -35.835 0.1428571492
80060  -24.634  -0.367  -36.863 0.1428571492
80929  -21.976  0.750  -35.663 0.1428571492
80940  -24.483  0.179  -36.829 0.1428571492
81792  -22.637  1.647  -35.537 0.2857142985
83442  -24.964  3.287  -36.744 0.1428571492
84331  -25.143  3.899  -37.291 0.2857142985
84330  -24.667  4.198  -36.219 0.1428571492
85230  -25.172  4.437  -37.795 0.1428571492
87083  -23.301  7.190  -33.555 0.1428571492
86165  -24.303  6.238  -34.887 0.2857142985
87087  -24.580  7.229  -35.067 0.1428571492
87992  -24.482  7.923  -34.645 0.1428571492
88012  -24.494  8.166  -36.524 0.1428571492
126914  -24.034  8.438  -33.248 0.1428571492
88001  -25.319  8.400  -35.100 0.1428571492
78177  -32.545  -2.473  -30.556 0.1428571492
79075  -32.853  -2.002  -30.973 0.1428571492
85263  -25.637  5.443  -39.216 0.2857142985
85268  -24.799  5.920  -39.518 0.2857142985
88000  -24.788  8.249  -35.776 0.1428571492
86203  -24.638  5.953  -37.986 0.2857142985
146528  -24.881  8.193  -34.683 0.1428571492
85249  -26.687  4.570  -38.082 0.2857142985
72429  -26.198  -8.509  -34.698 0.1428571492
146262  -25.747  -9.062  -34.246 0.1428571492
85248  -26.146  4.926  -38.693 0.2857142985
74398  -27.173  -6.033  -35.664 0.1428571492
76250  -32.528  -4.903  -29.386 0.1428571492
82643  -26.320  1.793  -37.362 0.1428571492
82651  -25.843  2.483  -37.710 0.1428571492
75366  -25.731  -5.162  -36.400 0.1428571492
77315  -24.676  -3.243  -36.480 0.1428571492
79161  -23.705  -1.943  -36.399 0.1428571492
76321  -24.485  -4.520  -36.254 0.1428571492
75354  -25.056  -5.228  -36.183 0.1428571492
129725  -24.083  -0.853  -36.811 0.1428571492
134005  -24.099  -0.244  -36.918 0.1428571492
74397  -26.587  -6.317  -35.932 0.1428571492
81802  -23.215  0.902  -36.076 0.1428571492
80939  -23.786  0.244  -36.679 0.1428571492
81804  -25.097  0.882  -36.572 0.1428571492
74396  -25.905  -6.500  -35.937 0.1428571492
83441  -24.427  2.586  -36.316 0.2857142985
83450  -25.916  3.189  -38.161 0.2857142985
127702  -24.787  6.178  -36.901 0.2857142985
85261  -24.746  5.521  -38.879 0.2857142985
147445  -25.678  4.394  -38.443 0.2857142985
84361  -25.688  4.824  -38.706 0.2857142985
85262  -25.167  5.351  -39.136 0.2857142985
90403  -26.197  11.056  -36.303 0.1428571492
87989  -24.396  8.302  -34.108 0.1428571492
62878  -20.855  -18.389  -27.430 0.1428571492
63900  -22.704  -18.004  -28.766 0.1428571492
64918  -20.796  -16.879  -28.008 0.1428571492
64938  -21.287  -16.338  -28.547 0.1428571492
64956  -21.908  -16.158  -29.055 0.1428571492
63899  -22.155  -17.057  -28.866 0.1428571492
65928  -22.128  -15.436  -29.531 0.1428571492
63901  -23.679  -17.952  -28.792 0.1428571492
65944  -22.808  -14.793  -30.197 0.1428571492
123744  -23.121  -15.674  -29.828 0.1428571492
65929  -23.984  -15.926  -30.190 0.1428571492
65946  -24.466  -15.268  -30.697 0.1428571492
66918  -24.415  -14.375  -31.189 0.1428571492
68706  -25.445  -12.823  -32.273 0.1428571492
68719  -25.933  -12.162  -32.584 0.1428571492
63881  -20.427  -17.367  -27.221 0.1428571492
142473  -21.491  -17.238  -28.424 0.1428571492
69575  -26.303  -11.428  -32.932 0.1428571492
133224  -21.328  -17.939  -27.960 0.1428571492
64939  -23.139  -17.210  -29.138 0.1428571492
63882  -21.966  -17.907  -28.604 0.1428571492
64937  -20.579  -15.911  -27.950 0.1428571492
64957  -22.654  -16.353  -29.340 0.1428571492
64958  -23.591  -16.521  -29.634 0.1428571492
65945  -23.592  -15.221  -30.314 0.1428571492
66885  -21.417  -14.934  -29.317 0.1428571492
62864  -20.259  -18.281  -26.820 0.1428571492
54026  -17.823  -27.223  -22.297 0.1428571492
54965  -21.429  -26.853  -20.449 0.1428571492
55947  -21.477  -25.505  -23.026 0.4285714328
62856  -32.326  -18.505  -25.572 0.1428571492
62894  -32.731  -18.592  -28.822 0.1428571492
63869  -27.131  -17.399  -26.661 0.2857142985
70474  -26.341  -10.455  -33.581 0.2857142985
71411  -26.289  -9.272  -34.107 0.1428571492
73442  -27.031  -6.889  -35.578 0.2857142985
75367  -26.244  -4.979  -36.323 0.1428571492
76312  -27.834  -4.692  -35.136 0.2857142985
77307  -27.454  -3.576  -35.421 0.2857142985
77314  -24.060  -2.851  -36.406 0.1428571492
78256  -25.910  -2.055  -36.311 0.2857142985
79990  -32.345  -0.651  -31.496 0.4285714328
80058  -22.849  -0.162  -36.256 0.1428571492
80937  -22.658  0.494  -35.991 0.1428571492
81793  -27.601  1.355  -35.806 0.5714285970
82613  -29.533  2.642  -33.325 0.8571428657
82614  -30.400  2.866  -33.207 0.5714285970
82615  -31.203  3.008  -33.354 0.2857142985
84344  -25.604  3.949  -38.155 0.2857142985
85223  -31.537  6.028  -35.608 0.1428571492
86178  -30.225  6.577  -35.500 0.4285714328
86179  -30.954  6.684  -35.700 0.1428571492
86187  -27.851  6.818  -36.338 0.7142857313
87107  -31.414  7.182  -36.676 0.1428571492
87135  -23.305  7.521  -40.932 0.5714285970
87136  -23.777  7.254  -40.507 0.5714285970
88013  -25.071  8.664  -36.501 0.1428571492
88017  -30.179  8.162  -36.687 0.2857142985
88031  -28.333  8.766  -37.360 0.5714285970
88046  -27.165  9.087  -37.993 0.7142857313
88840  -26.060  9.691  -34.298 0.1428571492
88894  -23.524  9.600  -39.590 0.2857142985
89678  -28.742  10.622  -39.401 0.1428571492
89684  -22.363  10.625  -42.902 0.2857142985
89688  -28.686  10.979  -39.876 0.2857142985
89694  -22.088  10.553  -43.983 0.2857142985
89702  -21.984  10.819  -44.438 0.2857142985
89703  -22.084  10.716  -44.339 0.2857142985
89704  -22.542  10.518  -43.484 0.2857142985
90458  -21.840  10.947  -44.265 0.2857142985
91222  -26.701  12.048  -41.175 0.2857142985
91263  -21.889  11.111  -44.428 0.2857142985
93575  -23.410  17.041  -44.819 0.1428571492
127184  -23.894  8.422  -38.852 0.4285714328
128952  -29.977  8.630  -37.144 0.2857142985
135966  -24.740  -3.987  -36.513 0.1428571492
137735  -29.305  -7.170  -31.224 0.8571428657
138476  -25.484  7.507  -39.961 0.7142857313
140077  -27.925  9.920  -38.514 0.2857142985
141817  -30.134  9.901  -39.823 0.1428571492
144692  -25.812  -4.530  -36.447 0.1428571492
