#!ascii label  , from subject chris_t1_1 vox2ras=TkReg
1121
57648  31.917  -22.185  43.168 0.0000000000
76433  38.934  -3.738  20.673 0.0000000000
64604  30.773  -16.967  29.575 0.0000000000
54804  9.233  -25.256  48.056 0.0000000000
55907  23.711  -23.480  41.881 0.0000000000
68633  31.560  -12.010  25.648 0.0000000000
56752  15.374  -23.086  42.214 0.0000000000
126803  14.468  -27.521  46.619 0.0000000000
54902  19.952  -25.939  41.548 0.0000000000
74474  43.223  -5.915  20.695 0.0000000000
60468  25.002  -19.551  45.402 0.0000000000
62415  28.000  -18.440  41.290 0.0000000000
125472  30.457  -19.048  44.074 0.0000000000
78363  43.287  -1.383  18.579 0.0000000000
75533  46.613  -4.317  16.698 0.0000000000
129574  35.591  -2.924  22.869 0.0000000000
71493  39.389  -8.658  23.231 0.0000000000
68661  35.389  -11.012  23.320 0.0000000000
65583  35.946  -15.462  27.946 0.0000000000
54886  29.698  -25.598  42.098 0.0000000000
52694  9.366  -28.168  52.292 0.0000000000
53700  4.939  -27.280  54.022 0.0000000000
54645  3.628  -25.115  57.042 0.0000000000
56744  28.474  -23.728  41.972 0.0000000000
53876  24.834  -27.099  41.816 0.0000000000
62504  27.408  -17.606  34.490 0.0000000000
61418  32.478  -18.964  37.766 0.0000000000
79360  48.896  -0.057  14.052 0.0000000000
75487  41.085  -5.242  20.399 0.0000000000
75459  41.093  -5.848  22.550 0.0000000000
59518  29.072  -20.910  46.279 0.0000000000
61353  28.109  -19.880  44.568 0.0000000000
58599  31.161  -20.648  44.561 0.0000000000
126184  39.446  -0.888  20.776 0.0000000000
79313  42.611  0.405  20.463 0.0000000000
77422  41.487  -2.556  19.184 0.0000000000
76462  43.150  -3.504  18.563 0.0000000000
52597  3.757  -27.696  58.964 0.0000000000
72480  34.746  -7.361  22.702 0.0000000000
72444  33.712  -7.617  24.639 0.0000000000
64656  31.090  -15.101  27.147 0.0000000000
65628  33.432  -14.573  25.318 0.0000000000
63592  33.603  -16.913  28.328 0.0000000000
132635  33.962  -17.384  31.870 0.0000000000
53814  11.598  -26.408  47.298 0.0000000000
52759  13.903  -28.170  48.915 0.0000000000
53785  11.307  -27.071  48.959 0.0000000000
53745  11.456  -27.693  52.162 0.0000000000
53765  8.735  -26.948  49.697 0.0000000000
54712  6.164  -25.038  52.795 0.0000000000
54669  4.304  -25.904  55.320 0.0000000000
55921  25.496  -23.873  41.345 0.0000000000
54927  26.980  -24.894  39.628 0.0000000000
54930  24.287  -24.986  39.491 0.0000000000
54880  19.038  -26.109  43.304 0.0000000000
53850  21.077  -27.224  44.203 0.0000000000
134954  30.009  -17.065  42.491 0.0000000000
61399  29.901  -18.883  39.216 0.0000000000
70552  33.435  -9.654  26.151 0.0000000000
67586  30.842  -11.901  28.014 0.0000000000
65573  28.546  -14.029  28.722 0.0000000000
124868  16.705  -26.043  43.061 0.0000000000
53825  16.846  -26.829  45.996 0.0000000000
54871  14.500  -25.428  44.292 0.0000000000
55861  12.220  -23.688  45.304 0.0000000000
56682  10.593  -22.790  47.210 0.0000000000
56796  21.698  -23.720  39.763 0.0000000000
57683  19.983  -22.149  40.582 0.0000000000
55927  17.672  -24.235  41.227 0.0000000000
63437  24.450  -16.141  43.066 0.0000000000
142321  25.391  -17.662  39.542 0.0000000000
61387  25.363  -18.813  42.677 0.0000000000
62385  29.466  -18.516  43.358 0.0000000000
78390  46.263  -1.323  16.267 0.0000000000
77444  44.699  -2.404  17.120 0.0000000000
75506  45.264  -5.297  18.251 0.0000000000
76435  37.000  -2.808  21.647 0.0000000000
74444  38.459  -5.856  21.723 0.0000000000
73480  36.731  -6.066  21.852 0.0000000000
70589  37.443  -9.732  23.098 0.0000000000
67621  38.183  -12.027  24.918 0.0000000000
68645  33.324  -11.874  24.275 0.0000000000
66611  35.704  -13.497  25.425 0.0000000000
56788  31.854  -22.975  40.651 0.0000000000
142602  33.578  -22.312  41.869 0.0000000000
78328  38.307  -0.557  23.308 0.0000000000
55770  7.639  -24.539  50.073 0.0000000000
54741  6.568  -25.627  51.157 0.0000000000
52684  7.097  -28.570  53.282 0.0000000000
52659  7.271  -28.669  55.397 0.0000000000
51655  5.514  -28.907  55.889 0.0000000000
52646  3.591  -27.984  56.326 0.0000000000
53667  1.992  -26.912  57.407 0.0000000000
129944  0.999  -25.811  57.831 0.0000000000
56742  30.387  -23.334  42.634 0.0000000000
55939  29.508  -24.111  40.190 0.0000000000
53873  27.521  -26.701  42.300 0.0000000000
53891  22.257  -26.707  40.842 0.0000000000
62545  29.064  -17.706  31.442 0.0000000000
61421  27.689  -19.335  37.595 0.0000000000
60534  30.154  -19.914  35.429 0.0000000000
62515  31.842  -18.488  33.247 0.0000000000
59560  34.344  -20.593  43.311 0.0000000000
78420  51.438  -1.117  13.608 0.0000000000
141713  48.211  -2.236  15.063 0.0000000000
77463  50.593  -2.740  15.031 0.0000000000
75488  40.333  -4.596  20.024 0.0000000000
75473  41.166  -5.695  21.782 0.0000000000
136751  40.108  -5.309  20.761 0.0000000000
58587  30.599  -21.738  45.984 0.0000000000
138410  30.027  -21.170  45.970 0.0000000000
57637  32.107  -21.469  43.819 0.0000000000
77415  39.114  -2.355  20.388 0.0000000000
78354  40.145  -1.168  20.064 0.0000000000
77414  39.945  -2.437  19.897 0.0000000000
76455  41.438  -3.459  19.214 0.0000000000
52614  1.861  -27.693  58.596 0.0000000000
73443  34.277  -6.125  25.067 0.0000000000
72443  34.368  -6.782  25.510 0.0000000000
64641  30.948  -16.139  28.463 0.0000000000
64655  31.988  -15.992  27.185 0.0000000000
129501  31.736  -16.985  28.933 0.0000000000
64601  33.704  -17.157  30.138 0.0000000000
64589  32.647  -17.864  30.575 0.0000000000
54802  10.753  -26.030  47.599 0.0000000000
53799  11.412  -26.815  48.180 0.0000000000
53800  10.455  -26.548  48.406 0.0000000000
53764  9.750  -27.048  49.626 0.0000000000
147506  8.910  -26.407  48.911 0.0000000000
141515  24.857  -23.936  41.591 0.0000000000
55941  25.263  -24.225  39.915 0.0000000000
55923  23.716  -23.750  40.543 0.0000000000
54851  18.803  -25.994  45.099 0.0000000000
126692  27.331  -16.048  37.997 0.0000000000
63447  31.318  -16.944  41.844 0.0000000000
67587  29.589  -12.632  28.240 0.0000000000
133792  28.752  -12.451  29.356 0.0000000000
131642  15.588  -24.309  42.538 0.0000000000
54870  15.244  -25.765  43.798 0.0000000000
55894  15.114  -24.691  43.248 0.0000000000
56705  12.725  -23.051  44.841 0.0000000000
56706  12.148  -22.602  45.416 0.0000000000
134693  11.217  -23.740  46.075 0.0000000000
56749  21.266  -21.971  41.836 0.0000000000
58660  16.383  -21.481  41.518 0.0000000000
146264  17.483  -21.675  41.114 0.0000000000
56773  16.513  -23.089  41.289 0.0000000000
55910  17.253  -24.963  41.777 0.0000000000
62396  24.282  -17.476  43.115 0.0000000000
61365  25.052  -19.175  44.023 0.0000000000
60451  29.513  -20.216  44.816 0.0000000000
61362  29.009  -19.290  43.829 0.0000000000
62378  29.447  -18.966  43.769 0.0000000000
63408  30.273  -17.473  43.553 0.0000000000
124668  31.200  -17.831  44.290 0.0000000000
140273  43.058  0.285  19.779 0.0000000000
77430  45.061  -1.032  17.291 0.0000000000
77431  44.121  -2.424  17.749 0.0000000000
124391  43.071  -5.173  19.367 0.0000000000
75508  43.839  -4.383  18.451 0.0000000000
74483  44.567  -5.958  19.697 0.0000000000
77373  36.242  -2.748  22.241 0.0000000000
75476  37.043  -4.379  21.451 0.0000000000
74446  35.946  -5.365  21.989 0.0000000000
71496  35.109  -8.985  22.862 0.0000000000
71508  36.427  -8.277  22.471 0.0000000000
69657  36.890  -10.404  23.308 0.0000000000
68658  38.221  -10.911  24.023 0.0000000000
68642  36.800  -11.668  24.146 0.0000000000
69626  32.590  -10.714  25.454 0.0000000000
69640  32.897  -10.570  24.893 0.0000000000
68646  32.696  -12.086  24.654 0.0000000000
65598  34.707  -15.786  26.900 0.0000000000
65627  34.466  -14.608  25.648 0.0000000000
65611  35.971  -14.238  26.546 0.0000000000
66597  36.718  -13.655  26.450 0.0000000000
55919  30.768  -24.420  40.850 0.0000000000
55917  32.246  -24.040  41.375 0.0000000000
77358  36.360  -2.051  24.328 0.0000000000
77372  36.886  -1.540  23.525 0.0000000000
78337  37.613  -1.493  22.014 0.0000000000
53839  15.211  -27.356  46.026 0.0000000000
122806  15.408  -27.590  46.970 0.0000000000
52693  10.220  -28.031  52.284 0.0000000000
53728  11.056  -27.686  52.767 0.0000000000
52681  10.235  -28.024  53.081 0.0000000000
52682  9.289  -28.186  53.221 0.0000000000
55751  7.545  -23.946  51.061 0.0000000000
54740  7.058  -25.061  50.616 0.0000000000
55752  6.836  -24.620  51.510 0.0000000000
53699  5.254  -26.565  53.479 0.0000000000
53730  5.862  -26.324  52.280 0.0000000000
52685  6.058  -28.141  53.049 0.0000000000
52674  7.235  -28.782  54.387 0.0000000000
128792  6.384  -28.903  54.734 0.0000000000
52660  6.422  -28.873  55.722 0.0000000000
52676  5.380  -28.507  54.299 0.0000000000
54658  3.956  -25.485  56.065 0.0000000000
52663  3.767  -27.622  55.734 0.0000000000
54659  3.211  -26.218  56.326 0.0000000000
53666  2.568  -26.845  56.743 0.0000000000
54646  2.259  -26.069  57.303 0.0000000000
55884  29.109  -24.300  43.845 0.0000000000
56716  29.972  -24.120  44.084 0.0000000000
126739  29.218  -23.724  42.213 0.0000000000
57698  29.787  -23.420  40.649 0.0000000000
133701  28.914  -23.627  40.561 0.0000000000
53905  25.960  -26.105  40.380 0.0000000000
54900  26.828  -25.975  40.579 0.0000000000
53887  26.332  -26.628  41.199 0.0000000000
55945  21.034  -24.501  39.837 0.0000000000
54917  21.626  -25.315  39.883 0.0000000000
141613  20.949  -26.293  41.017 0.0000000000
53849  21.976  -27.587  44.210 0.0000000000
73467  38.943  -6.896  22.665 0.0000000000
73466  39.826  -6.638  22.829 0.0000000000
72451  40.600  -7.563  23.513 0.0000000000
64565  27.717  -15.658  33.287 0.0000000000
63551  27.586  -16.217  31.874 0.0000000000
61478  27.905  -17.912  32.857 0.0000000000
62428  25.941  -18.498  39.756 0.0000000000
61411  26.397  -18.307  38.450 0.0000000000
61401  27.390  -18.879  39.520 0.0000000000
61406  31.730  -18.807  38.537 0.0000000000
60511  30.206  -19.750  37.188 0.0000000000
61432  31.715  -19.435  36.406 0.0000000000
61454  31.217  -19.081  34.454 0.0000000000
61442  32.564  -18.408  35.190 0.0000000000
62489  33.346  -17.624  34.846 0.0000000000
58631  34.040  -21.034  42.835 0.0000000000
78422  49.697  -0.487  13.738 0.0000000000
76484  46.317  -3.211  16.293 0.0000000000
136467  46.806  -1.640  15.729 0.0000000000
77452  47.124  -2.773  15.774 0.0000000000
76482  49.299  -3.737  15.728 0.0000000000
76496  50.860  -3.587  15.495 0.0000000000
58636  15.250  -21.600  42.798 0.0000000000
56735  14.349  -22.778  43.319 0.0000000000
75486  42.184  -5.588  20.419 0.0000000000
75471  43.529  -5.467  22.447 0.0000000000
74459  41.800  -5.705  21.342 0.0000000000
60454  26.956  -20.910  46.027 0.0000000000
60466  27.113  -20.412  45.271 0.0000000000
60453  28.747  -20.575  45.752 0.0000000000
127576  31.547  -19.504  44.065 0.0000000000
125832  41.991  0.711  22.013 0.0000000000
78342  40.805  -0.342  20.544 0.0000000000
78364  41.684  -1.361  19.342 0.0000000000
126652  42.560  -1.360  18.993 0.0000000000
77432  43.519  -2.424  18.230 0.0000000000
76454  42.222  -3.218  19.001 0.0000000000
123644  41.855  -4.187  19.275 0.0000000000
52612  4.296  -27.946  58.158 0.0000000000
75430  34.824  -3.914  24.407 0.0000000000
74433  34.575  -5.096  23.025 0.0000000000
74434  34.228  -5.600  23.630 0.0000000000
72467  34.214  -7.591  23.320 0.0000000000
70592  34.450  -9.447  23.321 0.0000000000
66599  30.890  -13.471  26.426 0.0000000000
136299  32.215  -13.376  25.070 0.0000000000
65615  32.082  -14.878  25.944 0.0000000000
133979  32.855  -16.369  26.940 0.0000000000
64638  34.640  -16.752  28.285 0.0000000000
148432  34.473  -16.844  30.046 0.0000000000
125985  34.369  -17.161  31.883 0.0000000000
53858  28.621  -26.688  43.355 0.0000000000
53813  12.651  -26.795  47.039 0.0000000000
53812  13.702  -27.640  47.211 0.0000000000
53798  12.300  -27.223  47.955 0.0000000000
52746  12.650  -27.967  49.536 0.0000000000
52726  12.395  -27.975  50.343 0.0000000000
138296  10.360  -27.968  51.018 0.0000000000
52730  8.617  -27.592  50.515 0.0000000000
55734  6.700  -24.370  52.385 0.0000000000
54689  5.564  -25.303  53.893 0.0000000000
54690  5.043  -25.850  54.164 0.0000000000
53689  4.574  -26.490  54.618 0.0000000000
127870  4.844  -25.289  54.893 0.0000000000
54657  4.684  -24.882  55.749 0.0000000000
55645  4.042  -24.089  57.580 0.0000000000
56765  27.108  -23.404  41.025 0.0000000000
56793  27.411  -23.584  40.231 0.0000000000
55959  26.277  -23.943  39.877 0.0000000000
54929  25.170  -24.788  39.568 0.0000000000
53907  24.309  -26.240  40.158 0.0000000000
54889  19.425  -26.133  42.422 0.0000000000
54888  20.186  -26.566  42.552 0.0000000000
54879  19.739  -26.534  43.593 0.0000000000
69654  40.018  -9.974  23.699 0.0000000000
62490  27.383  -17.342  35.336 0.0000000000
62414  29.200  -17.902  41.537 0.0000000000
61400  28.516  -18.673  39.998 0.0000000000
62425  30.338  -17.863  40.504 0.0000000000
62424  31.191  -17.911  40.192 0.0000000000
79361  48.435  0.279  14.757 0.0000000000
123530  1.276  -27.737  58.185 0.0000000000
69613  33.490  -10.046  26.752 0.0000000000
132441  32.547  -10.560  26.791 0.0000000000
68607  31.221  -11.764  26.663 0.0000000000
66600  30.336  -13.259  27.152 0.0000000000
65585  29.832  -14.606  28.201 0.0000000000
64625  29.281  -15.598  29.053 0.0000000000
54852  17.655  -26.277  44.765 0.0000000000
122334  17.638  -26.303  45.789 0.0000000000
54853  16.750  -26.697  44.801 0.0000000000
54854  15.034  -26.431  44.581 0.0000000000
54855  14.331  -26.017  44.977 0.0000000000
56720  13.940  -23.165  43.957 0.0000000000
55859  13.892  -24.803  44.778 0.0000000000
54834  13.291  -25.980  45.848 0.0000000000
54835  11.930  -25.188  45.982 0.0000000000
55824  10.607  -24.673  46.706 0.0000000000
55806  9.502  -24.498  47.633 0.0000000000
55924  23.004  -23.495  40.484 0.0000000000
138951  21.812  -22.558  41.322 0.0000000000
131242  20.876  -23.361  39.847 0.0000000000
55946  19.418  -24.150  40.330 0.0000000000
58649  18.804  -21.254  41.436 0.0000000000
139677  18.579  -22.554  40.623 0.0000000000
55926  18.588  -24.225  40.973 0.0000000000
54890  18.122  -25.327  41.745 0.0000000000
54868  17.702  -26.194  43.669 0.0000000000
64460  25.498  -15.023  40.957 0.0000000000
63475  26.057  -15.778  39.227 0.0000000000
63461  25.065  -16.020  40.550 0.0000000000
62417  25.172  -18.480  41.386 0.0000000000
62416  26.628  -18.834  41.435 0.0000000000
61364  26.320  -19.616  43.929 0.0000000000
62393  27.993  -19.128  42.801 0.0000000000
62401  28.257  -18.574  41.953 0.0000000000
63435  29.883  -17.397  42.815 0.0000000000
123510  30.593  -16.841  43.564 0.0000000000
78374  45.931  -0.389  17.636 0.0000000000
77443  45.261  -1.905  16.722 0.0000000000
76473  45.817  -3.930  16.874 0.0000000000
76461  43.938  -3.384  18.061 0.0000000000
75524  44.586  -4.279  17.893 0.0000000000
76434  38.147  -3.089  20.995 0.0000000000
74460  38.644  -5.252  21.217 0.0000000000
134155  37.865  -4.519  21.227 0.0000000000
122998  37.601  -5.890  21.791 0.0000000000
72476  38.028  -7.230  22.490 0.0000000000
138353  35.860  -7.011  22.219 0.0000000000
71507  37.338  -8.441  22.601 0.0000000000
125291  38.714  -9.138  23.133 0.0000000000
69639  39.083  -10.824  24.097 0.0000000000
68631  39.010  -11.791  25.103 0.0000000000
71477  33.666  -8.394  25.249 0.0000000000
146740  33.551  -9.511  24.188 0.0000000000
68662  34.473  -11.216  23.535 0.0000000000
66622  33.572  -13.191  24.527 0.0000000000
145788  34.816  -12.776  24.346 0.0000000000
67631  35.509  -12.569  24.357 0.0000000000
67622  36.875  -12.717  25.226 0.0000000000
57663  31.536  -22.244  41.905 0.0000000000
58648  32.272  -21.733  42.208 0.0000000000
57679  32.489  -22.580  41.147 0.0000000000
56741  32.981  -23.625  41.713 0.0000000000
78335  38.965  -0.288  22.578 0.0000000000
78345  38.164  -1.486  21.410 0.0000000000
56672  9.244  -23.745  48.273 0.0000000000
136267  8.837  -23.402  49.496 0.0000000000
55789  8.595  -24.161  48.805 0.0000000000
53788  8.003  -26.096  49.133 0.0000000000
53766  7.812  -26.733  49.936 0.0000000000
53746  7.659  -27.382  50.742 0.0000000000
54724  6.330  -25.311  51.945 0.0000000000
53729  6.512  -27.355  51.763 0.0000000000
52695  8.368  -28.320  52.330 0.0000000000
52683  8.300  -28.404  53.288 0.0000000000
52658  8.165  -28.185  55.166 0.0000000000
52644  5.139  -28.719  56.607 0.0000000000
52662  4.273  -28.146  55.358 0.0000000000
144953  4.050  -28.293  55.939 0.0000000000
52627  4.721  -28.355  57.277 0.0000000000
52629  3.019  -27.939  57.772 0.0000000000
52630  2.099  -27.572  57.856 0.0000000000
143130  1.333  -27.102  57.740 0.0000000000
54620  1.975  -24.790  58.184 0.0000000000
54621  1.257  -26.069  57.792 0.0000000000
53644  1.042  -26.870  57.689 0.0000000000
57624  31.320  -22.520  45.248 0.0000000000
56714  31.296  -23.074  44.925 0.0000000000
57649  31.166  -22.953  42.849 0.0000000000
57681  31.012  -22.716  41.156 0.0000000000
55938  30.510  -24.026  40.396 0.0000000000
54897  29.486  -25.286  41.103 0.0000000000
55956  28.150  -24.422  39.894 0.0000000000
54898  28.636  -25.573  40.867 0.0000000000
54887  28.879  -25.796  41.889 0.0000000000
55961  22.724  -24.673  39.456 0.0000000000
53908  23.129  -26.316  40.214 0.0000000000
125512  23.960  -27.097  41.602 0.0000000000
140456  21.738  -27.201  42.417 0.0000000000
53864  22.426  -27.475  42.901 0.0000000000
52831  24.183  -27.514  42.605 0.0000000000
74442  40.244  -6.047  22.162 0.0000000000
66533  27.774  -13.934  30.396 0.0000000000
64606  28.418  -15.806  30.122 0.0000000000
63559  29.794  -17.503  30.739 0.0000000000
63508  26.602  -16.889  38.020 0.0000000000
138257  26.985  -18.004  36.777 0.0000000000
60537  27.421  -19.205  35.616 0.0000000000
61409  28.310  -19.196  38.505 0.0000000000
60523  28.807  -19.917  36.317 0.0000000000
60547  28.406  -19.561  34.435 0.0000000000
61465  28.785  -18.731  32.972 0.0000000000
62527  30.294  -18.436  32.029 0.0000000000
129896  31.277  -18.034  30.951 0.0000000000
128281  33.165  -17.915  32.320 0.0000000000
58632  32.761  -20.517  43.180 0.0000000000
59554  32.896  -19.773  43.572 0.0000000000
60473  32.806  -19.046  44.189 0.0000000000
60471  34.286  -19.529  44.395 0.0000000000
60462  32.152  -18.459  44.549 0.0000000000
79376  51.559  -0.014  12.543 0.0000000000
79355  47.748  -0.167  15.280 0.0000000000
77474  48.688  -1.351  14.434 0.0000000000
140199  48.557  -3.465  15.643 0.0000000000
77465  48.768  -2.053  14.704 0.0000000000
77473  49.407  -1.721  14.385 0.0000000000
78410  50.882  -1.534  14.120 0.0000000000
78409  51.728  -1.833  14.132 0.0000000000
75489  39.644  -4.260  20.288 0.0000000000
57623  31.582  -21.863  44.890 0.0000000000
58600  31.124  -21.466  45.265 0.0000000000
76446  39.389  -3.234  20.194 0.0000000000
76445  40.145  -3.656  19.817 0.0000000000
64623  30.977  -16.673  29.099 0.0000000000
64603  31.936  -17.520  29.694 0.0000000000
54803  9.880  -25.648  47.769 0.0000000000
53801  9.432  -26.026  48.368 0.0000000000
55922  24.306  -23.798  41.154 0.0000000000
55857  18.546  -25.946  45.920 0.0000000000
64496  27.227  -15.068  39.022 0.0000000000
56734  15.022  -23.539  42.992 0.0000000000
57668  15.398  -22.149  42.247 0.0000000000
57667  15.943  -22.394  41.615 0.0000000000
56751  16.070  -23.686  41.849 0.0000000000
61366  24.390  -18.441  44.061 0.0000000000
61355  24.520  -18.884  44.968 0.0000000000
61350  29.880  -19.096  44.068 0.0000000000
61351  29.549  -19.086  43.912 0.0000000000
62376  30.379  -18.120  43.905 0.0000000000
78351  43.115  -0.383  19.087 0.0000000000
78350  43.749  0.434  19.460 0.0000000000
125072  43.830  -0.290  18.633 0.0000000000
143940  44.489  -0.245  18.377 0.0000000000
78375  44.034  -1.310  18.136 0.0000000000
74484  43.612  -5.809  19.944 0.0000000000
75497  43.783  -5.285  19.099 0.0000000000
74472  45.127  -6.107  20.561 0.0000000000
52611  5.395  -27.851  58.002 0.0000000000
76421  35.904  -3.412  22.252 0.0000000000
76422  35.349  -3.763  22.670 0.0000000000
135566  35.126  -9.714  23.085 0.0000000000
70591  35.693  -9.541  22.860 0.0000000000
69658  35.824  -10.281  23.176 0.0000000000
68660  36.326  -11.088  23.506 0.0000000000
68632  32.222  -11.469  25.323 0.0000000000
67624  32.125  -12.434  25.072 0.0000000000
65597  35.410  -15.496  27.218 0.0000000000
130868  35.159  -14.904  26.535 0.0000000000
127992  35.910  -14.834  27.192 0.0000000000
54896  30.262  -25.007  41.416 0.0000000000
54895  31.006  -24.779  41.718 0.0000000000
54885  30.492  -25.390  42.348 0.0000000000
76408  35.618  -2.666  23.868 0.0000000000
144577  36.087  -2.179  23.104 0.0000000000
53714  10.144  -27.882  53.949 0.0000000000
53715  5.607  -27.133  52.845 0.0000000000
52686  5.459  -27.901  53.445 0.0000000000
52675  6.232  -28.631  53.793 0.0000000000
141296  2.861  -25.916  56.930 0.0000000000
54631  2.859  -25.149  57.538 0.0000000000
56730  27.945  -24.174  42.816 0.0000000000
56729  28.806  -24.244  42.898 0.0000000000
56764  29.235  -23.423  41.218 0.0000000000
141162  28.139  -23.518  40.897 0.0000000000
53888  25.449  -26.742  41.022 0.0000000000
53875  25.740  -26.989  41.962 0.0000000000
53862  25.187  -27.494  42.624 0.0000000000
55925  20.119  -25.079  40.496 0.0000000000
54918  20.896  -25.629  40.378 0.0000000000
54901  20.461  -25.942  41.000 0.0000000000
72466  38.891  -7.762  22.970 0.0000000000
72465  39.806  -7.759  23.251 0.0000000000
71492  40.282  -8.423  23.461 0.0000000000
63533  27.586  -16.750  34.200 0.0000000000
64553  27.904  -15.796  34.082 0.0000000000
131209  27.540  -16.592  33.408 0.0000000000
142672  27.506  -17.164  32.920 0.0000000000
62518  27.530  -17.590  33.603 0.0000000000
62427  26.619  -18.753  40.574 0.0000000000
61395  26.744  -18.788  39.875 0.0000000000
61394  27.602  -18.726  40.388 0.0000000000
61419  31.546  -19.253  37.477 0.0000000000
61431  32.420  -19.152  36.824 0.0000000000
139108  32.309  -19.000  35.995 0.0000000000
62477  32.999  -18.683  36.232 0.0000000000
79369  49.577  0.365  13.724 0.0000000000
79368  50.273  -0.078  13.298 0.0000000000
75532  47.212  -3.842  16.283 0.0000000000
58620  15.252  -21.216  43.578 0.0000000000
57641  14.657  -21.885  43.400 0.0000000000
58605  15.492  -21.113  44.530 0.0000000000
58635  15.943  -21.049  42.939 0.0000000000
141583  41.641  -4.899  19.741 0.0000000000
147482  40.374  -5.812  21.705 0.0000000000
130036  27.926  -20.508  45.768 0.0000000000
59532  29.526  -20.999  46.141 0.0000000000
59531  29.745  -20.827  45.742 0.0000000000
59544  30.493  -20.598  44.914 0.0000000000
60464  30.144  -20.154  44.654 0.0000000000
59543  32.027  -19.846  43.932 0.0000000000
79303  40.645  -0.010  21.530 0.0000000000
78343  40.115  -0.402  20.835 0.0000000000
77413  40.795  -1.930  19.524 0.0000000000
78353  40.978  -0.967  19.807 0.0000000000
127785  42.157  -2.203  19.036 0.0000000000
75499  40.966  -4.223  19.513 0.0000000000
75498  42.338  -5.031  19.545 0.0000000000
75429  35.511  -3.593  25.408 0.0000000000
75445  34.353  -4.729  23.889 0.0000000000
74413  34.581  -4.688  24.794 0.0000000000
73452  33.775  -7.002  24.296 0.0000000000
73451  33.974  -6.286  24.232 0.0000000000
72468  33.739  -7.402  23.981 0.0000000000
71497  34.329  -8.549  23.317 0.0000000000
71498  33.772  -8.086  23.928 0.0000000000
65616  31.288  -14.499  26.359 0.0000000000
64670  31.743  -15.337  26.508 0.0000000000
128509  32.720  -16.676  27.732 0.0000000000
64654  33.569  -16.662  27.388 0.0000000000
64653  34.355  -16.500  27.363 0.0000000000
63603  34.092  -16.783  27.796 0.0000000000
126290  35.081  -16.740  29.356 0.0000000000
122987  34.155  -16.927  29.233 0.0000000000
64587  33.871  -17.426  31.109 0.0000000000
123832  34.391  -17.032  30.907 0.0000000000
64574  34.524  -17.202  32.789 0.0000000000
76397  35.989  -2.791  25.234 0.0000000000
52761  12.069  -27.528  48.813 0.0000000000
52747  11.762  -27.734  49.588 0.0000000000
52727  11.480  -27.851  50.372 0.0000000000
52729  9.609  -27.609  50.406 0.0000000000
140601  5.445  -24.842  54.597 0.0000000000
54644  4.474  -24.385  56.693 0.0000000000
56746  25.998  -23.965  41.893 0.0000000000
56745  26.724  -23.829  41.894 0.0000000000
56766  26.270  -23.630  41.126 0.0000000000
56794  26.641  -23.607  40.321 0.0000000000
56795  25.815  -23.837  40.431 0.0000000000
55960  24.262  -24.536  39.697 0.0000000000
54914  24.705  -25.501  39.738 0.0000000000
54915  23.805  -25.613  39.707 0.0000000000
63517  27.708  -16.414  36.104 0.0000000000
63518  27.428  -16.851  36.771 0.0000000000
144601  29.741  -17.315  41.911 0.0000000000
62413  29.998  -17.548  41.257 0.0000000000
62411  32.036  -17.227  41.143 0.0000000000
62412  31.018  -17.327  40.992 0.0000000000
137774  31.827  -17.697  40.559 0.0000000000
52600  0.641  -27.520  57.845 0.0000000000
68620  33.399  -10.290  27.127 0.0000000000
67599  30.882  -12.083  27.333 0.0000000000
67614  30.702  -12.595  26.796 0.0000000000
67600  30.268  -12.553  27.624 0.0000000000
66571  29.035  -13.335  28.388 0.0000000000
65600  29.606  -13.817  28.080 0.0000000000
65586  29.101  -14.099  28.319 0.0000000000
64642  30.042  -15.582  28.572 0.0000000000
122975  17.026  -26.486  43.937 0.0000000000
147051  14.922  -26.879  45.269 0.0000000000
57642  14.020  -22.160  43.942 0.0000000000
55860  13.042  -24.232  45.018 0.0000000000
54856  13.536  -25.465  45.293 0.0000000000
55841  12.574  -24.977  45.544 0.0000000000
53828  12.572  -25.990  46.143 0.0000000000
55842  11.709  -24.248  45.727 0.0000000000
135719  10.698  -23.771  46.496 0.0000000000
55825  10.129  -24.010  47.054 0.0000000000
124878  22.537  -22.937  42.052 0.0000000000
57665  20.339  -21.728  41.334 0.0000000000
56770  20.856  -22.390  40.549 0.0000000000
56797  19.912  -23.012  40.053 0.0000000000
56772  17.309  -23.150  41.155 0.0000000000
57686  17.863  -22.244  40.891 0.0000000000
56771  18.138  -23.254  40.777 0.0000000000
54891  17.363  -25.751  42.453 0.0000000000
64445  24.786  -15.429  42.497 0.0000000000
64461  24.839  -15.750  41.512 0.0000000000
63451  24.423  -16.429  42.211 0.0000000000
62395  24.581  -18.143  42.779 0.0000000000
62404  24.794  -18.238  42.026 0.0000000000
62403  25.940  -18.860  42.081 0.0000000000
60465  28.405  -20.211  45.120 0.0000000000
61354  26.743  -20.022  44.545 0.0000000000
62386  28.573  -19.195  43.383 0.0000000000
143344  28.519  -18.681  42.429 0.0000000000
62392  29.061  -18.570  42.911 0.0000000000
63436  29.330  -18.103  42.408 0.0000000000
63423  29.724  -17.888  43.046 0.0000000000
63395  30.555  -17.486  43.893 0.0000000000
79301  42.838  0.917  21.615 0.0000000000
78373  46.623  0.038  17.948 0.0000000000
76485  45.449  -2.931  16.657 0.0000000000
76474  45.019  -3.614  17.185 0.0000000000
75507  44.496  -5.289  18.663 0.0000000000
75523  45.434  -4.636  17.444 0.0000000000
148295  37.520  -2.917  21.290 0.0000000000
75475  38.392  -4.167  21.014 0.0000000000
124843  37.457  -3.598  21.253 0.0000000000
74445  36.850  -5.203  21.679 0.0000000000
131989  37.450  -6.609  22.104 0.0000000000
146046  37.351  -7.109  22.239 0.0000000000
74448  34.537  -6.021  22.895 0.0000000000
74447  35.134  -5.688  22.401 0.0000000000
73482  35.050  -6.694  22.392 0.0000000000
70601  36.954  -9.016  22.838 0.0000000000
71495  37.950  -9.009  22.852 0.0000000000
70588  38.333  -9.724  23.245 0.0000000000
140026  39.405  -10.300  23.755 0.0000000000
69655  38.703  -10.316  23.644 0.0000000000
68640  38.653  -11.431  24.501 0.0000000000
71476  34.226  -8.119  25.911 0.0000000000
70567  33.381  -9.339  25.455 0.0000000000
68663  33.419  -10.944  24.142 0.0000000000
127403  33.253  -9.889  24.641 0.0000000000
69660  33.835  -10.050  23.750 0.0000000000
133775  33.959  -11.799  23.910 0.0000000000
65629  32.512  -14.351  25.318 0.0000000000
66614  33.047  -13.732  24.914 0.0000000000
66612  34.901  -13.773  25.216 0.0000000000
66620  35.265  -13.154  24.802 0.0000000000
67623  36.037  -12.895  25.022 0.0000000000
67630  36.393  -12.342  24.524 0.0000000000
66610  36.456  -13.257  25.684 0.0000000000
57680  31.734  -22.508  41.122 0.0000000000
55901  32.553  -24.361  42.213 0.0000000000
79273  39.909  0.092  22.996 0.0000000000
77407  37.618  -2.250  21.432 0.0000000000
77406  38.413  -2.271  20.881 0.0000000000
54832  17.413  -25.970  46.816 0.0000000000
52772  13.831  -27.975  48.113 0.0000000000
53727  11.841  -27.106  52.634 0.0000000000
132712  9.718  -23.003  48.477 0.0000000000
56647  8.100  -23.682  50.442 0.0000000000
56646  8.789  -23.026  50.292 0.0000000000
55769  8.293  -24.000  49.695 0.0000000000
55790  7.857  -25.049  49.110 0.0000000000
53767  7.051  -26.279  50.444 0.0000000000
53747  6.844  -26.857  51.128 0.0000000000
52697  6.262  -27.782  52.447 0.0000000000
52696  7.312  -28.263  52.368 0.0000000000
52643  6.179  -28.592  56.704 0.0000000000
52661  4.538  -27.866  54.619 0.0000000000
53690  4.129  -27.139  55.167 0.0000000000
53680  3.191  -27.181  56.176 0.0000000000
52645  4.309  -28.448  56.526 0.0000000000
52628  3.759  -28.173  57.113 0.0000000000
135043  2.979  -27.654  56.773 0.0000000000
141854  2.447  -27.443  57.212 0.0000000000
55613  3.018  -24.376  58.395 0.0000000000
141502  2.739  -24.164  58.707 0.0000000000
132159  1.688  -24.965  58.003 0.0000000000
57615  30.982  -22.241  45.837 0.0000000000
56727  30.528  -23.526  43.515 0.0000000000
56715  30.698  -23.602  44.451 0.0000000000
56726  31.316  -23.023  43.939 0.0000000000
57664  30.714  -22.870  41.810 0.0000000000
56791  29.224  -23.815  40.232 0.0000000000
56790  30.158  -23.633  40.405 0.0000000000
55920  29.982  -24.567  40.616 0.0000000000
54909  29.128  -24.805  40.405 0.0000000000
55958  26.741  -24.252  39.574 0.0000000000
55957  27.507  -24.360  39.682 0.0000000000
53886  27.216  -26.445  41.403 0.0000000000
54899  27.735  -25.816  40.731 0.0000000000
53885  28.042  -26.074  41.672 0.0000000000
53872  28.351  -26.414  42.530 0.0000000000
56768  22.218  -23.367  40.066 0.0000000000
55943  22.465  -23.962  39.703 0.0000000000
55944  21.973  -24.523  39.578 0.0000000000
53909  22.269  -25.827  40.078 0.0000000000
126308  23.118  -26.953  41.240 0.0000000000
53866  20.631  -26.943  43.401 0.0000000000
53879  21.011  -26.942  42.481 0.0000000000
53865  21.553  -27.334  43.312 0.0000000000
52812  22.789  -27.874  44.571 0.0000000000
52823  22.688  -27.701  43.736 0.0000000000
52822  23.333  -27.639  43.162 0.0000000000
74443  39.354  -6.010  21.798 0.0000000000
66515  27.748  -13.071  30.819 0.0000000000
65544  27.571  -14.017  31.345 0.0000000000
62546  28.154  -16.891  31.435 0.0000000000
63561  28.034  -16.165  30.946 0.0000000000
63560  28.754  -17.010  30.941 0.0000000000
63575  29.066  -16.712  30.332 0.0000000000
62442  25.426  -16.747  39.292 0.0000000000
63490  25.931  -16.720  38.660 0.0000000000
62454  25.667  -17.391  38.985 0.0000000000
145698  26.858  -18.462  37.613 0.0000000000
61434  27.197  -18.609  36.203 0.0000000000
60525  27.458  -19.272  36.343 0.0000000000
62440  29.542  -18.511  39.853 0.0000000000
123284  28.974  -18.909  39.232 0.0000000000
61408  29.354  -19.257  38.591 0.0000000000
60522  29.995  -19.928  36.385 0.0000000000
60512  29.326  -19.893  37.145 0.0000000000
146096  29.315  -19.972  35.673 0.0000000000
60536  28.272  -19.814  35.380 0.0000000000
60535  29.290  -19.897  34.889 0.0000000000
61456  28.653  -19.125  33.699 0.0000000000
60546  29.337  -19.610  34.163 0.0000000000
62503  31.319  -18.823  33.644 0.0000000000
62516  30.875  -18.751  32.889 0.0000000000
62526  31.430  -18.448  32.515 0.0000000000
63549  31.379  -18.214  31.874 0.0000000000
63544  32.379  -18.218  32.624 0.0000000000
140891  32.234  -18.102  31.843 0.0000000000
129312  34.025  -17.082  34.443 0.0000000000
58647  32.867  -21.459  42.020 0.0000000000
57647  32.547  -21.226  42.754 0.0000000000
127908  33.277  -21.012  42.725 0.0000000000
59561  33.706  -20.269  43.294 0.0000000000
59553  33.709  -19.538  43.941 0.0000000000
60472  33.757  -19.058  44.783 0.0000000000
61348  32.573  -17.970  45.644 0.0000000000
132715  51.054  -0.417  13.049 0.0000000000
79367  51.939  -0.706  12.953 0.0000000000
78382  46.485  -0.437  17.029 0.0000000000
77466  47.513  -1.951  15.325 0.0000000000
78401  47.224  -0.971  15.448 0.0000000000
78400  47.958  -1.316  14.827 0.0000000000
76497  49.916  -3.283  15.319 0.0000000000
76498  48.921  -2.882  15.248 0.0000000000
77464  49.657  -2.485  14.832 0.0000000000
77472  50.287  -2.018  14.482 0.0000000000
133344  49.982  -1.282  14.031 0.0000000000
59516  30.280  -21.574  46.200 0.0000000000
146758  29.724  -21.087  46.144 0.0000000000
59530  30.587  -21.232  45.649 0.0000000000
58615  31.975  -20.785  44.173 0.0000000000
78355  39.452  -1.670  20.285 0.0000000000
77423  40.757  -3.061  19.422 0.0000000000
52613  2.749  -27.746  58.835 0.0000000000
74405  34.811  -5.342  25.570 0.0000000000
72452  33.930  -6.877  24.850 0.0000000000
65584  30.556  -15.290  27.953 0.0000000000
129783  31.252  -15.855  27.744 0.0000000000
64640  31.831  -16.471  28.133 0.0000000000
64639  32.611  -17.030  28.667 0.0000000000
64621  33.345  -17.158  29.218 0.0000000000
64622  32.725  -17.471  29.524 0.0000000000
64602  33.130  -17.673  30.391 0.0000000000
64588  33.409  -17.710  31.273 0.0000000000
54818  10.959  -25.534  46.828 0.0000000000
53786  10.754  -27.167  49.477 0.0000000000
53787  9.806  -26.694  48.871 0.0000000000
54656  5.157  -24.329  55.274 0.0000000000
56767  24.977  -23.918  40.639 0.0000000000
123737  24.273  -24.026  40.083 0.0000000000
54867  18.575  -26.071  44.057 0.0000000000
54866  19.231  -26.198  44.345 0.0000000000
63507  27.325  -16.434  37.453 0.0000000000
63434  30.698  -16.778  42.634 0.0000000000
63448  30.399  -17.028  41.820 0.0000000000
63433  31.525  -16.647  42.719 0.0000000000
137652  30.208  -12.111  28.231 0.0000000000
141409  28.977  -12.659  28.702 0.0000000000
66556  28.438  -13.222  29.040 0.0000000000
54869  16.169  -26.380  43.723 0.0000000000
55893  15.802  -25.487  43.000 0.0000000000
55874  14.696  -24.831  43.803 0.0000000000
56721  13.326  -22.504  44.386 0.0000000000
57630  12.859  -21.974  45.127 0.0000000000
58651  16.595  -20.966  42.186 0.0000000000
58659  17.237  -21.186  41.439 0.0000000000
57687  16.891  -22.106  41.156 0.0000000000
56750  16.831  -24.077  41.507 0.0000000000
55892  16.436  -25.024  42.203 0.0000000000
140653  24.274  -16.837  42.832 0.0000000000
62387  24.250  -17.635  43.870 0.0000000000
61378  24.384  -18.107  43.421 0.0000000000
61377  24.792  -18.715  43.348 0.0000000000
61342  29.077  -20.077  44.788 0.0000000000
61352  28.942  -19.648  44.305 0.0000000000
62384  29.733  -18.378  43.550 0.0000000000
63409  29.920  -17.852  43.338 0.0000000000
62377  29.976  -18.228  43.704 0.0000000000
79311  44.480  0.918  20.029 0.0000000000
130190  45.469  -0.281  18.018 0.0000000000
122324  44.731  -0.595  17.913 0.0000000000
140699  44.430  -1.531  17.585 0.0000000000
142646  43.275  -4.515  18.862 0.0000000000
74494  45.164  -5.806  19.051 0.0000000000
75477  36.550  -3.513  21.719 0.0000000000
75461  36.064  -4.298  21.977 0.0000000000
71510  34.872  -8.103  22.815 0.0000000000
72479  35.513  -7.625  22.448 0.0000000000
71509  35.560  -8.410  22.606 0.0000000000
70590  36.488  -9.682  22.984 0.0000000000
69656  37.838  -10.383  23.478 0.0000000000
68659  37.305  -11.007  23.810 0.0000000000
68641  37.759  -11.560  24.368 0.0000000000
67629  37.317  -12.184  24.746 0.0000000000
69625  33.042  -10.092  25.695 0.0000000000
69641  32.784  -11.264  24.740 0.0000000000
129409  33.757  -15.167  25.883 0.0000000000
65612  35.384  -14.120  25.897 0.0000000000
66598  36.044  -13.708  26.033 0.0000000000
55937  31.172  -24.007  40.561 0.0000000000
56763  31.744  -23.680  40.820 0.0000000000
55918  31.509  -24.289  41.084 0.0000000000
55902  31.769  -24.576  41.972 0.0000000000
76395  37.616  -1.726  25.717 0.0000000000
77357  37.232  -1.541  24.714 0.0000000000
77371  37.733  -1.019  23.984 0.0000000000
78329  37.511  -1.136  22.857 0.0000000000
77391  36.909  -1.956  22.325 0.0000000000
53826  16.089  -27.270  46.427 0.0000000000
52708  10.681  -27.931  51.841 0.0000000000
53713  10.913  -27.462  53.661 0.0000000000
52672  9.211  -28.093  54.130 0.0000000000
56635  8.194  -22.993  51.023 0.0000000000
54713  5.751  -25.813  53.180 0.0000000000
51665  5.706  -28.914  55.105 0.0000000000
51666  4.922  -28.652  55.113 0.0000000000
53679  3.712  -26.583  55.717 0.0000000000
55616  1.361  -24.942  57.951 0.0000000000
56728  29.707  -23.902  43.023 0.0000000000
56743  29.927  -23.414  41.954 0.0000000000
57682  30.258  -23.113  41.120 0.0000000000
55955  28.658  -24.014  39.907 0.0000000000
54912  26.472  -25.451  39.832 0.0000000000
53874  26.642  -26.903  42.101 0.0000000000
53860  26.925  -27.131  42.948 0.0000000000
53892  21.516  -26.195  40.567 0.0000000000
53878  21.445  -26.834  41.514 0.0000000000
53836  21.424  -27.491  45.028 0.0000000000
53835  22.159  -27.784  45.041 0.0000000000
73478  39.164  -6.359  22.274 0.0000000000
134064  39.522  -7.168  23.029 0.0000000000
139720  40.220  -6.975  23.247 0.0000000000
64577  27.591  -15.415  32.522 0.0000000000
64590  27.576  -15.144  31.671 0.0000000000
63545  27.505  -16.384  32.689 0.0000000000
62529  27.882  -17.265  32.141 0.0000000000
62441  25.903  -18.089  39.055 0.0000000000
140428  26.491  -18.620  39.161 0.0000000000
61410  27.200  -18.881  38.527 0.0000000000
61398  30.765  -18.784  38.987 0.0000000000
136995  30.161  -19.083  38.587 0.0000000000
61407  30.789  -19.003  38.138 0.0000000000
123875  30.908  -19.690  36.847 0.0000000000
61433  30.940  -19.719  35.961 0.0000000000
60545  30.218  -19.716  34.557 0.0000000000
61443  31.686  -19.154  35.417 0.0000000000
145248  31.918  -18.768  34.799 0.0000000000
62502  32.040  -18.441  34.192 0.0000000000
62514  32.733  -18.187  33.562 0.0000000000
62501  32.851  -18.060  34.335 0.0000000000
58646  33.633  -21.638  42.225 0.0000000000
57661  34.133  -22.266  42.402 0.0000000000
58645  34.333  -21.652  42.664 0.0000000000
58630  34.675  -21.294  43.171 0.0000000000
78421  50.554  -0.815  13.652 0.0000000000
143283  46.462  -2.269  16.039 0.0000000000
76499  48.011  -2.833  15.439 0.0000000000
76481  50.160  -3.988  15.926 0.0000000000
57652  14.975  -22.442  42.827 0.0000000000
58634  16.938  -20.763  43.221 0.0000000000
58652  15.813  -21.478  42.116 0.0000000000
74457  43.758  -5.817  21.503 0.0000000000
74458  42.777  -5.810  21.559 0.0000000000
75472  42.344  -5.612  22.381 0.0000000000
129734  25.926  -20.469  45.955 0.0000000000
60467  25.810  -20.063  45.278 0.0000000000
60452  29.267  -20.700  45.787 0.0000000000
60463  31.063  -19.211  44.087 0.0000000000
79302  41.383  0.285  21.283 0.0000000000
128695  42.089  0.555  21.093 0.0000000000
79314  41.670  -0.194  20.212 0.0000000000
78352  42.413  -0.377  19.560 0.0000000000
77421  42.795  -2.365  18.689 0.0000000000
75509  42.642  -4.261  19.060 0.0000000000
142720  42.864  -5.652  19.965 0.0000000000
146509  5.035  -27.622  58.620 0.0000000000
76409  35.158  -3.390  23.537 0.0000000000
75444  34.742  -4.183  23.264 0.0000000000
74414  34.240  -5.402  24.529 0.0000000000
139262  34.184  -6.315  23.442 0.0000000000
73483  34.389  -6.808  22.981 0.0000000000
69659  34.782  -10.310  23.273 0.0000000000
67613  31.081  -12.726  25.960 0.0000000000
67625  31.600  -12.867  25.369 0.0000000000
65630  31.552  -13.798  25.631 0.0000000000
65614  32.951  -15.225  25.759 0.0000000000
64669  32.498  -15.757  26.363 0.0000000000
64668  33.631  -15.969  26.522 0.0000000000
64652  35.178  -16.176  27.662 0.0000000000
64600  35.182  -16.716  30.430 0.0000000000
64586  35.060  -16.848  31.653 0.0000000000
53871  29.126  -26.065  42.789 0.0000000000
54878  29.923  -25.899  43.016 0.0000000000
53857  29.433  -26.520  43.564 0.0000000000
76398  35.329  -3.200  24.465 0.0000000000
53827  13.487  -26.840  46.424 0.0000000000
52773  13.114  -27.648  47.764 0.0000000000
52760  13.037  -27.950  48.646 0.0000000000
52707  11.320  -27.887  51.312 0.0000000000
52728  10.563  -27.650  50.341 0.0000000000
52709  9.608  -28.054  51.355 0.0000000000
52710  8.483  -28.054  51.404 0.0000000000
54688  6.032  -24.701  53.574 0.0000000000
133094  27.596  -23.752  41.888 0.0000000000
56812  26.895  -23.737  39.822 0.0000000000
140741  25.941  -24.403  39.681 0.0000000000
54928  26.165  -24.898  39.535 0.0000000000
54913  25.591  -25.457  39.750 0.0000000000
53906  25.105  -26.184  40.235 0.0000000000
53889  24.593  -26.790  40.866 0.0000000000
55909  19.155  -25.298  41.295 0.0000000000
53851  20.320  -26.897  44.188 0.0000000000
54865  19.800  -26.533  44.661 0.0000000000
53837  20.538  -26.980  45.039 0.0000000000
70586  40.062  -9.224  23.496 0.0000000000
146754  40.696  -8.955  23.699 0.0000000000
131137  27.624  -16.816  34.868 0.0000000000
137128  28.532  -18.292  40.835 0.0000000000
62426  29.402  -18.024  40.587 0.0000000000
146900  29.904  -18.034  40.106 0.0000000000
62439  30.453  -18.344  39.771 0.0000000000
62438  31.437  -18.339  39.431 0.0000000000
62452  32.202  -18.308  39.151 0.0000000000
127815  46.970  -5.168  17.267 0.0000000000
142560  47.320  -4.645  16.690 0.0000000000
70566  33.835  -9.017  26.131 0.0000000000
70551  33.899  -9.667  26.641 0.0000000000
69614  32.831  -10.311  26.332 0.0000000000
146921  32.357  -10.783  25.982 0.0000000000
138648  31.908  -11.169  26.231 0.0000000000
65617  30.741  -14.091  26.945 0.0000000000
66584  29.759  -13.214  27.813 0.0000000000
65599  30.229  -14.177  27.608 0.0000000000
140241  30.523  -16.148  28.839 0.0000000000
64624  30.157  -16.244  29.109 0.0000000000
55858  18.181  -25.996  45.739 0.0000000000
143004  15.774  -26.627  44.359 0.0000000000
53838  15.836  -27.003  45.328 0.0000000000
54833  14.174  -26.694  45.753 0.0000000000
55895  14.516  -23.879  43.560 0.0000000000
55875  14.174  -24.274  44.170 0.0000000000
55876  13.427  -23.640  44.442 0.0000000000
54817  11.697  -25.897  46.426 0.0000000000
54836  11.212  -24.746  46.262 0.0000000000
54819  10.234  -25.114  47.177 0.0000000000
148348  23.012  -23.215  41.606 0.0000000000
56747  22.348  -23.064  40.919 0.0000000000
56769  21.630  -22.982  40.243 0.0000000000
130674  20.247  -23.985  39.951 0.0000000000
57684  19.484  -21.647  41.014 0.0000000000
58658  18.021  -21.435  41.157 0.0000000000
57685  18.686  -21.862  40.908 0.0000000000
57699  19.276  -22.352  40.518 0.0000000000
56798  18.952  -23.214  40.406 0.0000000000
123506  18.796  -25.841  42.286 0.0000000000
54881  18.253  -26.003  42.866 0.0000000000
122471  18.235  -26.024  44.816 0.0000000000
63460  25.686  -15.280  40.056 0.0000000000
62429  25.047  -16.942  40.083 0.0000000000
62405  24.385  -17.363  42.328 0.0000000000
124967  24.542  -17.168  41.212 0.0000000000
131783  25.263  -18.236  40.471 0.0000000000
60474  25.421  -19.689  44.648 0.0000000000
61376  25.815  -19.191  43.326 0.0000000000
61363  27.751  -19.677  43.946 0.0000000000
61375  27.217  -19.468  43.322 0.0000000000
62394  26.593  -19.145  42.733 0.0000000000
62402  27.350  -18.959  42.245 0.0000000000
63450  28.994  -18.115  41.899 0.0000000000
63449  29.526  -17.540  42.202 0.0000000000
63422  30.166  -17.321  43.265 0.0000000000
129085  30.422  -16.781  43.261 0.0000000000
78383  45.711  -1.063  16.771 0.0000000000
77453  45.900  -2.165  16.397 0.0000000000
131941  44.383  -3.261  17.511 0.0000000000
75522  46.176  -4.757  17.184 0.0000000000
74461  37.743  -5.197  21.446 0.0000000000
73479  38.253  -6.428  22.203 0.0000000000
75462  35.213  -4.694  22.483 0.0000000000
73481  35.856  -6.298  22.075 0.0000000000
72478  36.342  -7.507  22.278 0.0000000000
129842  36.689  -6.907  22.105 0.0000000000
71506  38.017  -8.126  22.687 0.0000000000
71494  38.592  -8.558  22.994 0.0000000000
70587  39.250  -9.638  23.424 0.0000000000
69638  39.876  -10.641  24.101 0.0000000000
68638  40.342  -11.027  24.550 0.0000000000
68639  39.576  -11.291  24.582 0.0000000000
125728  33.977  -7.490  25.360 0.0000000000
71480  33.607  -8.403  24.500 0.0000000000
70575  33.477  -9.072  24.658 0.0000000000
70593  33.789  -9.031  23.925 0.0000000000
66623  32.772  -12.927  24.640 0.0000000000
67633  33.262  -12.542  24.399 0.0000000000
66613  33.972  -13.825  25.072 0.0000000000
66621  34.449  -13.270  24.606 0.0000000000
67632  34.018  -12.562  24.208 0.0000000000
68644  34.750  -12.171  23.956 0.0000000000
68643  35.681  -11.791  23.824 0.0000000000
128730  37.724  -12.583  25.393 0.0000000000
67612  37.247  -13.096  25.912 0.0000000000
67611  38.058  -12.939  26.114 0.0000000000
57662  32.321  -22.034  41.628 0.0000000000
58657  33.081  -21.992  41.507 0.0000000000
56762  32.460  -23.288  41.088 0.0000000000
143762  33.135  -22.770  41.430 0.0000000000
79288  39.733  -0.211  21.762 0.0000000000
78336  38.146  -0.873  22.243 0.0000000000
78344  38.811  -0.793  21.530 0.0000000000
77405  38.854  -1.569  20.809 0.0000000000
76447  38.783  -2.930  20.587 0.0000000000
127892  16.772  -26.516  47.107 0.0000000000
53811  14.715  -27.824  47.682 0.0000000000
56671  9.805  -23.315  47.752 0.0000000000
55807  8.985  -24.612  48.221 0.0000000000
54779  8.549  -25.422  48.506 0.0000000000
54756  7.426  -25.676  49.758 0.0000000000
133894  6.253  -26.255  51.571 0.0000000000
52711  7.470  -27.885  51.534 0.0000000000
52673  8.245  -28.366  54.242 0.0000000000
52657  9.099  -27.898  55.003 0.0000000000
52642  7.176  -28.297  56.349 0.0000000000
138510  5.546  -28.366  57.247 0.0000000000
51656  4.651  -28.688  55.898 0.0000000000
146276  1.340  -27.637  58.172 0.0000000000
54632  2.224  -25.210  57.851 0.0000000000
54633  1.664  -26.185  57.617 0.0000000000
53645  0.874  -26.910  57.623 0.0000000000
64435  24.920  -15.336  43.470 0.0000000000
57638  31.658  -22.378  44.435 0.0000000000
57696  31.253  -22.881  40.737 0.0000000000
57697  30.598  -23.127  40.731 0.0000000000
56789  31.067  -23.466  40.533 0.0000000000
56792  28.257  -23.791  40.091 0.0000000000
56810  28.020  -24.001  39.800 0.0000000000
55940  28.747  -24.398  40.066 0.0000000000
54911  27.326  -25.366  40.020 0.0000000000
54910  28.232  -25.099  40.161 0.0000000000
55942  23.401  -24.151  39.724 0.0000000000
137914  23.529  -24.841  39.444 0.0000000000
143064  22.289  -25.128  39.540 0.0000000000
54916  22.924  -25.382  39.524 0.0000000000
148664  23.778  -26.288  40.150 0.0000000000
53890  23.834  -26.746  40.655 0.0000000000
53893  20.621  -26.505  41.675 0.0000000000
148172  22.154  -27.557  43.546 0.0000000000
53877  22.352  -27.142  41.865 0.0000000000
53863  23.230  -27.360  42.233 0.0000000000
52821  24.707  -27.733  43.360 0.0000000000
75474  39.180  -4.807  20.780 0.0000000000
75460  39.596  -5.675  21.308 0.0000000000
74432  40.118  -6.330  22.569 0.0000000000
74431  40.973  -6.039  22.953 0.0000000000
128130  41.068  -8.251  23.780 0.0000000000
66531  28.516  -12.371  30.270 0.0000000000
66532  28.053  -13.117  29.882 0.0000000000
66557  28.135  -13.975  29.493 0.0000000000
134042  27.804  -15.000  30.713 0.0000000000
65558  28.131  -14.859  29.886 0.0000000000
125942  28.680  -15.527  29.523 0.0000000000
64605  29.508  -16.299  29.652 0.0000000000
63574  30.343  -17.269  30.109 0.0000000000
63489  26.789  -15.955  38.506 0.0000000000
62453  26.026  -17.617  38.476 0.0000000000
61423  26.376  -17.872  37.931 0.0000000000
62466  26.806  -17.440  37.361 0.0000000000
62478  27.210  -17.584  36.097 0.0000000000
130176  27.207  -18.268  35.606 0.0000000000
61446  27.334  -18.453  34.952 0.0000000000
134310  28.075  -18.908  39.141 0.0000000000
122625  29.927  -19.479  37.906 0.0000000000
61420  28.776  -19.659  37.833 0.0000000000
60514  27.666  -19.467  36.792 0.0000000000
60524  27.862  -19.671  36.243 0.0000000000
61445  27.685  -19.278  34.843 0.0000000000
61457  27.725  -18.638  34.156 0.0000000000
61466  27.963  -18.421  33.417 0.0000000000
62528  28.850  -18.252  32.230 0.0000000000
61455  30.091  -19.293  33.488 0.0000000000
62517  29.797  -18.782  32.644 0.0000000000
63550  30.375  -18.064  31.305 0.0000000000
63558  31.665  -17.750  30.273 0.0000000000
142952  32.676  -17.957  31.346 0.0000000000
64575  33.679  -17.584  32.101 0.0000000000
63543  33.445  -17.866  33.128 0.0000000000
64562  34.067  -17.498  32.890 0.0000000000
58614  34.923  -20.885  43.965 0.0000000000
59552  34.327  -20.008  43.792 0.0000000000
61349  31.789  -17.993  44.702 0.0000000000
78412  48.381  -0.580  14.485 0.0000000000
78411  49.090  -0.942  14.047 0.0000000000
76483  47.920  -3.596  15.922 0.0000000000
77471  51.170  -2.244  14.598 0.0000000000
54926  27.651  -24.843  39.841 0.0000000000
56811  27.419  -23.838  39.793 0.0000000000
60513  28.279  -19.793  37.005 0.0000000000
61422  27.271  -18.944  36.881 0.0000000000
61444  30.881  -19.544  35.174 0.0000000000
63531  33.494  -17.696  33.968 0.0000000000
64626  28.554  -14.830  29.160 0.0000000000
64643  29.130  -14.822  28.577 0.0000000000
65613  34.375  -15.362  26.232 0.0000000000
70602  36.016  -9.022  22.640 0.0000000000
72477  37.193  -7.670  22.331 0.0000000000
73468  33.923  -6.881  23.698 0.0000000000
134684  30.707  -19.434  37.537 0.0000000000
146520  18.435  -25.971  45.415 0.0000000000
146850  25.339  -16.131  39.775 0.0000000000
