#!ascii label  , from subject chris_t1_1 vox2ras=TkReg
945
145439  19.657  -12.314  -28.418 0.2500000000
68176  19.842  -13.323  -28.132 0.7500000000
71103  18.750  -9.327  -29.242 0.2500000000
70179  19.028  -10.101  -28.983 0.1250000000
69187  19.356  -11.562  -28.346 0.2500000000
135326  20.122  -12.043  -29.211 0.7500000000
69203  19.687  -11.492  -29.034 0.3750000000
66166  20.534  -13.767  -29.093 0.8750000000
68193  20.341  -12.783  -29.057 0.8750000000
140654  21.080  -14.384  -29.293 0.8750000000
133657  19.338  -9.810  -29.694 0.3750000000
70178  19.612  -10.697  -29.509 0.3750000000
70177  20.171  -10.899  -30.223 0.8750000000
69202  20.182  -11.450  -29.716 0.7500000000
68213  21.727  -12.478  -30.439 1.0000000000
68214  20.842  -12.143  -29.852 1.0000000000
67185  21.514  -13.844  -29.749 1.0000000000
67201  22.419  -13.858  -30.121 1.0000000000
72041  18.822  -8.392  -29.627 0.2500000000
71116  19.708  -9.422  -30.396 0.7500000000
71115  20.323  -9.776  -30.955 0.8750000000
70193  20.685  -10.611  -30.856 0.8750000000
70194  19.922  -10.221  -30.318 0.7500000000
69221  22.321  -11.835  -31.048 1.0000000000
142380  21.428  -11.831  -30.555 1.0000000000
69222  21.504  -11.232  -30.975 1.0000000000
68211  23.538  -12.759  -30.935 1.0000000000
68212  22.628  -12.591  -30.802 1.0000000000
67202  21.991  -13.240  -30.352 1.0000000000
122596  18.458  -8.768  -28.974 0.1250000000
147836  19.184  -9.115  -29.848 0.6250000000
68221  24.060  -12.098  -31.585 1.0000000000
68222  23.295  -12.103  -31.391 1.0000000000
70215  21.599  -10.532  -31.365 1.0000000000
67199  24.816  -13.301  -30.888 1.0000000000
67200  24.099  -13.338  -30.650 1.0000000000
76955  17.252  -3.800  -29.757 0.2500000000
72979  18.378  -7.762  -29.148 0.2500000000
72991  18.584  -7.367  -29.859 0.3750000000
72055  19.868  -8.128  -31.133 1.0000000000
72990  19.254  -7.762  -30.454 0.6250000000
71136  20.091  -8.974  -31.056 1.0000000000
71134  21.753  -9.778  -31.827 1.0000000000
71135  20.765  -9.348  -31.567 1.0000000000
69233  24.383  -11.575  -32.176 1.0000000000
134827  23.845  -11.661  -31.847 1.0000000000
71133  22.796  -10.041  -32.249 1.0000000000
70213  24.638  -11.011  -32.681 1.0000000000
68209  25.224  -12.652  -31.459 1.0000000000
69231  25.628  -11.330  -32.109 1.0000000000
68219  25.240  -11.950  -31.984 1.0000000000
76007  18.162  -4.412  -30.807 0.5000000000
76008  17.502  -4.457  -29.993 0.3750000000
74975  18.133  -5.705  -30.298 0.3750000000
73984  18.635  -6.088  -30.930 0.5000000000
73982  19.998  -6.774  -31.945 0.8750000000
73004  20.247  -7.652  -31.847 1.0000000000
73999  20.401  -6.277  -32.598 1.0000000000
71154  22.354  -9.260  -32.536 1.0000000000
72069  20.899  -8.064  -32.466 1.0000000000
71152  24.402  -9.700  -32.769 1.0000000000
71153  23.316  -9.603  -32.709 1.0000000000
70225  25.332  -10.139  -32.582 1.0000000000
70212  25.164  -10.838  -32.612 1.0000000000
122326  17.707  -3.574  -30.565 0.5000000000
74989  18.513  -5.180  -31.091 0.5000000000
76022  18.623  -4.395  -31.583 0.6250000000
75000  19.409  -5.168  -32.347 0.6250000000
74000  19.666  -5.958  -32.169 1.0000000000
73998  21.122  -6.608  -33.064 1.0000000000
73020  24.733  -7.589  -32.985 1.0000000000
72081  24.250  -8.020  -32.946 1.0000000000
72082  23.702  -8.420  -33.030 1.0000000000
145657  22.555  -8.173  -33.129 1.0000000000
123472  24.925  -8.470  -32.806 1.0000000000
72066  24.557  -9.108  -32.823 1.0000000000
143194  23.890  -9.254  -32.844 1.0000000000
72064  26.281  -8.890  -32.502 0.8750000000
71150  25.658  -9.468  -32.652 1.0000000000
127163  26.377  -10.295  -32.042 0.8750000000
122081  18.295  -3.803  -31.277 0.5000000000
76031  19.196  -4.281  -32.332 0.8750000000
75028  22.100  -5.041  -34.250 1.0000000000
143285  22.041  -5.642  -33.961 1.0000000000
73997  24.675  -6.885  -33.174 1.0000000000
74012  23.585  -6.464  -33.586 1.0000000000
73031  22.691  -7.084  -33.518 1.0000000000
75010  24.582  -5.487  -33.236 1.0000000000
73018  25.939  -8.153  -32.284 1.0000000000
73019  25.310  -7.934  -32.656 1.0000000000
74011  24.931  -6.199  -32.980 1.0000000000
128942  25.783  -7.390  -32.376 1.0000000000
122302  18.216  -2.921  -31.397 0.5000000000
122083  19.200  -3.302  -32.478 0.8750000000
76987  19.757  -3.736  -33.059 1.0000000000
76997  22.214  -3.426  -34.525 1.0000000000
76056  21.631  -4.403  -34.228 1.0000000000
76043  21.065  -4.479  -33.772 1.0000000000
76984  25.004  -3.522  -33.101 1.0000000000
147364  24.380  -4.058  -33.399 1.0000000000
126492  26.260  -4.068  -32.435 1.0000000000
132070  25.601  -4.042  -32.780 1.0000000000
76039  25.001  -4.570  -33.085 1.0000000000
74987  26.817  -5.713  -32.060 1.0000000000
76030  25.819  -4.740  -32.623 1.0000000000
73981  27.038  -6.581  -31.878 0.8750000000
80768  21.928  0.516  -35.545 1.0000000000
80770  20.219  0.552  -34.229 0.3750000000
131275  21.217  0.180  -35.006 0.8750000000
143013  22.068  -2.032  -34.738 1.0000000000
77964  24.541  -2.638  -33.293 1.0000000000
77965  23.667  -2.577  -33.695 1.0000000000
81687  22.012  1.848  -35.543 0.8750000000
81674  22.567  1.107  -35.452 1.0000000000
79832  22.788  0.156  -35.301 1.0000000000
125416  23.227  0.822  -35.031 1.0000000000
134768  22.936  -1.189  -34.571 1.0000000000
78886  24.974  -1.913  -33.166 1.0000000000
139620  24.552  -1.159  -33.461 1.0000000000
78877  25.724  -1.916  -32.670 1.0000000000
82562  21.479  2.484  -35.360 0.7500000000
81673  23.301  1.532  -34.907 1.0000000000
80767  23.638  0.324  -34.495 1.0000000000
124997  25.072  0.027  -33.377 1.0000000000
79821  24.247  -0.342  -33.863 1.0000000000
144466  24.966  -0.621  -33.299 1.0000000000
135942  23.387  2.147  -34.960 1.0000000000
81672  23.780  1.171  -34.239 1.0000000000
80755  24.459  0.588  -33.835 1.0000000000
86910  22.435  7.004  -34.513 0.1250000000
130461  22.388  7.547  -35.112 0.1250000000
148335  21.747  6.917  -35.750 0.2500000000
86044  21.822  6.711  -36.915 0.3750000000
87801  21.495  8.024  -36.837 0.2500000000
86927  22.027  7.110  -37.705 0.5000000000
86928  21.397  7.545  -37.564 0.2500000000
86937  21.234  7.791  -38.308 0.3750000000
87800  22.392  8.518  -35.947 0.2500000000
87817  20.730  8.016  -37.747 0.2500000000
88655  20.949  8.691  -37.464 0.2500000000
87829  20.776  8.021  -38.531 0.2500000000
87837  20.845  8.340  -38.739 0.2500000000
87828  21.068  8.084  -38.751 0.3750000000
88656  20.553  8.395  -37.911 0.2500000000
88669  21.625  8.544  -38.537 0.3750000000
88670  21.102  8.983  -38.980 0.2500000000
68177  19.396  -12.101  -27.925 0.1250000000
70163  19.256  -10.865  -28.662 0.2500000000
70164  19.046  -10.339  -28.514 0.1250000000
66176  23.932  -14.132  -30.223 1.0000000000
76045  19.846  -4.647  -32.962 0.8750000000
129297  23.341  -4.889  -33.967 1.0000000000
143135  19.542  -12.484  -27.101 0.1250000000
67170  20.128  -13.997  -28.111 0.6250000000
65226  20.476  -15.174  -28.231 0.7500000000
71104  18.710  -9.606  -28.794 0.1250000000
65225  21.292  -15.621  -28.565 1.0000000000
69188  19.221  -11.130  -28.272 0.1250000000
66165  21.972  -14.623  -29.597 1.0000000000
66164  23.869  -14.800  -29.851 1.0000000000
66163  24.600  -14.649  -30.066 1.0000000000
72980  18.145  -6.836  -29.361 0.3750000000
74976  17.618  -5.275  -29.773 0.2500000000
73973  17.851  -6.028  -29.592 0.2500000000
69220  25.946  -12.179  -31.706 0.8750000000
71131  26.575  -9.578  -32.252 0.8750000000
70210  26.191  -10.871  -31.957 0.8750000000
72051  27.595  -8.394  -31.895 0.8750000000
80756  19.430  0.844  -33.336 0.1250000000
80757  19.046  0.421  -33.146 0.1250000000
122082  18.499  -2.117  -31.907 0.3750000000
122311  19.646  -2.774  -33.105 0.6250000000
76029  26.557  -4.857  -32.182 1.0000000000
73003  27.335  -7.483  -31.796 0.8750000000
80769  20.882  1.079  -34.828 0.5000000000
80779  21.753  1.259  -35.458 0.8750000000
80771  19.826  0.038  -33.829 0.3750000000
123554  20.809  -1.222  -34.688 0.8750000000
77963  25.384  -2.664  -32.878 1.0000000000
78876  26.472  -1.838  -32.237 1.0000000000
78885  26.047  -1.141  -32.563 1.0000000000
81686  22.763  1.963  -35.270 1.0000000000
139583  25.577  -0.501  -32.917 1.0000000000
83402  22.579  3.216  -35.694 0.8750000000
83396  24.146  3.244  -34.858 1.0000000000
82546  24.921  2.273  -34.172 1.0000000000
80754  25.264  0.768  -33.409 1.0000000000
86893  22.903  7.149  -33.249 0.1250000000
86026  22.103  6.313  -34.845 0.1250000000
123920  22.541  5.717  -36.361 0.6250000000
86916  23.176  7.110  -36.977 0.5000000000
87783  21.970  7.646  -35.887 0.2500000000
87816  22.584  7.556  -37.562 0.5000000000
88633  22.222  9.261  -36.477 0.2500000000
87827  21.755  7.777  -38.194 0.5000000000
88654  22.829  8.612  -37.607 0.5000000000
89487  21.418  9.749  -37.329 0.1250000000
139077  20.510  9.137  -38.117 0.2500000000
89524  20.895  9.677  -38.982 0.2500000000
136695  22.475  9.329  -38.071 0.3750000000
89523  21.740  10.570  -38.835 0.2500000000
89488  20.817  10.188  -38.125 0.1250000000
146630  19.574  -12.907  -27.673 0.3750000000
66150  20.522  -14.500  -28.563 0.7500000000
68192  21.184  -13.042  -29.749 0.8750000000
66149  21.227  -14.957  -28.924 1.0000000000
69223  20.743  -11.385  -30.419 1.0000000000
66177  23.117  -14.454  -29.817 1.0000000000
137256  23.330  -13.595  -30.358 1.0000000000
72040  19.495  -8.617  -30.410 0.8750000000
70216  20.958  -10.031  -31.361 1.0000000000
69235  22.374  -11.039  -31.438 1.0000000000
148256  22.368  -10.420  -31.733 1.0000000000
68210  24.396  -12.658  -31.248 1.0000000000
66175  24.542  -13.901  -30.460 1.0000000000
73972  18.323  -6.497  -30.105 0.3750000000
73971  18.902  -6.918  -30.692 0.5000000000
73005  19.602  -7.273  -31.249 0.8750000000
72054  20.488  -8.529  -31.751 1.0000000000
72053  21.338  -8.883  -32.157 1.0000000000
68220  24.705  -12.045  -31.855 1.0000000000
70214  23.927  -11.077  -32.356 1.0000000000
127334  23.124  -10.703  -31.933 1.0000000000
70228  23.669  -10.283  -32.469 1.0000000000
70227  24.381  -10.328  -32.726 1.0000000000
70211  25.700  -10.539  -32.245 1.0000000000
73983  19.300  -6.430  -31.445 0.6250000000
74988  19.061  -5.627  -31.661 0.6250000000
73022  20.665  -7.149  -32.497 1.0000000000
74015  20.877  -5.735  -33.174 1.0000000000
72067  22.972  -8.775  -33.082 1.0000000000
72068  21.958  -8.323  -32.790 1.0000000000
73021  21.422  -7.468  -32.946 1.0000000000
71151  25.046  -9.710  -32.778 1.0000000000
134141  26.503  -11.519  -31.730 0.8750000000
74999  20.077  -5.459  -32.806 1.0000000000
74013  22.330  -6.276  -33.754 1.0000000000
73996  25.282  -6.959  -32.791 1.0000000000
73030  23.483  -7.373  -33.402 1.0000000000
73029  24.173  -7.143  -33.332 1.0000000000
72052  26.990  -8.896  -32.157 0.8750000000
76042  22.656  -4.946  -34.197 1.0000000000
75014  21.440  -5.173  -33.755 1.0000000000
75012  23.105  -5.688  -33.895 1.0000000000
75013  22.542  -5.647  -33.971 1.0000000000
132692  24.269  -6.317  -33.344 1.0000000000
131611  22.968  -6.420  -33.756 1.0000000000
75011  23.805  -5.624  -33.612 1.0000000000
74997  26.054  -5.545  -32.434 1.0000000000
73995  26.138  -6.504  -32.290 1.0000000000
143062  18.715  -2.904  -32.061 0.6250000000
139428  20.427  -3.121  -33.722 0.7500000000
122087  21.087  -3.800  -34.104 1.0000000000
76998  21.695  -3.608  -34.470 1.0000000000
122088  21.134  -2.990  -34.406 1.0000000000
76041  22.856  -4.056  -34.356 1.0000000000
77976  22.337  -2.630  -34.550 1.0000000000
77975  22.950  -2.568  -34.195 1.0000000000
76986  23.302  -3.306  -33.996 1.0000000000
76976  25.838  -3.365  -32.631 1.0000000000
76985  24.078  -3.356  -33.507 1.0000000000
76040  23.679  -4.084  -33.828 1.0000000000
79833  21.996  -0.365  -35.407 1.0000000000
143200  20.737  -0.352  -34.610 0.7500000000
122304  21.200  -2.305  -34.568 1.0000000000
140270  23.296  -1.853  -34.089 1.0000000000
78897  21.513  -1.732  -34.756 1.0000000000
132359  22.168  -1.239  -34.930 1.0000000000
78887  24.066  -1.846  -33.504 1.0000000000
82561  22.285  2.521  -35.600 0.8750000000
147660  22.626  -0.606  -35.033 1.0000000000
78896  23.718  -1.122  -34.010 1.0000000000
79831  23.339  -0.471  -34.644 1.0000000000
144849  25.302  -1.207  -32.980 1.0000000000
82551  24.120  1.969  -34.556 1.0000000000
81662  24.894  1.457  -33.974 1.0000000000
82552  23.750  2.646  -34.956 1.0000000000
82560  23.043  2.617  -35.402 1.0000000000
86894  22.298  6.690  -33.710 0.1250000000
87782  22.937  8.458  -35.074 0.2500000000
134818  21.589  7.265  -36.611 0.2500000000
145664  22.525  6.624  -37.097 0.7500000000
89507  21.546  9.447  -38.708 0.2500000000
68161  19.587  -13.305  -27.227 0.2500000000
68144  19.576  -13.049  -26.761 0.1250000000
68162  19.530  -13.688  -26.828 0.1250000000
67171  19.696  -13.900  -27.556 0.6250000000
66151  19.868  -14.545  -27.676 0.7500000000
65242  22.019  -15.392  -29.156 1.0000000000
79823  19.553  -0.466  -33.393 0.5000000000
122084  19.009  -2.433  -32.562 0.6250000000
122198  19.963  -2.179  -33.788 0.7500000000
122089  20.627  -2.334  -34.281 0.8750000000
79822  20.126  -0.832  -34.151 0.7500000000
122325  19.753  -1.342  -33.674 0.8750000000
139427  20.319  -1.623  -34.275 1.0000000000
132533  21.490  -0.891  -35.008 1.0000000000
83397  23.376  3.281  -35.432 1.0000000000
82545  25.449  2.056  -33.628 1.0000000000
131998  21.736  6.216  -33.950 0.3750000000
86033  22.644  6.143  -36.552 0.7500000000
86034  22.280  6.111  -36.022 0.5000000000
89506  22.830  10.251  -38.099 0.2500000000
61204  21.228  -19.124  -26.619 0.7500000000
60293  22.653  -21.021  -26.195 0.7500000000
62201  20.543  -18.274  -26.577 0.7500000000
133001  22.753  -19.955  -26.926 0.7500000000
138653  21.154  -18.375  -26.962 0.7500000000
62220  20.704  -17.703  -27.037 0.7500000000
62199  22.828  -19.287  -27.391 0.7500000000
62219  21.507  -17.974  -27.376 0.7500000000
64244  20.537  -15.951  -27.973 0.7500000000
63211  22.019  -17.369  -27.854 0.7500000000
64243  21.145  -16.688  -27.977 0.8750000000
62198  23.758  -19.110  -27.261 0.7500000000
62218  22.478  -18.342  -27.645 0.7500000000
63210  23.139  -17.770  -28.135 0.7500000000
134852  22.097  -16.644  -28.296 0.8750000000
65224  22.141  -16.024  -28.697 0.8750000000
63209  23.986  -18.075  -28.133 0.7500000000
63225  23.339  -17.198  -28.525 0.7500000000
64242  22.992  -16.608  -28.822 0.8750000000
64240  24.522  -16.539  -28.918 0.7500000000
65223  23.769  -16.167  -29.331 0.8750000000
65240  23.422  -15.319  -29.571 0.8750000000
65221  25.321  -15.880  -28.849 0.8750000000
65222  24.552  -15.910  -29.342 0.8750000000
65238  24.971  -15.317  -29.601 0.8750000000
67184  25.108  -14.008  -30.470 0.8750000000
66146  27.068  -14.117  -28.233 0.3750000000
67169  26.698  -13.853  -29.048 0.6250000000
67182  26.372  -13.636  -29.901 0.7500000000
67198  25.519  -13.400  -30.863 0.7500000000
67168  27.368  -13.377  -28.579 0.5000000000
67181  26.943  -13.074  -29.400 0.5000000000
144627  27.397  -12.413  -29.983 0.7500000000
68207  26.850  -12.282  -31.115 0.7500000000
68174  28.392  -12.257  -28.692 0.1250000000
143178  27.995  -12.145  -29.360 0.3750000000
68190  28.007  -11.750  -29.978 0.6250000000
147349  27.543  -11.849  -30.650 0.6250000000
69219  27.324  -11.434  -31.327 0.6250000000
69174  29.486  -11.967  -28.034 0.1250000000
69185  29.038  -11.772  -28.541 0.1250000000
70176  28.968  -10.315  -29.823 0.1250000000
71113  28.444  -10.054  -31.170 0.6250000000
148248  28.169  -9.326  -31.538 0.6250000000
71130  27.580  -9.283  -31.838 0.7500000000
70174  30.248  -10.002  -28.975 0.1250000000
71100  30.443  -8.861  -29.673 0.1250000000
72038  29.590  -8.226  -30.682 0.1250000000
72039  28.931  -8.673  -31.023 0.5000000000
72050  28.318  -8.686  -31.533 0.6250000000
70161  30.792  -10.386  -28.337 0.1250000000
127374  29.378  -7.301  -30.861 0.5000000000
143581  29.191  -6.609  -30.977 0.5000000000
73980  27.937  -6.635  -31.551 0.6250000000
138423  21.796  3.122  -35.602 0.6250000000
144408  21.316  3.737  -35.024 0.5000000000
74968  28.796  -5.336  -31.102 0.6250000000
126125  27.716  -4.076  -31.563 0.6250000000
76028  26.938  -4.110  -31.897 0.8750000000
142062  28.980  -4.364  -30.906 0.5000000000
76018  28.262  -4.736  -31.420 0.6250000000
76963  28.013  -3.293  -31.320 0.6250000000
76964  27.297  -3.316  -31.744 0.7500000000
83403  22.150  3.807  -35.650 0.7500000000
76965  26.572  -3.332  -32.190 0.8750000000
139656  26.305  -0.311  -32.429 0.8750000000
79812  25.693  0.228  -32.912 0.8750000000
77945  26.895  -2.556  -31.980 0.7500000000
78875  26.822  -1.084  -32.187 0.8750000000
79811  27.018  -0.389  -31.864 0.8750000000
80740  26.679  0.220  -31.995 0.8750000000
80741  26.227  0.564  -32.441 0.8750000000
76947  29.528  -3.556  -30.554 0.3750000000
76948  28.717  -3.386  -30.853 0.5000000000
133349  28.394  -2.459  -30.979 0.5000000000
78857  28.048  -1.683  -31.194 0.6250000000
133733  30.060  -3.007  -30.414 0.2500000000
77932  29.359  -2.604  -30.609 0.3750000000
148661  28.414  -1.964  -30.979 0.5000000000
84260  22.306  4.499  -35.979 0.6250000000
84258  23.178  4.722  -36.201 0.7500000000
84259  22.873  3.961  -35.789 0.7500000000
82544  25.886  2.615  -33.245 0.7500000000
81654  26.194  1.453  -32.521 0.8750000000
78858  27.485  -1.032  -31.659 0.6250000000
79795  27.663  -0.328  -31.405 0.7500000000
77943  29.818  -1.752  -30.608 0.3750000000
79793  29.414  -1.090  -30.585 0.5000000000
81643  27.559  1.073  -31.485 0.7500000000
77931  30.372  -2.328  -30.512 0.2500000000
85157  21.676  4.898  -35.410 0.6250000000
84253  23.869  4.017  -35.406 0.8750000000
83395  24.603  3.738  -34.671 0.8750000000
83389  24.905  3.116  -34.218 0.8750000000
84252  24.853  4.442  -34.773 0.7500000000
128968  25.382  2.681  -33.759 0.8750000000
143132  27.292  2.972  -32.233 0.7500000000
80727  27.940  0.382  -31.137 0.5000000000
80712  30.389  0.349  -30.751 0.2500000000
80713  29.534  0.383  -30.588 0.5000000000
79773  29.041  -0.314  -30.450 0.5000000000
78843  30.715  -1.546  -30.503 0.2500000000
85163  22.308  5.246  -36.185 0.5000000000
85162  22.960  5.473  -36.435 0.6250000000
85161  23.840  5.229  -36.125 0.7500000000
85155  24.717  5.190  -35.267 0.7500000000
86025  24.482  5.849  -35.520 0.7500000000
131872  25.360  5.872  -34.701 0.7500000000
85147  26.282  5.155  -33.706 0.7500000000
85154  25.565  5.158  -34.365 0.7500000000
86024  25.044  6.466  -34.922 0.7500000000
84246  26.728  4.656  -33.275 0.7500000000
84239  27.190  3.973  -32.701 0.7500000000
82521  28.718  2.495  -31.577 0.5000000000
83380  28.684  3.787  -32.159 0.3750000000
138606  27.910  3.653  -32.275 0.6250000000
81624  29.968  1.192  -30.908 0.2500000000
81641  29.148  1.695  -31.320 0.3750000000
82520  29.591  2.500  -31.529 0.3750000000
130769  23.316  6.480  -36.527 0.6250000000
86032  23.540  5.849  -36.270 0.7500000000
86023  26.060  6.669  -34.434 0.7500000000
86017  27.039  6.481  -33.879 0.7500000000
85146  27.143  5.564  -33.457 0.6250000000
84236  29.756  4.364  -32.724 0.3750000000
85135  28.518  4.985  -32.901 0.3750000000
81639  31.244  1.285  -31.744 0.1250000000
83377  30.990  3.093  -32.951 0.1250000000
83362  30.007  3.160  -31.811 0.2500000000
86915  24.107  7.213  -35.762 0.7500000000
86908  25.208  7.223  -34.961 0.6250000000
85145  28.044  5.446  -33.279 0.3750000000
84244  29.918  4.805  -33.324 0.2500000000
85134  29.276  5.003  -33.005 0.3750000000
84245  27.640  4.821  -33.030 0.6250000000
82543  31.502  2.423  -33.852 0.1250000000
83386  31.259  3.157  -33.805 0.1250000000
81652  31.492  1.572  -32.469 0.1250000000
87780  25.907  8.084  -34.980 0.3750000000
137958  24.982  7.838  -35.352 0.3750000000
86907  26.410  7.555  -34.583 0.3750000000
86020  29.137  6.583  -34.509 0.2500000000
86016  28.045  6.229  -33.660 0.3750000000
130861  26.937  7.136  -34.239 0.3750000000
84251  30.682  4.620  -34.463 0.1250000000
85143  29.482  5.501  -33.612 0.3750000000
85144  28.780  5.622  -33.340 0.3750000000
81685  31.531  1.797  -35.026 0.1250000000
84243  30.485  4.442  -33.701 0.1250000000
88653  24.183  9.376  -36.650 0.3750000000
87799  24.294  8.059  -35.879 0.3750000000
88630  25.954  9.338  -35.615 0.3750000000
87798  25.404  8.560  -35.401 0.3750000000
87778  27.770  8.219  -35.124 0.3750000000
131786  27.167  8.676  -35.340 0.3750000000
87797  26.438  8.752  -35.263 0.3750000000
86914  29.028  7.697  -35.675 0.3750000000
86021  28.473  6.802  -34.289 0.3750000000
86906  27.352  7.664  -34.557 0.3750000000
136599  30.508  4.604  -36.824 0.1250000000
85151  30.444  5.403  -34.837 0.1250000000
126743  29.528  6.639  -35.114 0.2500000000
83407  31.163  3.285  -35.963 0.1250000000
88652  25.404  9.812  -36.201 0.2500000000
88651  26.505  9.776  -36.239 0.2500000000
87813  28.460  8.681  -36.766 0.1250000000
87796  27.592  8.814  -35.753 0.3750000000
88629  26.911  9.243  -35.679 0.3750000000
87794  29.150  8.057  -36.399 0.1250000000
87795  28.425  8.394  -35.824 0.2500000000
132672  29.711  6.056  -37.666 0.1250000000
148621  29.351  7.122  -35.538 0.1250000000
89486  23.589  9.825  -37.378 0.3750000000
89484  25.979  10.382  -36.727 0.2500000000
88649  27.860  9.232  -36.741 0.1250000000
88668  27.476  9.749  -37.113 0.1250000000
87826  28.507  8.469  -37.854 0.1250000000
88676  28.053  9.070  -38.215 0.1250000000
85176  30.163  5.257  -37.403 0.1250000000
86936  28.984  7.622  -37.872 0.1250000000
89521  27.076  10.335  -38.485 0.1250000000
129339  28.544  7.846  -38.730 0.1250000000
87836  27.716  9.196  -38.926 0.1250000000
85189  29.215  5.503  -39.135 0.1250000000
85186  29.636  5.376  -38.253 0.1250000000
136787  22.839  -15.832  -29.273 0.8750000000
66148  25.732  -15.048  -29.198 0.6250000000
126224  28.661  -6.196  -31.187 0.6250000000
78859  27.227  -1.776  -31.795 0.8750000000
79794  28.284  -0.288  -30.813 0.5000000000
141995  30.193  -1.107  -30.508 0.3750000000
138189  24.105  4.709  -35.715 0.7500000000
134881  25.180  3.838  -34.163 0.8750000000
84247  25.776  4.408  -33.770 0.7500000000
137668  26.376  3.947  -33.214 0.7500000000
83381  26.457  3.236  -32.872 0.7500000000
81642  28.410  1.053  -31.172 0.5000000000
129017  28.130  1.779  -31.527 0.5000000000
81625  29.152  0.946  -30.966 0.5000000000
86054  30.047  6.062  -36.882 0.1250000000
88650  27.347  9.469  -36.337 0.2500000000
86061  29.353  6.189  -38.524 0.1250000000
70190  28.468  -10.525  -30.622 0.5000000000
70191  27.824  -10.610  -31.370 0.6250000000
70209  27.255  -10.108  -31.879 0.7500000000
73965  29.314  -5.930  -30.810 0.3750000000
74967  29.500  -5.121  -30.670 0.3750000000
76946  30.362  -3.658  -30.375 0.2500000000
81653  26.783  0.932  -31.907 0.7500000000
86935  29.422  7.381  -36.965 0.1250000000
143517  31.659  -2.944  -30.390 0.1250000000
142989  21.621  -21.730  -25.655 0.7500000000
60295  20.814  -20.390  -25.711 0.7500000000
61205  20.438  -18.884  -26.111 0.7500000000
62202  19.938  -18.088  -26.010 0.7500000000
59373  22.253  -21.615  -25.754 0.7500000000
60311  21.540  -20.103  -26.401 0.7500000000
59372  23.082  -21.327  -25.482 0.7500000000
139941  19.918  -15.905  -27.389 0.6250000000
63212  20.949  -17.210  -27.504 0.7500000000
61202  23.397  -19.731  -26.862 0.6250000000
62216  24.106  -18.546  -27.586 0.6250000000
64226  24.457  -17.311  -28.327 0.6250000000
65201  26.466  -15.524  -27.548 0.3750000000
65220  26.111  -15.333  -28.367 0.5000000000
67167  28.244  -13.002  -28.174 0.1250000000
68173  28.924  -12.351  -27.998 0.1250000000
68159  30.504  -12.466  -27.406 0.1250000000
69183  31.329  -10.757  -27.870 0.1250000000
71089  30.967  -9.658  -28.675 0.1250000000
71099  31.054  -9.011  -29.091 0.1250000000
72023  31.132  -8.193  -29.355 0.1250000000
72024  30.383  -8.181  -30.123 0.1250000000
147166  30.324  -6.209  -30.345 0.1250000000
74966  30.097  -5.708  -30.505 0.2500000000
137175  29.854  -4.356  -30.488 0.2500000000
124685  32.202  -1.723  -30.766 0.1250000000
77930  31.428  -2.165  -30.486 0.2500000000
79791  32.456  -0.606  -31.714 0.1250000000
80739  31.778  0.793  -32.222 0.1250000000
80753  31.892  0.992  -32.990 0.1250000000
85156  21.782  5.614  -35.014 0.3750000000
127315  31.697  1.027  -34.559 0.1250000000
81697  31.304  1.762  -35.854 0.1250000000
80778  31.470  0.930  -35.421 0.1250000000
130828  30.522  3.870  -37.141 0.1250000000
82582  30.284  2.537  -37.902 0.1250000000
90313  24.732  11.418  -37.794 0.2500000000
90312  25.698  11.293  -37.832 0.1250000000
90329  25.879  11.340  -38.721 0.1250000000
87835  28.168  8.561  -38.877 0.1250000000
89531  27.000  10.050  -39.456 0.1250000000
86946  28.454  7.438  -39.393 0.1250000000
84295  29.464  4.677  -38.859 0.1250000000
86064  28.809  6.230  -39.379 0.1250000000
132820  27.420  -5.002  -31.755 0.7500000000
74986  27.490  -5.893  -31.757 0.7500000000
81688  21.177  1.845  -35.105 0.3750000000
80742  25.709  0.900  -32.841 0.8750000000
65239  24.203  -15.394  -29.650 0.8750000000
141485  21.407  -16.197  -28.329 0.8750000000
65241  22.677  -15.135  -29.494 0.8750000000
67197  26.090  -13.461  -30.627 0.7500000000
71114  28.038  -9.834  -31.557 0.6250000000
77956  26.145  -2.611  -32.410 0.8750000000
140363  24.391  2.639  -34.547 0.8750000000
81655  25.546  1.438  -33.243 0.8750000000
87815  23.627  8.283  -36.706 0.3750000000
90314  23.462  11.282  -38.115 0.1250000000
89505  24.225  10.795  -37.442 0.2500000000
60312  20.876  -19.600  -26.083 0.7500000000
60310  22.314  -20.449  -26.625 0.7500000000
60294  21.714  -21.094  -26.176 0.7500000000
60309  23.094  -20.395  -26.538 0.7500000000
63192  20.185  -17.463  -26.540 0.7500000000
63213  20.286  -16.941  -27.017 0.7500000000
62200  21.883  -18.865  -27.243 0.7500000000
64227  20.389  -16.496  -27.497 0.7500000000
65203  19.849  -15.333  -27.527 0.6250000000
62217  23.404  -18.568  -27.741 0.7500000000
63226  22.745  -17.111  -28.310 0.8750000000
64241  23.831  -16.965  -28.848 0.7500000000
64239  25.209  -16.653  -28.274 0.6250000000
66162  25.368  -14.607  -29.941 0.7500000000
66132  26.701  -14.778  -27.837 0.2500000000
66147  26.409  -14.587  -28.703 0.5000000000
66161  26.094  -14.345  -29.567 0.6250000000
68191  26.641  -13.005  -30.397 0.7500000000
68175  27.618  -12.618  -28.939 0.5000000000
67153  27.778  -13.706  -27.820 0.1250000000
69186  28.521  -11.676  -29.256 0.2500000000
69201  28.487  -11.065  -29.884 0.3750000000
69218  27.995  -11.250  -30.693 0.6250000000
70162  29.999  -10.713  -28.624 0.1250000000
69184  30.572  -11.187  -27.979 0.1250000000
69200  29.239  -11.088  -29.153 0.1250000000
71102  28.968  -9.827  -30.640 0.5000000000
71112  29.325  -9.089  -30.646 0.1250000000
71101  29.746  -9.575  -29.839 0.1250000000
71129  28.646  -9.392  -31.216 0.5000000000
148640  30.486  -9.422  -29.264 0.1250000000
72025  29.945  -8.804  -30.276 0.1250000000
73002  28.196  -7.695  -31.642 0.6250000000
74985  28.107  -5.627  -31.480 0.6250000000
77944  27.637  -2.511  -31.500 0.6250000000
80728  27.263  0.322  -31.622 0.7500000000
82536  27.139  1.879  -31.941 0.7500000000
127666  28.600  -1.018  -30.817 0.5000000000
82537  26.430  2.374  -32.585 0.7500000000
125947  30.029  -0.400  -30.536 0.3750000000
83388  25.720  3.414  -33.582 0.7500000000
82522  27.894  2.459  -31.791 0.6250000000
79774  28.688  0.367  -30.677 0.5000000000
80725  31.510  0.521  -31.542 0.1250000000
79792  31.770  -0.219  -31.319 0.1250000000
122951  30.780  -0.828  -30.517 0.2500000000
78841  32.042  -0.918  -30.983 0.1250000000
86031  24.253  6.494  -35.641 0.7500000000
85153  26.272  5.830  -34.068 0.7500000000
84238  28.161  4.315  -32.543 0.6250000000
83379  29.525  3.810  -32.193 0.3750000000
84237  29.019  4.430  -32.525 0.3750000000
81640  30.577  1.623  -31.476 0.1250000000
139309  30.328  2.357  -31.712 0.3750000000
84235  30.290  4.258  -33.059 0.3750000000
82519  30.987  2.046  -31.976 0.1250000000
83387  30.739  3.777  -33.337 0.1250000000
137609  31.367  2.589  -33.323 0.1250000000
86015  29.046  6.308  -33.767 0.3750000000
86022  27.683  7.022  -34.144 0.3750000000
85142  30.181  5.173  -34.015 0.2500000000
83393  31.268  3.440  -34.517 0.1250000000
82559  31.347  2.561  -35.495 0.1250000000
81661  31.608  1.849  -33.321 0.1250000000
83394  30.992  3.938  -34.108 0.1250000000
85152  29.720  5.971  -34.431 0.2500000000
84250  31.133  4.048  -34.868 0.1250000000
84257  30.831  4.720  -35.263 0.1250000000
88631  24.730  9.026  -35.847 0.3750000000
87814  27.914  8.906  -36.244 0.3750000000
87777  28.478  7.824  -35.233 0.3750000000
132027  30.847  3.960  -36.389 0.1250000000
85168  30.445  5.402  -36.496 0.1250000000
84270  30.301  4.445  -37.481 0.1250000000
86029  30.136  6.114  -35.327 0.1250000000
86043  29.725  6.688  -36.474 0.1250000000
82571  31.124  2.487  -36.307 0.1250000000
83408  30.813  3.184  -36.744 0.1250000000
89504  25.389  10.880  -37.283 0.2500000000
89485  24.835  10.338  -36.771 0.2500000000
89483  26.856  10.163  -36.855 0.2500000000
87825  29.112  8.176  -37.140 0.1250000000
86943  29.392  6.832  -37.829 0.1250000000
86055  29.621  6.592  -37.142 0.1250000000
89503  26.297  10.700  -37.381 0.1250000000
89502  27.049  10.378  -37.597 0.1250000000
88677  27.600  9.743  -38.046 0.1250000000
84283  29.947  4.593  -38.075 0.1250000000
89522  26.502  10.686  -39.155 0.1250000000
135571  26.472  10.883  -38.113 0.1250000000
59374  21.017  -21.422  -25.539 0.7500000000
61188  20.302  -19.459  -25.589 0.7500000000
64228  19.773  -16.226  -26.999 0.5000000000
63191  24.690  -17.905  -27.447 0.6250000000
64225  25.688  -16.629  -27.477 0.5000000000
72973  30.812  -7.392  -29.794 0.1250000000
72972  31.614  -7.342  -29.315 0.1250000000
72989  30.110  -7.418  -30.411 0.1250000000
143282  32.125  0.121  -31.901 0.1250000000
83413  30.468  3.170  -37.520 0.1250000000
84282  30.213  3.868  -37.856 0.1250000000
61189  19.711  -19.139  -25.119 0.7500000000
143942  19.842  -17.229  -26.046 0.5000000000
145198  21.358  -22.509  -25.207 0.6250000000
58345  21.512  -22.759  -24.950 0.6250000000
58332  22.895  -22.724  -23.877 0.3750000000
58344  22.350  -22.486  -24.654 0.6250000000
59362  23.478  -21.514  -24.679 0.2500000000
65202  25.904  -16.083  -28.027 0.3750000000
84261  21.736  4.270  -35.417 0.3750000000
85149  21.163  5.188  -34.262 0.2500000000
59364  21.205  -22.132  -25.338 0.6250000000
61187  23.792  -19.994  -26.129 0.5000000000
61201  24.129  -19.342  -26.503 0.5000000000
62197  24.448  -18.672  -26.905 0.3750000000
57418  22.628  -23.557  -23.497 0.5000000000
57430  21.949  -23.099  -24.270 0.6250000000
63208  25.132  -17.184  -27.709 0.5000000000
57420  20.507  -24.112  -24.203 0.6250000000
62184  19.610  -17.521  -25.453 0.3750000000
58346  20.873  -22.751  -24.892 0.6250000000
60296  20.036  -19.982  -25.019 0.6250000000
55543  21.594  -25.142  -23.040 0.3750000000
57419  21.433  -23.860  -24.074 0.5000000000
57431  21.061  -23.382  -24.629 0.6250000000
64199  19.655  -16.543  -25.644 0.2500000000
126549  22.581  -24.829  -22.593 0.3750000000
59349  23.816  -21.708  -24.062 0.2500000000
124564  23.502  -23.070  -23.375 0.2500000000
60291  24.199  -20.256  -25.354 0.2500000000
61186  24.486  -19.532  -25.659 0.3750000000
140726  24.751  -18.804  -25.997 0.2500000000
63190  25.504  -17.235  -26.766 0.2500000000
74956  17.463  -5.447  -29.282 0.1250000000
122079  17.639  -2.480  -30.630 0.2500000000
122376  19.348  -0.971  -32.836 0.3750000000
78865  18.524  -1.062  -31.577 0.2500000000
76009  17.079  -4.197  -29.403 0.1250000000
73957  17.831  -6.349  -29.209 0.2500000000
66133  19.385  -14.197  -27.082 0.2500000000
122085  18.875  -1.508  -32.396 0.3750000000
61206  19.951  -18.783  -25.628 0.5000000000
132997  21.865  -22.227  -25.319 0.6250000000
59363  22.699  -21.878  -25.028 0.5000000000
60292  23.455  -20.669  -25.807 0.5000000000
64224  26.230  -16.128  -27.323 0.2500000000
63193  19.900  -16.643  -26.432 0.3750000000
126832  19.329  -14.864  -27.086 0.2500000000
60281  20.248  -20.985  -25.041 0.6250000000
64211  19.545  -15.720  -26.362 0.3750000000
58343  23.187  -22.088  -24.287 0.2500000000
58331  23.849  -22.322  -23.625 0.2500000000
60280  23.833  -20.912  -25.025 0.3750000000
56511  22.002  -24.365  -23.332 0.5000000000
138253  19.622  -18.346  -25.276 0.3750000000
126807  20.548  -21.913  -24.975 0.6250000000
54543  21.353  -25.812  -22.874 0.3750000000
56512  20.863  -24.692  -23.938 0.5000000000
62196  25.106  -18.109  -26.426 0.2500000000
58333  19.590  -22.321  -23.412 0.5000000000
55551  20.396  -25.636  -23.646 0.2500000000
55552  19.192  -25.794  -23.592 0.3750000000
56513  19.831  -24.950  -23.911 0.5000000000
58347  20.229  -22.417  -24.283 0.5000000000
59350  19.323  -21.350  -23.218 0.3750000000
60267  19.459  -20.728  -23.688 0.5000000000
59365  19.889  -21.448  -24.113 0.5000000000
61175  19.499  -19.530  -24.472 0.3750000000
60258  18.879  -20.614  -22.206 0.1250000000
58309  18.545  -22.168  -21.565 0.1250000000
59339  18.882  -21.221  -22.485 0.2500000000
124792  19.144  -22.729  -22.840 0.3750000000
54544  19.596  -26.468  -23.423 0.2500000000
56514  18.743  -25.089  -23.360 0.3750000000
132391  19.318  -23.371  -23.310 0.5000000000
60251  18.649  -20.838  -21.426 0.1250000000
59338  19.115  -21.975  -22.669 0.3750000000
61158  19.214  -19.875  -22.635 0.1250000000
62163  19.354  -18.734  -23.637 0.1250000000
124938  30.741  -4.451  -30.260 0.1250000000
146950  20.452  -22.937  -24.345 0.5000000000
57432  20.443  -23.484  -24.235 0.5000000000
62172  19.420  -18.673  -24.623 0.2500000000
62185  19.443  -17.973  -24.981 0.2500000000
140970  20.653  -26.341  -23.138 0.2500000000
147607  19.815  -23.567  -23.814 0.5000000000
57421  19.592  -24.166  -23.715 0.3750000000
60283  19.333  -19.963  -23.821 0.1250000000
60282  19.683  -20.437  -24.355 0.5000000000
59332  18.604  -21.284  -21.804 0.1250000000
61148  18.983  -20.014  -21.884 0.1250000000
59351  19.196  -20.477  -23.044 0.1250000000
61176  19.281  -19.094  -24.028 0.1250000000
59333  18.333  -21.486  -21.221 0.1250000000
58320  18.927  -22.430  -22.280 0.3750000000
55553  18.302  -25.968  -23.105 0.2500000000
61164  19.336  -19.593  -23.392 0.1250000000
147103  18.831  -23.972  -22.935 0.2500000000
65189  19.227  -15.030  -26.598 0.2500000000
145462  18.684  -26.425  -23.205 0.2500000000
58321  18.679  -21.798  -22.034 0.1250000000
122331  18.792  -24.174  -23.154 0.2500000000
57409  19.073  -23.233  -22.719 0.2500000000
65190  19.187  -14.786  -25.971 0.1250000000
142447  21.137  3.050  -35.091 0.1250000000
82553  20.747  2.560  -34.495 0.1250000000
135644  20.718  3.337  -34.493 0.1250000000
83398  20.540  4.005  -34.175 0.1250000000
84241  20.565  5.073  -33.362 0.1250000000
84248  20.615  4.739  -33.711 0.1250000000
140131  21.092  5.804  -33.914 0.1250000000
85137  20.738  5.418  -33.295 0.1250000000
85136  20.844  5.810  -32.972 0.1250000000
81675  20.541  1.779  -34.263 0.1250000000
144824  17.670  -1.581  -30.561 0.1250000000
63175  19.458  -17.083  -25.195 0.1250000000
65174  19.143  -15.008  -25.495 0.1250000000
79813  19.114  -0.190  -32.728 0.1250000000
81657  19.639  1.077  -33.470 0.1250000000
82541  19.965  2.708  -32.869 0.1250000000
82547  20.496  3.267  -33.956 0.1250000000
83383  20.775  3.875  -32.415 0.1250000000
84223  21.514  5.454  -31.648 0.1250000000
131626  21.344  6.580  -31.964 0.1250000000
85148  21.110  6.068  -32.955 0.1250000000
81676  19.923  1.243  -33.857 0.1250000000
67154  19.559  -13.568  -27.278 0.1250000000
67155  19.446  -13.937  -26.733 0.1250000000
65204  19.443  -15.536  -27.025 0.1250000000
84254  21.129  4.491  -34.628 0.1250000000
64200  19.360  -15.545  -25.659 0.1250000000
79814  18.749  -0.559  -32.097 0.1250000000
65205  19.329  -14.632  -27.049 0.1250000000
145124  19.261  -15.166  -26.158 0.1250000000
66108  19.322  -14.484  -26.120 0.1250000000
137597  20.037  3.377  -32.768 0.1250000000
82539  22.211  3.029  -32.301 0.1250000000
85119  20.896  7.368  -31.313 0.1250000000
55542  22.347  -25.710  -22.349 0.1250000000
132263  23.338  -25.326  -22.146 0.1250000000
56500  23.490  -24.573  -22.472 0.1250000000
57407  23.714  -23.752  -22.839 0.1250000000
59348  24.468  -21.646  -23.747 0.1250000000
59361  24.212  -21.235  -24.357 0.1250000000
60279  24.565  -20.561  -24.610 0.1250000000
61173  25.763  -19.459  -24.541 0.1250000000
61185  25.190  -19.102  -25.245 0.1250000000
62182  26.303  -18.127  -25.163 0.1250000000
62181  27.096  -17.631  -25.171 0.1250000000
63189  26.180  -16.932  -25.991 0.1250000000
65188  26.783  -15.827  -26.745 0.1250000000
53563  18.137  -26.668  -22.483 0.1250000000
55554  18.289  -25.563  -22.959 0.1250000000
53562  18.614  -27.084  -22.776 0.1250000000
53551  18.374  -27.895  -22.296 0.1250000000
53550  20.309  -28.012  -22.316 0.1250000000
54518  22.605  -26.588  -22.044 0.1250000000
56499  24.359  -24.414  -22.363 0.1250000000
58330  24.810  -22.266  -23.288 0.1250000000
60266  24.936  -21.003  -23.986 0.1250000000
60265  25.765  -20.876  -23.738 0.1250000000
62171  26.509  -18.905  -24.632 0.1250000000
137846  27.361  -16.007  -26.210 0.1250000000
64198  27.543  -16.479  -25.755 0.1250000000
65200  27.123  -15.083  -27.104 0.1250000000
54532  21.557  -26.462  -22.485 0.1250000000
64210  26.184  -16.506  -26.719 0.1250000000
57417  24.325  -22.982  -23.056 0.1250000000
62183  25.466  -18.392  -25.580 0.1250000000
53561  20.182  -27.227  -22.794 0.1250000000
54545  18.257  -26.238  -22.547 0.1250000000
53549  21.792  -27.411  -22.225 0.1250000000
145458  24.046  -25.041  -22.155 0.1250000000
61174  24.884  -19.802  -24.862 0.1250000000
61184  25.825  -18.758  -24.983 0.1250000000
60278  25.342  -20.280  -24.247 0.1250000000
63174  25.762  -17.637  -25.843 0.1250000000
64209  26.797  -16.413  -26.140 0.1250000000
62170  27.233  -18.389  -24.733 0.1250000000
52518  17.987  -27.646  -21.891 0.1250000000
54516  24.067  -26.665  -21.558 0.1250000000
65173  28.081  -15.935  -25.940 0.1250000000
53552  17.819  -27.358  -21.992 0.1250000000
56501  18.473  -24.802  -23.018 0.2500000000
57408  22.897  -24.201  -22.919 0.3750000000
57433  20.029  -23.014  -23.858 0.5000000000
58310  18.361  -21.776  -21.322 0.1250000000
61203  22.111  -19.685  -26.932 0.7500000000
63173  26.421  -17.425  -25.532 0.1250000000
63188  26.923  -16.952  -25.604 0.1250000000
67183  25.732  -13.950  -30.297 0.7500000000
68208  26.100  -12.968  -31.207 0.7500000000
69173  30.108  -11.885  -27.814 0.1250000000
69232  24.950  -11.504  -32.383 1.0000000000
69234  23.222  -11.422  -31.660 1.0000000000
70175  29.638  -10.349  -29.299 0.1250000000
70192  27.002  -10.883  -31.909 0.7500000000
70226  24.894  -10.336  -32.795 1.0000000000
71132  25.850  -9.972  -32.296 1.0000000000
72065  25.541  -8.750  -32.724 0.8750000000
72083  22.966  -7.949  -33.340 1.0000000000
72084  22.248  -7.649  -33.212 1.0000000000
73032  21.889  -6.877  -33.411 1.0000000000
73948  30.522  -6.674  -30.120 0.1250000000
73964  29.838  -6.561  -30.582 0.3750000000
73966  28.727  -7.052  -31.292 0.5000000000
74014  21.617  -6.057  -33.570 1.0000000000
74998  25.330  -5.430  -32.818 1.0000000000
75015  20.574  -4.947  -33.370 0.8750000000
75989  17.242  -4.748  -29.301 0.2500000000
75999  30.147  -4.979  -30.405 0.2500000000
76021  18.920  -4.951  -31.859 0.6250000000
76044  20.449  -4.127  -33.509 1.0000000000
76055  22.189  -4.270  -34.432 1.0000000000
76945  31.247  -3.619  -30.284 0.1250000000
76977  18.699  -3.624  -31.883 0.5000000000
76996  22.696  -3.196  -34.338 1.0000000000
77977  21.750  -2.674  -34.627 1.0000000000
78842  31.461  -1.257  -30.609 0.1250000000
78856  28.849  -1.801  -30.808 0.5000000000
79772  31.337  -0.548  -30.794 0.1250000000
80711  31.107  0.126  -31.034 0.1250000000
80726  30.821  0.871  -31.207 0.1250000000
81671  31.648  1.820  -34.185 0.1250000000
82534  31.253  2.357  -32.675 0.1250000000
82535  30.630  2.780  -32.261 0.1250000000
82538  25.841  1.997  -33.004 0.8750000000
82550  31.454  2.657  -34.591 0.1250000000
83363  29.175  3.218  -31.728 0.3750000000
83364  28.271  3.132  -31.882 0.6250000000
83378  30.324  3.664  -32.533 0.3750000000
83401  31.289  3.353  -35.183 0.1250000000
84256  31.123  4.045  -35.630 0.1250000000
84265  30.792  4.717  -36.055 0.1250000000
85160  30.536  5.447  -35.675 0.1250000000
86030  29.714  6.657  -35.783 0.1250000000
86042  30.276  6.160  -36.114 0.1250000000
86062  28.871  7.010  -38.793 0.1250000000
86904  28.903  7.194  -34.996 0.3750000000
86905  28.146  7.519  -34.650 0.3750000000
86926  29.435  7.306  -36.115 0.1250000000
86929  20.780  7.865  -38.179 0.2500000000
87779  26.902  8.247  -34.880 0.3750000000
87818  20.630  7.971  -37.954 0.2500000000
88667  28.045  9.218  -37.411 0.1250000000
88671  20.567  8.404  -38.429 0.2500000000
88678  20.708  9.053  -38.702 0.2500000000
122074  18.035  -1.796  -31.183 0.1250000000
122086  19.389  -1.890  -33.133 0.7500000000
122090  20.877  -1.839  -34.576 1.0000000000
122485  30.854  -2.948  -30.414 0.2500000000
126039  25.158  -9.145  -32.808 1.0000000000
129447  26.739  -8.228  -32.031 1.0000000000
129628  31.788  1.082  -33.766 0.1250000000
129684  28.816  -7.934  -31.114 0.5000000000
130517  26.460  -7.394  -32.016 0.8750000000
131933  25.545  -6.116  -32.639 1.0000000000
133007  29.736  -11.427  -28.333 0.1250000000
134923  23.775  -17.523  -28.485 0.7500000000
136601  24.136  -4.788  -33.548 1.0000000000
139289  28.342  -3.979  -31.251 0.6250000000
140849  28.014  -0.888  -31.220 0.5000000000
140948  22.771  -13.208  -30.518 1.0000000000
141470  30.744  -0.252  -30.703 0.2500000000
141701  29.944  1.873  -31.423 0.3750000000
143482  27.372  9.757  -38.896 0.1250000000
143671  22.582  -1.906  -34.543 1.0000000000
143750  30.615  -5.212  -30.250 0.1250000000
144587  17.985  -5.030  -30.394 0.3750000000
145065  21.429  -0.380  -35.109 1.0000000000
146550  24.714  -9.871  -32.787 1.0000000000
148456  24.022  -9.842  -32.709 1.0000000000
