#!ascii label  , from subject chris_t1_1 vox2ras=TkReg
1740
5324  27.053  -85.144  -29.978 0.5000000000
11614  22.658  -75.092  -17.968 0.6000000238
11631  22.341  -74.402  -19.495 0.6000000238
12495  20.916  -73.731  -20.299 0.6000000238
128973  21.618  -74.048  -20.878 0.6999999881
128625  20.877  -73.423  -22.075 0.6000000238
11664  22.459  -74.457  -21.501 0.6999999881
11681  21.960  -74.007  -22.273 0.6000000238
7069  23.257  -81.596  -25.124 0.5000000000
8342  24.408  -79.504  -28.412 0.6000000238
7668  24.085  -80.274  -27.279 0.6000000238
6482  23.475  -82.081  -25.901 0.5000000000
8357  24.729  -79.794  -30.307 0.5000000000
7692  24.218  -80.019  -29.318 0.4000000060
7086  23.863  -81.369  -27.928 0.5000000000
140179  23.990  -80.983  -26.795 0.6000000238
8187  20.520  -78.667  -19.019 0.5000000000
6550  27.670  -83.402  -31.386 0.4000000060
8204  20.669  -77.993  -19.265 0.5000000000
8841  20.018  -78.555  -17.106 0.5000000000
9557  20.489  -77.459  -18.503 0.6000000238
9536  21.636  -76.892  -17.421 0.6000000238
10161  23.046  -76.614  -16.847 0.6000000238
10176  23.987  -76.398  -17.693 0.6999999881
11596  21.760  -74.823  -17.814 0.6000000238
11630  23.127  -74.919  -19.089 0.6999999881
10857  24.519  -75.801  -18.772 0.6000000238
132178  23.971  -75.470  -19.348 0.6999999881
10872  25.215  -75.341  -19.352 0.6000000238
10873  24.604  -75.372  -19.824 0.6000000238
10888  24.177  -75.131  -21.222 0.6999999881
10886  25.322  -74.956  -20.231 0.6999999881
144201  21.295  -73.137  -23.760 0.6000000238
7059  22.735  -80.973  -24.392 0.5000000000
7068  23.624  -81.063  -25.868 0.6000000238
7655  23.157  -80.514  -24.919 0.5000000000
8989  24.869  -78.740  -29.414 0.6000000238
8975  24.705  -78.823  -28.575 0.6999999881
7707  24.966  -80.337  -30.616 0.4000000060
8202  22.415  -78.792  -20.108 0.5000000000
8203  20.992  -78.539  -19.865 0.5000000000
130153  27.859  -85.352  -30.910 0.5000000000
8876  21.224  -77.978  -19.494 0.5000000000
8167  23.656  -79.577  -17.364 0.6999999881
8863  21.962  -78.063  -18.590 0.6000000238
139281  24.189  -79.197  -16.863 0.6999999881
8840  23.075  -78.110  -16.674 0.6000000238
8852  22.546  -78.221  -17.239 0.6000000238
9515  23.681  -77.927  -16.739 0.6999999881
9517  22.398  -76.793  -16.915 0.6000000238
132941  23.780  -77.189  -16.946 0.6999999881
10159  25.336  -76.840  -17.481 0.6000000238
147186  24.524  -76.941  -17.466 0.6000000238
10837  25.693  -75.979  -17.536 0.6000000238
10855  26.098  -75.053  -17.781 0.6000000238
11628  26.330  -74.253  -19.265 0.6999999881
12558  23.031  -73.725  -24.863 0.6999999881
13417  21.205  -72.738  -25.112 0.5000000000
10899  24.965  -75.051  -21.512 0.6999999881
11679  24.095  -74.805  -22.655 0.6999999881
12559  21.914  -73.202  -24.412 0.6000000238
129356  23.764  -79.641  -24.917 0.5000000000
7644  23.254  -79.881  -24.769 0.5000000000
7645  22.785  -80.081  -24.176 0.5000000000
8325  25.015  -79.110  -27.281 0.6999999881
8285  23.620  -79.745  -25.534 0.6000000238
8988  25.580  -78.416  -29.710 0.5000000000
8974  25.331  -78.344  -28.902 0.6999999881
8958  24.972  -78.710  -28.077 0.6999999881
8306  24.124  -79.692  -26.875 0.6000000238
141513  23.869  -79.612  -26.180 0.6000000238
7699  25.977  -79.942  -30.112 0.4000000060
8355  25.953  -79.080  -30.236 0.4000000060
8349  25.077  -78.964  -30.036 0.5000000000
143174  23.383  -79.748  -20.517 0.5000000000
7573  23.830  -80.435  -18.575 0.5000000000
7583  23.694  -80.339  -19.652 0.5000000000
8185  22.598  -78.831  -18.877 0.5000000000
7559  24.859  -80.373  -17.664 0.6000000238
8184  23.317  -79.772  -18.093 0.5000000000
8164  26.122  -79.328  -17.598 0.6999999881
8848  27.571  -78.377  -17.734 0.6000000238
8849  26.624  -78.489  -17.439 0.6999999881
8851  24.929  -78.849  -17.057 0.6999999881
9531  28.008  -77.550  -17.332 0.6000000238
9532  27.123  -77.729  -17.063 0.6000000238
132501  25.229  -78.157  -17.218 0.6999999881
10148  28.766  -76.197  -16.640 0.6999999881
9511  27.549  -77.018  -16.800 0.6000000238
9513  26.105  -76.980  -16.945 0.6000000238
129474  27.870  -74.901  -16.370 0.6000000238
10825  28.216  -75.611  -16.386 0.6999999881
10827  26.459  -75.579  -17.016 0.6999999881
12436  27.471  -73.209  -16.879 0.6000000238
11594  27.287  -73.907  -17.136 0.6000000238
11581  27.131  -74.777  -16.826 0.6999999881
13465  22.906  -72.580  -27.898 0.6000000238
11595  26.809  -74.232  -17.612 0.6999999881
11695  24.461  -74.514  -24.173 0.6999999881
13431  22.437  -72.911  -26.233 0.6000000238
13311  26.422  -72.818  -17.873 0.6999999881
12451  27.007  -73.337  -17.555 0.6000000238
12462  26.495  -73.678  -19.175 0.8000000119
12494  26.294  -73.907  -20.624 0.6999999881
11662  25.467  -74.519  -21.722 0.6999999881
11678  24.838  -74.749  -22.640 0.6999999881
8272  23.414  -79.746  -24.320 0.6000000238
8324  25.958  -79.089  -27.410 0.6999999881
144808  25.614  -79.518  -26.571 0.6999999881
8304  24.732  -79.457  -26.409 0.6000000238
9659  26.770  -77.631  -29.540 0.5000000000
8973  26.168  -78.049  -28.815 0.6999999881
8348  26.678  -78.939  -30.091 0.4000000060
9003  26.509  -78.278  -30.207 0.5000000000
7598  23.365  -79.689  -21.363 0.5000000000
8231  22.926  -79.461  -22.047 0.5000000000
7590  23.902  -80.487  -20.518 0.5000000000
6982  25.181  -81.297  -18.919 0.6000000238
7580  27.277  -79.930  -19.361 0.6000000238
7570  26.184  -80.485  -18.427 0.6999999881
7572  24.596  -80.765  -18.347 0.6999999881
8874  27.727  -79.187  -19.033 0.6999999881
8183  26.489  -79.783  -18.098 0.6999999881
9555  29.186  -77.551  -18.577 0.6000000238
8861  28.098  -78.607  -18.571 0.6000000238
8163  26.917  -79.067  -17.915 0.6999999881
10834  31.105  -75.299  -17.490 0.6999999881
10156  30.032  -76.257  -17.596 0.6999999881
10175  29.725  -76.875  -18.203 0.6999999881
13511  24.169  -71.863  -30.220 0.6000000238
11577  30.260  -74.497  -16.223 0.6000000238
10835  30.373  -75.627  -17.161 0.6999999881
9510  28.404  -76.857  -17.001 0.6999999881
14102  27.720  -71.680  -15.640 0.6000000238
13294  28.232  -72.807  -16.033 0.6000000238
12419  29.384  -73.280  -15.736 0.6000000238
11567  29.813  -73.904  -15.850 0.6000000238
10824  29.054  -75.466  -16.357 0.6999999881
12618  24.151  -72.568  -27.994 0.6000000238
141049  26.544  -72.247  -16.507 0.6000000238
12435  28.048  -73.400  -16.354 0.6000000238
146263  25.204  -73.564  -24.496 0.6999999881
12593  25.123  -73.408  -25.791 0.6000000238
11730  24.690  -74.135  -25.291 0.6999999881
12596  23.581  -73.259  -26.569 0.6000000238
14123  25.855  -71.665  -16.189 0.5000000000
13312  25.455  -72.350  -17.637 0.6000000238
13333  24.877  -72.300  -18.421 0.8000000119
13350  25.206  -72.634  -20.081 0.8000000119
13377  24.800  -72.712  -21.871 0.8000000119
13376  25.604  -73.432  -21.489 0.8000000119
12524  25.385  -74.098  -22.814 0.6999999881
11729  25.213  -74.081  -24.567 0.6999999881
13332  26.162  -73.091  -19.299 0.8000000119
13365  25.917  -73.339  -20.621 0.8000000119
147468  25.786  -79.975  -25.867 0.6999999881
7653  25.450  -80.178  -25.212 0.6999999881
7643  24.443  -79.891  -24.146 0.6999999881
8257  23.235  -79.676  -23.593 0.6000000238
8956  26.558  -78.503  -27.913 0.6999999881
7628  24.016  -79.776  -23.498 0.6000000238
8972  26.999  -77.772  -28.777 0.6000000238
7613  23.339  -79.631  -22.306 0.5000000000
127335  23.891  -80.219  -21.923 0.5000000000
15803  10.720  -68.844  -24.931 0.6000000238
7025  24.838  -81.363  -21.128 0.5000000000
15829  12.363  -68.933  -26.093 0.5000000000
7009  25.467  -81.627  -20.522 0.5000000000
141288  14.820  -68.942  -27.681 0.6000000238
7022  27.680  -81.059  -21.086 0.6999999881
7008  26.356  -81.556  -20.359 0.6000000238
8883  28.532  -78.853  -20.285 0.6999999881
148662  27.099  -80.752  -19.707 0.6999999881
15067  19.765  -70.799  -28.662 0.6000000238
9569  29.373  -77.759  -19.403 0.6999999881
8872  28.995  -78.335  -19.825 0.6000000238
10852  32.098  -75.306  -18.424 0.6999999881
10871  31.737  -75.801  -19.100 0.6999999881
125042  30.373  -76.671  -18.901 0.6999999881
15081  23.904  -70.967  -30.010 0.6000000238
15076  21.852  -71.102  -29.585 0.6000000238
11592  31.483  -74.671  -17.090 0.6000000238
10174  30.372  -76.376  -18.270 0.6999999881
124201  25.154  -70.854  -28.953 0.6000000238
14303  22.238  -71.679  -30.335 0.6000000238
13292  31.842  -72.376  -16.675 0.6000000238
11566  30.595  -73.761  -16.035 0.6000000238
147034  24.589  -70.854  -27.395 0.6999999881
14265  25.039  -71.800  -27.406 0.6000000238
14289  25.027  -71.490  -29.124 0.6000000238
134527  29.039  -71.972  -15.487 0.6000000238
14973  23.133  -71.085  -22.799 0.6000000238
147140  23.845  -71.536  -24.283 0.6000000238
14231  24.354  -72.278  -23.943 0.6999999881
13430  25.076  -72.772  -25.690 0.6000000238
12617  24.871  -72.672  -27.252 0.6000000238
14183  23.511  -71.483  -20.666 0.6000000238
129817  24.096  -72.036  -23.107 0.8000000119
14170  24.414  -72.129  -19.325 0.6000000238
14182  24.201  -72.060  -21.219 0.6999999881
13388  24.911  -72.967  -22.654 0.8000000119
8303  26.634  -80.051  -26.237 0.6999999881
7652  26.373  -80.454  -25.446 0.6999999881
7641  26.134  -80.732  -24.660 0.6999999881
8954  28.282  -77.921  -27.831 0.6999999881
8323  27.231  -79.059  -27.235 0.6999999881
7058  25.883  -81.098  -23.884 0.6000000238
7611  24.879  -80.777  -22.790 0.6000000238
16541  7.161  -68.260  -23.452 0.6000000238
145750  7.089  -69.036  -22.585 0.6000000238
16556  9.556  -68.440  -24.891 0.6000000238
15806  8.710  -68.472  -23.994 0.6000000238
7037  25.492  -81.453  -22.259 0.6000000238
16573  11.188  -68.573  -25.641 0.5000000000
7021  28.210  -80.934  -21.918 0.6999999881
123493  26.952  -81.558  -21.070 0.6999999881
16584  15.072  -68.482  -27.173 0.4000000060
16586  13.185  -68.888  -26.876 0.5000000000
8890  28.715  -78.907  -21.063 0.6999999881
8230  28.526  -79.466  -21.372 0.8000000119
15843  16.318  -69.367  -27.237 0.5000000000
8882  29.160  -78.386  -20.636 0.6000000238
8216  28.264  -79.485  -20.699 0.6999999881
15050  20.153  -70.592  -27.647 0.6000000238
10185  30.319  -76.915  -19.691 0.6999999881
9568  29.835  -77.383  -19.791 0.6999999881
15867  22.712  -69.583  -28.632 0.6999999881
15065  21.652  -70.440  -28.643 0.6000000238
147338  33.089  -74.691  -18.655 0.6999999881
10870  32.706  -75.231  -18.964 0.6999999881
15865  23.734  -68.556  -28.320 0.5000000000
15063  24.128  -70.080  -29.313 0.6000000238
13329  33.331  -72.666  -18.384 0.6000000238
11591  32.789  -73.913  -17.669 0.6000000238
11611  32.620  -74.681  -18.154 0.6999999881
130291  24.219  -69.492  -28.729 0.6999999881
12450  32.602  -73.158  -17.323 0.6000000238
11576  31.793  -73.989  -16.763 0.6000000238
15796  23.333  -70.176  -25.223 0.5000000000
15031  24.141  -70.229  -26.877 0.6000000238
13279  30.603  -72.410  -15.777 0.6000000238
14974  22.513  -70.558  -22.705 0.6000000238
14993  22.993  -70.799  -23.328 0.5000000000
14240  23.798  -71.191  -25.042 0.6999999881
14951  22.488  -70.772  -20.471 0.6000000238
7667  27.637  -80.146  -26.234 0.6999999881
7651  27.259  -80.535  -25.621 0.6999999881
7057  26.846  -81.363  -24.143 0.6000000238
7048  26.578  -81.560  -23.278 0.6000000238
16517  6.939  -68.498  -21.263 0.4000000060
15706  7.217  -69.257  -21.022 0.5000000000
7035  27.166  -81.677  -22.573 0.6000000238
17367  8.395  -67.981  -24.159 0.5000000000
15727  7.438  -69.853  -21.271 0.6000000238
7046  28.371  -81.151  -23.569 0.6999999881
7609  29.157  -79.864  -22.936 0.6999999881
7023  26.714  -81.706  -21.799 0.6000000238
17386  13.071  -68.268  -26.579 0.5000000000
9590  29.604  -77.743  -21.836 0.6999999881
16583  15.806  -68.786  -26.729 0.4000000060
10897  32.805  -76.112  -21.220 0.6999999881
10194  31.931  -76.324  -21.025 0.6999999881
10208  31.139  -76.512  -21.701 0.6999999881
15034  18.859  -70.554  -26.743 0.6000000238
11644  33.882  -74.895  -20.070 0.6999999881
10884  33.406  -75.552  -20.626 0.6999999881
122757  30.758  -76.584  -20.320 0.6999999881
10196  30.552  -76.714  -21.127 0.6999999881
15841  19.805  -69.690  -26.342 0.5000000000
15049  21.060  -70.210  -27.756 0.5000000000
142579  33.759  -73.973  -19.050 0.6000000238
11627  33.481  -74.666  -19.200 0.6999999881
10869  33.140  -75.389  -19.783 0.6999999881
10885  31.668  -76.223  -20.126 0.6999999881
15856  21.450  -69.261  -27.591 0.5000000000
13330  32.852  -72.108  -18.057 0.5000000000
13349  33.773  -72.579  -19.228 0.6000000238
11610  33.337  -74.121  -18.413 0.6000000238
7666  28.577  -79.819  -26.043 0.6999999881
7639  28.239  -80.762  -24.948 0.6999999881
16516  7.762  -68.283  -20.959 0.4000000060
8282  29.389  -79.621  -25.410 0.6999999881
7056  27.828  -81.231  -24.401 0.6999999881
15703  9.077  -69.137  -19.849 0.4000000060
7638  29.386  -80.125  -24.547 0.6999999881
15704  8.200  -69.511  -20.018 0.6000000238
8256  29.525  -79.067  -23.024 0.8000000119
130544  29.576  -79.626  -23.768 0.6999999881
10237  30.634  -76.719  -23.289 0.6000000238
9598  29.706  -77.718  -22.618 0.6000000238
14922  10.829  -71.078  -18.353 0.6000000238
10207  32.150  -76.407  -21.881 0.6999999881
10223  31.463  -76.514  -22.704 0.6999999881
9597  29.987  -77.163  -22.199 0.6000000238
122881  34.355  -75.290  -21.804 0.6000000238
12509  34.995  -73.747  -21.071 0.6000000238
13335  11.631  -73.035  -17.797 0.5000000000
13348  34.270  -72.889  -19.929 0.6000000238
12473  34.349  -73.591  -19.996 0.6999999881
14167  33.476  -71.790  -19.622 0.5000000000
8269  29.841  -79.242  -24.634 0.6999999881
15702  10.009  -68.970  -19.939 0.4000000060
8905  29.918  -78.604  -23.783 0.8000000119
15681  9.655  -69.627  -19.324 0.5000000000
129066  31.353  -76.478  -23.682 0.8000000119
141819  11.867  -70.631  -18.594 0.4000000060
15680  10.852  -69.376  -19.652 0.4000000060
9605  29.889  -77.699  -23.365 0.6999999881
134550  11.906  -71.569  -18.225 0.4000000060
14939  10.211  -70.221  -18.792 0.5000000000
11676  35.059  -74.742  -22.279 0.6000000238
10906  33.806  -75.950  -22.248 0.6000000238
10222  32.516  -76.423  -22.651 0.6999999881
130166  13.564  -71.458  -18.374 0.4000000060
11660  35.351  -73.835  -21.735 0.6000000238
11661  34.754  -74.483  -21.381 0.6000000238
13314  13.171  -72.858  -17.612 0.4000000060
14157  11.131  -72.211  -18.054 0.6000000238
144094  34.456  -72.496  -20.496 0.6000000238
14178  34.272  -71.893  -20.892 0.5000000000
125033  33.487  -71.529  -21.143 0.5000000000
15679  12.054  -69.543  -19.622 0.4000000060
135731  30.365  -77.026  -24.586 0.8000000119
14937  12.686  -70.188  -19.077 0.4000000060
10248  30.683  -76.630  -24.284 0.6999999881
141219  12.755  -71.077  -18.519 0.4000000060
10235  33.812  -76.176  -23.803 0.6000000238
144260  32.114  -76.470  -23.287 0.6999999881
126673  34.442  -75.545  -22.606 0.6000000238
10220  33.871  -76.159  -23.010 0.6000000238
14141  14.749  -71.605  -17.564 0.4000000060
14142  13.985  -72.196  -17.809 0.4000000060
12492  35.343  -73.133  -21.332 0.6000000238
13313  13.790  -73.033  -17.141 0.4000000060
13363  34.880  -72.482  -21.148 0.4000000060
14936  13.727  -69.846  -19.422 0.4000000060
10247  31.426  -76.321  -24.573 0.6999999881
128400  14.255  -70.387  -19.000 0.4000000060
10931  33.600  -75.893  -24.600 0.6999999881
10236  32.259  -76.431  -24.008 0.6000000238
14155  14.362  -71.109  -18.395 0.4000000060
132718  35.485  -74.663  -23.070 0.6000000238
10916  35.105  -75.264  -23.634 0.6000000238
13297  14.332  -72.401  -17.092 0.4000000060
13375  35.425  -72.510  -21.901 0.6000000238
14128  14.353  -72.266  -16.455 0.3000000119
14210  33.973  -71.477  -22.653 0.4000000060
14209  34.646  -71.459  -23.053 0.4000000060
14126  15.447  -71.155  -17.199 0.4000000060
14127  14.894  -71.739  -16.876 0.4000000060
12522  36.176  -73.207  -22.899 0.6000000238
13386  35.864  -72.574  -22.688 0.6000000238
13400  36.357  -72.505  -23.460 0.6000000238
14226  35.187  -71.359  -23.495 0.4000000060
141880  35.505  -71.045  -23.971 0.5000000000
14988  34.069  -70.766  -23.573 0.4000000060
16385  12.586  -69.252  -11.465 0.3000000119
133155  34.692  -70.127  -23.493 0.4000000060
15609  16.320  -69.604  -14.599 0.4000000060
15585  13.954  -69.982  -11.334 0.3000000119
17177  11.721  -67.569  -9.515 0.4000000060
16408  16.259  -69.183  -13.911 0.4000000060
145601  15.970  -70.160  -12.536 0.4000000060
15571  14.266  -69.646  -10.558 0.3000000119
15584  14.941  -70.090  -11.131 0.3000000119
147019  12.646  -68.358  -10.136 0.3000000119
16384  13.325  -69.418  -10.953 0.3000000119
17184  12.181  -67.970  -9.828 0.3000000119
126468  16.185  -69.629  -11.806 0.4000000060
15582  16.157  -69.308  -10.920 0.4000000060
14829  15.470  -70.289  -11.965 0.4000000060
16378  13.476  -68.968  -10.072 0.3000000119
16366  13.044  -68.231  -9.551 0.3000000119
19739  10.231  -65.201  -5.053 0.4000000060
20619  9.536  -63.381  -6.707 0.3000000119
21464  9.009  -63.171  -7.457 0.3000000119
17176  12.539  -67.901  -9.071 0.3000000119
17167  11.948  -67.670  -8.454 0.3000000119
16377  16.027  -68.978  -9.651 0.4000000060
15569  15.854  -69.347  -10.278 0.4000000060
15558  14.608  -69.328  -9.677 0.3000000119
132975  13.910  -68.741  -9.183 0.3000000119
17175  13.411  -68.184  -8.740 0.3000000119
17935  11.108  -66.201  -5.614 0.3000000119
17166  12.887  -67.886  -8.006 0.3000000119
20610  10.231  -63.955  -6.121 0.3000000119
17155  12.257  -67.612  -7.282 0.3000000119
20618  10.349  -63.577  -7.096 0.4000000060
20629  9.611  -63.387  -7.743 0.3000000119
20628  10.426  -63.477  -8.093 0.3000000119
20639  9.662  -63.309  -8.630 0.3000000119
16364  15.621  -68.734  -9.002 0.4000000060
16365  14.863  -68.856  -8.834 0.4000000060
16351  14.661  -68.374  -8.031 0.3000000119
19738  10.980  -65.485  -5.425 0.4000000060
17153  13.912  -67.650  -7.194 0.3000000119
18845  11.812  -65.769  -5.686 0.3000000119
19763  11.041  -64.049  -6.375 0.4000000060
19751  11.530  -64.846  -5.840 0.4000000060
21475  9.713  -63.190  -9.536 0.3000000119
17163  15.615  -67.891  -7.965 0.4000000060
16338  15.045  -68.165  -7.634 0.4000000060
17142  14.035  -67.186  -6.996 0.4000000060
17948  13.838  -66.800  -6.798 0.4000000060
17154  13.158  -67.736  -7.101 0.3000000119
18844  12.648  -66.056  -5.972 0.3000000119
19750  12.319  -65.081  -6.196 0.3000000119
19762  11.843  -64.188  -6.710 0.3000000119
20627  11.291  -63.405  -8.417 0.5000000000
19771  11.172  -63.670  -7.406 0.4000000060
21494  8.968  -62.975  -10.025 0.3000000119
18857  14.974  -66.103  -7.556 0.4000000060
17962  14.014  -66.284  -6.911 0.4000000060
18858  13.824  -65.552  -7.093 0.3000000119
137272  12.723  -63.860  -8.015 0.3000000119
19782  12.178  -63.459  -8.798 0.3000000119
125675  12.007  -63.038  -9.529 0.3000000119
18843  13.406  -66.371  -6.482 0.3000000119
18859  13.109  -65.318  -6.657 0.3000000119
19770  12.036  -63.673  -7.709 0.3000000119
20650  11.452  -62.741  -10.166 0.3000000119
19761  12.636  -64.356  -7.136 0.3000000119
20637  11.340  -63.123  -9.322 0.3000000119
20638  10.510  -63.270  -9.006 0.3000000119
21509  8.658  -62.222  -11.356 0.3000000119
136353  16.476  -66.374  -8.443 0.3000000119
18870  16.321  -65.711  -8.233 0.3000000119
18871  15.660  -65.915  -7.766 0.3000000119
19769  14.820  -64.706  -8.334 0.3000000119
20635  13.579  -63.510  -9.167 0.3000000119
20649  12.366  -62.737  -10.000 0.3000000119
18872  15.008  -65.467  -7.817 0.3000000119
19780  13.916  -64.267  -8.494 0.3000000119
19781  13.115  -63.763  -8.643 0.3000000119
20636  12.704  -63.299  -9.379 0.3000000119
141749  12.029  -62.341  -10.574 0.3000000119
21507  11.214  -62.156  -10.970 0.3000000119
20651  10.575  -62.991  -9.868 0.3000000119
135297  10.576  -62.672  -10.596 0.3000000119
21493  9.746  -63.027  -10.461 0.3000000119
21508  9.888  -62.339  -11.255 0.3000000119
18882  16.953  -65.806  -8.804 0.3000000119
19768  15.825  -65.142  -8.147 0.3000000119
19779  14.629  -63.813  -8.884 0.3000000119
20648  13.205  -62.854  -9.850 0.3000000119
133665  10.734  -61.758  -11.511 0.3000000119
22389  8.447  -61.276  -12.461 0.3000000119
21492  12.843  -62.298  -10.546 0.3000000119
21506  12.187  -61.842  -10.949 0.3000000119
132374  10.891  -61.198  -11.811 0.3000000119
22373  9.979  -61.576  -11.911 0.3000000119
22374  8.920  -62.091  -12.021 0.3000000119
22388  9.248  -61.304  -12.391 0.3000000119
22362  12.849  -61.791  -10.882 0.3000000119
22371  12.418  -61.420  -11.204 0.3000000119
22372  11.589  -61.544  -11.420 0.3000000119
21491  13.501  -62.040  -10.705 0.3000000119
23239  12.679  -60.877  -11.103 0.3000000119
23240  11.800  -60.923  -11.544 0.3000000119
139993  10.954  -60.588  -11.802 0.3000000119
23258  10.077  -60.758  -12.350 0.3000000119
23259  8.905  -60.523  -12.754 0.3000000119
4709  27.534  -85.416  -30.531 0.5000000000
4727  27.217  -85.159  -31.305 0.5000000000
5938  27.629  -84.047  -31.628 0.4000000060
127928  23.007  -74.708  -20.016 0.6999999881
12542  22.856  -73.942  -23.982 0.6999999881
7706  25.497  -80.723  -30.417 0.4000000060
5341  28.205  -84.532  -31.483 0.5000000000
10158  26.070  -76.359  -17.091 0.6000000238
6992  24.958  -81.439  -19.676 0.5000000000
10149  27.908  -76.346  -16.594 0.6000000238
8242  29.129  -79.275  -22.403 0.8000000119
7034  27.996  -81.387  -22.674 0.6999999881
9589  29.986  -77.162  -21.440 0.6000000238
14150  33.234  -71.927  -18.792 0.5000000000
132284  32.569  -75.919  -20.405 0.6999999881
13334  12.159  -72.558  -17.897 0.4000000060
14180  32.854  -71.409  -20.403 0.5000000000
12540  35.702  -73.903  -22.533 0.6000000238
14194  34.050  -71.609  -21.700 0.4000000060
10930  34.465  -75.661  -24.166 0.6000000238
11693  35.695  -74.622  -23.840 0.6000000238
14106  14.681  -71.533  -16.132 0.3000000119
14192  35.407  -71.959  -22.650 0.4000000060
13401  35.876  -71.869  -23.381 0.4000000060
15593  16.277  -69.703  -12.789 0.4000000060
133968  15.753  -67.196  -7.804 0.3000000119
19777  16.797  -64.835  -8.636 0.3000000119
11728  33.856  -74.952  -26.016 0.5000000000
10948  32.149  -75.511  -25.712 0.5000000000
10253  31.398  -75.867  -25.337 0.6999999881
10949  30.576  -75.803  -25.991 0.6999999881
8922  29.858  -78.575  -25.525 0.6000000238
10947  33.232  -75.506  -25.431 0.5000000000
10246  32.471  -76.046  -24.843 0.6000000238
144748  30.866  -76.279  -25.125 0.6000000238
8934  28.844  -78.455  -26.980 0.6000000238
8302  27.910  -79.457  -26.658 0.6000000238
10967  30.779  -75.076  -26.633 0.6999999881
9629  29.797  -77.168  -26.607 0.6000000238
8933  29.530  -78.040  -26.616 0.6000000238
9628  30.194  -76.573  -26.124 0.6999999881
9619  30.098  -77.568  -25.900 0.6000000238
8301  28.571  -79.121  -26.596 0.6000000238
11727  34.834  -74.737  -25.749 0.5000000000
10989  29.951  -74.740  -27.971 0.6999999881
10969  29.743  -75.359  -27.597 0.6999999881
9643  29.114  -76.711  -28.237 0.6000000238
11745  31.209  -74.458  -27.168 0.6000000238
10968  30.192  -75.210  -27.031 0.6999999881
125792  29.433  -77.257  -27.254 0.6000000238
11758  31.527  -73.698  -27.757 0.6000000238
12574  36.197  -73.847  -25.851 0.5000000000
10946  34.410  -75.388  -25.110 0.5000000000
127757  30.841  -74.012  -27.909 0.6999999881
10990  29.669  -75.028  -28.474 0.6000000238
146022  27.685  -77.511  -28.630 0.6000000238
12590  36.577  -73.085  -26.278 0.5000000000
11726  35.684  -74.437  -25.435 0.5000000000
141812  37.397  -71.348  -25.743 0.5000000000
12573  36.807  -73.240  -25.425 0.5000000000
147279  36.364  -69.710  -24.891 0.4000000060
137778  19.704  -73.457  -21.122 0.4000000060
11632  21.577  -74.119  -19.043 0.4000000060
12477  20.361  -73.669  -19.791 0.4000000060
11616  20.481  -74.316  -18.413 0.5000000000
10840  21.244  -75.322  -17.609 0.5000000000
11598  20.000  -74.760  -18.118 0.5000000000
12556  36.768  -73.253  -24.564 0.5000000000
10164  20.572  -75.881  -17.818 0.5000000000
131112  17.854  -78.018  -17.326 0.6000000238
129188  37.026  -71.257  -24.920 0.4000000060
9556  20.939  -77.224  -18.455 0.5000000000
138284  19.818  -76.344  -18.053 0.5000000000
9518  18.861  -77.889  -16.794 0.5000000000
12497  19.233  -73.602  -20.607 0.5000000000
11633  19.008  -74.093  -19.307 0.5000000000
11634  18.527  -74.215  -19.934 0.5000000000
11618  18.797  -74.656  -18.726 0.5000000000
10876  17.833  -75.650  -19.428 0.5000000000
10842  19.440  -75.401  -18.108 0.5000000000
10178  18.301  -76.149  -18.144 0.5000000000
10167  17.878  -76.711  -17.974 0.5000000000
13414  36.794  -72.384  -24.284 0.5000000000
131411  19.160  -76.794  -17.625 0.5000000000
15793  36.386  -69.532  -24.508 0.4000000060
14237  36.174  -70.200  -24.807 0.4000000060
15007  35.934  -69.782  -24.518 0.4000000060
13448  21.629  -72.628  -26.792 0.5000000000
10901  18.136  -75.113  -21.273 0.5000000000
12539  36.555  -73.236  -23.686 0.5000000000
14225  36.276  -71.410  -24.212 0.4000000060
13503  23.491  -72.721  -29.830 0.5000000000
12662  22.643  -73.358  -31.086 0.5000000000
12679  21.832  -73.883  -31.403 0.5000000000
13489  22.240  -72.793  -28.562 0.5000000000
14238  35.624  -70.331  -24.283 0.4000000060
13513  23.090  -72.448  -30.779 0.5000000000
13527  21.536  -73.160  -31.064 0.5000000000
14305  19.847  -71.749  -30.026 0.5000000000
14317  19.333  -72.450  -30.458 0.5000000000
13517  19.005  -73.042  -30.810 0.5000000000
139907  20.016  -74.399  -31.423 0.4000000060
15079  18.076  -71.010  -29.621 0.5000000000
13504  18.160  -72.472  -29.843 0.6000000238
12654  18.468  -73.455  -30.043 0.6000000238
15077  20.539  -71.082  -29.354 0.5000000000
14307  16.528  -70.844  -29.225 0.5000000000
13505  16.653  -71.297  -29.221 0.5000000000
13469  16.596  -71.793  -27.868 0.6000000238
13490  17.423  -72.483  -28.607 0.6000000238
12636  17.969  -73.540  -28.365 0.6000000238
11780  18.375  -75.136  -29.467 0.5000000000
10992  17.437  -75.437  -27.711 0.5000000000
10278  16.701  -76.012  -27.546 0.5000000000
15068  18.018  -70.441  -28.994 0.5000000000
15868  16.321  -69.969  -28.721 0.5000000000
15037  14.790  -69.878  -27.866 0.5000000000
14278  16.014  -71.090  -28.430 0.5000000000
15023  14.551  -70.179  -26.331 0.6000000238
13451  16.720  -72.257  -26.772 0.6000000238
12600  17.174  -73.046  -26.825 0.6000000238
11762  17.596  -74.330  -27.560 0.6000000238
125439  16.771  -75.066  -26.398 0.5000000000
13407  11.446  -72.466  -22.650 0.5000000000
10953  15.274  -75.418  -25.742 0.5000000000
15052  18.028  -70.370  -27.903 0.5000000000
15846  13.490  -69.282  -27.054 0.5000000000
15827  13.809  -69.691  -26.389 0.6000000238
15800  13.633  -69.698  -25.310 0.6000000238
15777  12.990  -69.713  -23.306 0.6000000238
148206  15.603  -71.190  -25.301 0.6000000238
14996  14.480  -70.808  -23.130 0.6000000238
13434  16.437  -72.504  -25.624 0.6000000238
13404  15.581  -72.359  -23.784 0.6000000238
134851  17.092  -74.068  -26.684 0.6000000238
11712  16.034  -74.255  -24.848 0.5000000000
10952  16.152  -75.337  -25.916 0.5000000000
10933  15.014  -74.987  -24.927 0.5000000000
11699  14.274  -74.039  -23.718 0.5000000000
11733  14.418  -74.770  -24.796 0.5000000000
12564  13.586  -73.839  -23.791 0.5000000000
15802  12.187  -69.061  -24.942 0.6000000238
15778  12.168  -69.313  -23.715 0.6000000238
139234  11.812  -69.667  -22.949 0.6000000238
14980  11.360  -70.524  -21.861 0.6000000238
15748  13.065  -70.215  -22.513 0.6000000238
14216  14.398  -71.923  -22.370 0.6000000238
14963  12.857  -71.332  -21.586 0.6000000238
13405  15.003  -72.537  -22.924 0.5000000000
13390  13.694  -72.540  -21.981 0.5000000000
11698  15.032  -74.052  -23.805 0.5000000000
13391  12.863  -72.489  -21.859 0.5000000000
13379  12.167  -72.083  -21.663 0.6000000238
12549  13.851  -73.573  -23.051 0.5000000000
13406  12.589  -72.670  -22.459 0.5000000000
13392  11.831  -72.371  -21.937 0.5000000000
12532  9.924  -73.775  -21.765 0.5000000000
14981  9.222  -70.565  -22.239 0.6000000238
14965  9.929  -71.349  -21.564 0.6000000238
139014  11.039  -71.191  -21.538 0.6000000238
14200  12.344  -71.685  -21.519 0.6000000238
126848  9.697  -72.682  -21.422 0.6000000238
13394  9.769  -73.186  -21.734 0.5000000000
14966  7.962  -71.142  -21.713 0.6000000238
14202  10.462  -71.947  -21.354 0.6000000238
13367  8.756  -73.275  -20.479 0.6000000238
12514  9.580  -73.793  -20.853 0.5000000000
14924  8.522  -71.409  -18.638 0.6000000238
14185  7.631  -71.768  -20.333 0.6000000238
14160  8.083  -72.098  -18.691 0.6000000238
13368  8.128  -72.624  -20.479 0.6000000238
13382  8.559  -72.702  -20.864 0.6000000238
12499  9.578  -73.903  -20.009 0.5000000000
14159  8.933  -72.072  -18.469 0.6000000238
144318  8.712  -72.585  -18.792 0.6000000238
13337  9.547  -72.801  -18.519 0.6000000238
12500  8.430  -73.126  -19.865 0.6000000238
13336  10.778  -73.063  -18.022 0.6000000238
129140  11.875  -73.840  -17.704 0.5000000000
13315  12.523  -73.517  -17.453 0.4000000060
8300  29.245  -79.047  -26.267 0.6000000238
9618  30.342  -77.055  -25.384 0.6999999881
10945  35.174  -75.172  -24.424 0.5000000000
11692  36.351  -73.963  -24.109 0.5000000000
145418  37.380  -72.033  -25.780 0.5000000000
12555  37.214  -72.363  -25.224 0.5000000000
10187  17.585  -76.607  -19.147 0.6000000238
14267  15.587  -70.940  -26.892 0.6000000238
15022  15.102  -70.664  -25.263 0.6000000238
12562  16.361  -73.453  -25.010 0.6000000238
12529  14.106  -73.199  -22.526 0.5000000000
14184  7.750  -72.138  -20.658 0.6000000238
14203  9.183  -72.251  -21.293 0.6000000238
12481  9.213  -73.398  -19.130 0.6000000238
12480  10.984  -74.194  -19.258 0.6000000238
5313  28.712  -85.056  -29.011 0.4000000060
4112  30.816  -86.552  -27.859 0.5000000000
4692  31.243  -85.941  -28.381 0.5000000000
4122  30.338  -86.332  -28.474 0.4000000060
4694  29.962  -86.147  -29.120 0.4000000060
4707  29.613  -85.684  -29.800 0.4000000060
5323  28.123  -85.375  -29.889 0.4000000060
5288  31.174  -84.842  -27.570 0.5000000000
5311  30.218  -85.396  -29.850 0.5000000000
4718  29.715  -84.931  -30.578 0.5000000000
144511  29.083  -85.513  -30.247 0.4000000060
5904  31.146  -83.986  -28.313 0.5000000000
5919  31.085  -83.643  -29.484 0.5000000000
5920  30.517  -84.270  -29.861 0.5000000000
5933  29.793  -83.721  -30.985 0.5000000000
5333  29.233  -84.614  -31.150 0.4000000060
5934  29.078  -83.755  -31.384 0.4000000060
6517  31.770  -83.135  -29.006 0.5000000000
5918  31.862  -82.670  -29.948 0.5000000000
6529  31.939  -82.225  -30.383 0.5000000000
5928  31.079  -83.111  -30.299 0.5000000000
6540  30.451  -82.721  -30.706 0.5000000000
5937  28.371  -83.847  -31.528 0.4000000060
9671  27.232  -77.446  -30.068 0.5000000000
9672  26.654  -77.677  -29.975 0.4000000060
9002  27.194  -77.946  -30.335 0.4000000060
8347  27.520  -78.397  -30.064 0.4000000060
8341  27.211  -79.546  -29.492 0.4000000060
7698  26.717  -80.323  -29.479 0.4000000060
6539  31.260  -82.366  -30.454 0.5000000000
7109  27.276  -81.430  -29.296 0.4000000060
6543  26.893  -82.061  -30.227 0.4000000060
145348  27.576  -82.757  -30.982 0.4000000060
7106  31.867  -81.652  -30.290 0.4000000060
7115  31.209  -82.001  -30.531 0.5000000000
6542  28.544  -83.085  -31.219 0.4000000060
6541  29.587  -82.996  -31.143 0.4000000060
9001  27.806  -77.511  -30.283 0.4000000060
130071  27.996  -79.434  -29.054 0.4000000060
7691  27.505  -80.517  -28.873 0.4000000060
7697  32.867  -81.372  -29.733 0.4000000060
7108  28.313  -81.914  -29.197 0.4000000060
6532  27.887  -82.347  -30.141 0.4000000060
7093  31.712  -81.380  -29.362 0.4000000060
128300  30.533  -81.868  -29.940 0.4000000060
7107  29.416  -82.098  -29.466 0.4000000060
6530  30.177  -82.431  -30.565 0.4000000060
9658  27.542  -77.234  -29.663 0.5000000000
9657  28.280  -76.760  -30.053 0.4000000060
9670  28.465  -76.978  -30.249 0.4000000060
8985  29.006  -77.161  -30.144 0.4000000060
147572  29.396  -78.492  -28.735 0.4000000060
8321  29.390  -79.677  -27.892 0.4000000060
7679  29.844  -80.884  -27.395 0.4000000060
7680  29.041  -80.739  -27.822 0.4000000060
7082  31.730  -81.025  -27.883 0.4000000060
7678  30.738  -81.016  -27.414 0.4000000060
7085  29.546  -81.312  -27.854 0.4000000060
9644  28.258  -76.904  -28.883 0.5000000000
9656  28.834  -76.315  -29.536 0.5000000000
10275  29.377  -75.773  -28.645 0.6000000238
10301  29.180  -76.336  -29.896 0.5000000000
8970  29.766  -77.583  -29.244 0.4000000060
8952  30.586  -78.182  -27.761 0.4000000060
8951  31.483  -78.567  -26.879 0.4000000060
8299  31.884  -79.559  -26.762 0.4000000060
10300  29.650  -76.072  -29.692 0.4000000060
11759  29.908  -74.586  -28.882 0.5000000000
10287  30.394  -75.794  -29.423 0.4000000060
9642  30.576  -77.220  -28.461 0.4000000060
11005  31.153  -75.075  -29.020 0.5000000000
11004  32.108  -74.639  -28.744 0.4000000060
10286  31.244  -75.888  -28.540 0.4000000060
10274  31.910  -76.113  -27.595 0.4000000060
12649  30.891  -73.671  -29.224 0.6000000238
128713  30.437  -74.151  -28.500 0.6000000238
11775  31.591  -74.063  -29.307 0.5000000000
11003  33.077  -74.707  -28.585 0.4000000060
128985  31.288  -75.454  -25.986 0.5000000000
141229  9.969  -68.843  -23.959 0.5000000000
14982  8.370  -70.421  -22.234 0.5000000000
15683  8.077  -70.276  -19.818 0.5000000000
14999  8.189  -69.547  -22.836 0.5000000000
14953  7.725  -70.852  -20.796 0.5000000000
15752  9.561  -69.692  -22.946 0.5000000000
5310  30.728  -85.091  -29.037 0.5000000000
4693  30.453  -86.086  -28.812 0.5000000000
8986  28.373  -77.870  -30.004 0.4000000060
8971  29.086  -77.901  -29.612 0.4000000060
7094  30.763  -81.610  -28.936 0.4000000060
9668  29.322  -76.667  -29.937 0.4000000060
9654  30.706  -76.470  -28.794 0.4000000060
8320  30.882  -79.280  -27.093 0.4000000060
7665  31.313  -80.330  -27.126 0.4000000060
11021  29.637  -75.717  -29.519 0.5000000000
9627  31.925  -77.688  -26.774 0.4000000060
11793  30.452  -74.381  -29.209 0.5000000000
136796  31.324  -73.594  -29.297 0.6000000238
142707  32.689  -75.264  -28.123 0.5000000000
12648  31.590  -73.126  -29.301 0.5000000000
15816  40.061  -69.492  -26.643 0.3000000119
15837  38.397  -69.243  -27.482 0.3000000119
137779  37.725  -69.105  -27.688 0.3000000119
132624  38.823  -69.408  -26.682 0.3000000119
125827  40.580  -69.555  -25.737 0.3000000119
125669  41.765  -69.260  -25.851 0.3000000119
144844  40.984  -69.662  -24.854 0.3000000119
15044  38.366  -69.488  -28.131 0.3000000119
15862  37.012  -69.419  -28.784 0.4000000060
15046  36.456  -69.566  -28.846 0.4000000060
15850  39.760  -69.763  -27.380 0.3000000119
14275  36.483  -70.260  -27.906 0.4000000060
15045  36.812  -69.401  -28.104 0.4000000060
12591  35.728  -73.413  -26.643 0.4000000060
11741  35.339  -74.165  -26.267 0.4000000060
15835  40.688  -69.686  -26.950 0.3000000119
15029  37.402  -69.337  -27.296 0.3000000119
14264  36.896  -71.258  -27.099 0.4000000060
131583  38.794  -69.883  -24.207 0.3000000119
15818  37.455  -69.532  -25.687 0.3000000119
14301  35.346  -70.680  -29.512 0.4000000060
14288  34.313  -71.501  -29.562 0.4000000060
13463  32.912  -71.765  -28.982 0.4000000060
12613  33.111  -72.434  -28.250 0.4000000060
15058  37.655  -69.620  -28.612 0.4000000060
15060  35.902  -69.853  -29.247 0.4000000060
14286  34.947  -70.618  -29.140 0.4000000060
13462  33.617  -71.591  -28.732 0.4000000060
11756  33.700  -73.437  -27.336 0.4000000060
15043  39.462  -69.953  -27.656 0.3000000119
14276  35.742  -70.250  -28.616 0.4000000060
123710  34.599  -71.778  -28.292 0.4000000060
11743  33.245  -74.246  -26.777 0.4000000060
15042  40.559  -69.939  -27.228 0.3000000119
13444  36.080  -72.616  -27.106 0.4000000060
15834  41.817  -69.525  -26.416 0.3000000119
13443  36.835  -72.195  -26.707 0.4000000060
14248  37.200  -70.188  -26.417 0.4000000060
12644  34.808  -72.241  -29.568 0.4000000060
12646  33.131  -72.289  -29.553 0.4000000060
13480  36.187  -71.551  -29.354 0.4000000060
13498  35.243  -71.166  -29.600 0.4000000060
13499  33.769  -71.658  -29.488 0.4000000060
13484  32.462  -72.277  -29.140 0.4000000060
14274  39.296  -71.368  -27.303 0.3000000119
14284  37.649  -70.325  -28.725 0.4000000060
14260  41.928  -70.699  -26.174 0.3000000119
15028  41.474  -69.892  -26.778 0.3000000119
14259  42.355  -69.825  -26.339 0.3000000119
11792  31.998  -73.350  -29.400 0.4000000060
11790  33.650  -72.956  -29.659 0.4000000060
14249  36.789  -69.971  -25.521 0.3000000119
15792  37.097  -69.366  -24.809 0.3000000119
15017  37.355  -69.603  -26.130 0.3000000119
11744  32.151  -74.310  -26.992 0.4000000060
138594  31.744  -73.068  -28.464 0.4000000060
12615  31.089  -73.412  -28.645 0.4000000060
11774  32.518  -73.931  -29.273 0.4000000060
15852  38.057  -69.108  -28.043 0.3000000119
15790  39.206  -69.657  -25.514 0.3000000119
15765  40.003  -70.057  -24.271 0.3000000119
15059  36.941  -69.772  -29.133 0.4000000060
14263  37.068  -70.242  -27.146 0.4000000060
13481  35.200  -71.096  -28.530 0.4000000060
13460  36.207  -71.518  -27.719 0.4000000060
12592  34.769  -73.514  -27.020 0.4000000060
14285  36.813  -70.666  -29.220 0.4000000060
126231  33.091  -71.880  -29.341 0.4000000060
13482  34.459  -71.004  -29.115 0.4000000060
136416  38.533  -70.159  -28.221 0.3000000119
14273  40.258  -70.875  -27.035 0.3000000119
13479  37.070  -72.133  -28.602 0.4000000060
140420  38.311  -71.408  -27.942 0.3000000119
3010  31.122  -88.482  -23.915 0.3000000119
3012  30.286  -88.906  -23.317 0.3000000119
4059  31.493  -87.348  -23.256 0.3000000119
2598  30.859  -89.069  -23.179 0.3000000119
3021  31.156  -88.104  -24.391 0.3000000119
3529  30.792  -88.052  -24.466 0.3000000119
147610  31.083  -86.033  -22.997 0.3000000119
4051  30.911  -86.641  -21.745 0.3000000119
3503  31.462  -88.046  -22.771 0.3000000119
4634  31.118  -85.626  -23.738 0.3000000119
4617  31.474  -86.614  -23.577 0.3000000119
3538  30.827  -87.577  -25.081 0.3000000119
4671  29.945  -86.416  -27.321 0.3000000119
4599  29.758  -85.012  -20.447 0.3000000119
4044  30.776  -86.569  -20.835 0.3000000119
5226  29.881  -84.426  -22.489 0.3000000119
4609  30.463  -85.899  -21.400 0.3000000119
4043  31.216  -87.240  -21.184 0.3000000119
4087  31.236  -87.092  -25.747 0.3000000119
4670  31.384  -85.956  -27.080 0.3000000119
4101  30.842  -86.645  -27.304 0.3000000119
5239  30.406  -84.463  -23.404 0.3000000119
4633  31.558  -86.610  -24.507 0.3000000119
5259  30.865  -84.799  -24.302 0.3000000119
5862  30.782  -84.077  -24.760 0.3000000119
5272  31.359  -85.600  -26.134 0.3000000119
4660  31.265  -86.676  -26.428 0.3000000119
133433  31.186  -84.427  -26.634 0.3000000119
6501  33.356  -82.543  -28.678 0.4000000060
6493  31.911  -82.969  -26.859 0.4000000060
2061  30.438  -90.328  -17.896 0.3000000119
2950  29.043  -88.801  -17.372 0.3000000119
128827  31.387  -88.695  -22.206 0.3000000119
2583  30.371  -89.631  -22.454 0.3000000119
4020  30.446  -86.301  -18.607 0.3000000119
124919  31.439  -87.892  -19.054 0.3000000119
2547  32.075  -89.379  -18.125 0.3000000119
127119  31.121  -90.477  -18.842 0.3000000119
2534  29.757  -90.173  -18.032 0.3000000119
148684  29.835  -85.196  -18.711 0.3000000119
4031  30.855  -86.888  -19.295 0.3000000119
2965  31.793  -89.323  -18.973 0.3000000119
2105  29.970  -90.674  -20.014 0.3000000119
2092  29.883  -90.588  -19.103 0.3000000119
130088  30.613  -86.322  -20.001 0.3000000119
125367  31.470  -87.860  -20.661 0.3000000119
2553  31.171  -89.768  -20.197 0.3000000119
2115  29.691  -90.651  -21.035 0.3000000119
124016  31.343  -89.172  -20.831 0.3000000119
2114  30.224  -90.331  -21.253 0.3000000119
4078  31.420  -87.275  -25.065 0.3000000119
4089  30.786  -87.154  -25.846 0.3000000119
4589  29.939  -85.355  -19.777 0.3000000119
5258  31.175  -85.100  -25.189 0.3000000119
2519  32.308  -89.479  -16.986 0.3000000119
142298  29.168  -90.663  -21.680 0.3000000119
4588  30.377  -86.004  -19.310 0.3000000119
3460  31.784  -88.360  -18.089 0.3000000119
3471  31.567  -88.429  -19.709 0.3000000119
2090  30.917  -90.332  -19.721 0.3000000119
2116  29.164  -90.692  -20.952 0.3000000119
5888  31.411  -83.645  -27.154 0.3000000119
8296  36.344  -79.494  -26.340 0.3000000119
131617  36.490  -80.319  -26.307 0.3000000119
7675  36.169  -81.072  -27.347 0.3000000119
7676  35.487  -81.340  -28.051 0.4000000060
7686  34.813  -81.112  -28.805 0.4000000060
7103  33.587  -81.431  -29.557 0.3000000119
7105  32.397  -81.803  -30.209 0.3000000119
124626  36.256  -79.017  -26.915 0.3000000119
8318  35.659  -79.482  -27.672 0.4000000060
8336  35.111  -79.562  -28.266 0.4000000060
8337  34.486  -79.479  -28.274 0.4000000060
7689  32.565  -80.973  -29.108 0.3000000119
8931  33.483  -78.249  -26.678 0.4000000060
8298  32.817  -79.642  -27.024 0.4000000060
7664  32.203  -80.327  -27.357 0.3000000119
9626  32.892  -77.613  -26.488 0.3000000119
8241  36.936  -79.513  -23.110 0.3000000119
8255  36.545  -79.457  -23.896 0.3000000119
7649  36.839  -80.932  -25.918 0.4000000060
147752  36.417  -81.615  -26.855 0.4000000060
7089  35.030  -81.870  -28.538 0.3000000119
7090  34.372  -81.752  -29.144 0.3000000119
6515  34.098  -82.317  -28.957 0.3000000119
8912  36.233  -78.845  -24.620 0.3000000119
123751  36.392  -78.082  -25.334 0.3000000119
9617  36.621  -77.774  -26.036 0.3000000119
9624  36.814  -77.280  -26.617 0.3000000119
8948  35.481  -78.592  -27.725 0.3000000119
8949  34.945  -78.673  -28.122 0.4000000060
10260  37.396  -76.508  -26.432 0.3000000119
122802  36.669  -76.552  -27.409 0.3000000119
9637  36.645  -77.204  -27.122 0.3000000119
123894  35.203  -77.986  -27.884 0.4000000060
8950  34.261  -78.652  -27.604 0.4000000060
10270  35.630  -76.684  -27.911 0.3000000119
10271  34.751  -76.552  -27.940 0.4000000060
9625  33.597  -77.536  -26.769 0.4000000060
123298  34.587  -74.591  -28.823 0.3000000119
10986  34.363  -75.716  -28.019 0.4000000060
10272  33.808  -76.223  -27.458 0.4000000060
10261  33.288  -76.804  -26.840 0.4000000060
11772  35.239  -74.213  -28.976 0.3000000119
11002  33.991  -74.956  -28.442 0.4000000060
11773  33.573  -74.011  -29.237 0.3000000119
7003  38.101  -81.683  -20.517 0.3000000119
7002  38.738  -81.425  -21.307 0.3000000119
5831  38.305  -83.264  -22.138 0.3000000119
5842  37.923  -83.039  -22.979 0.3000000119
8895  37.541  -79.465  -22.372 0.3000000119
131214  38.431  -79.995  -22.253 0.3000000119
7045  38.363  -81.115  -23.397 0.3000000119
6463  37.553  -82.378  -24.471 0.3000000119
10219  35.939  -77.088  -22.534 0.3000000119
9596  36.277  -78.011  -22.128 0.3000000119
8240  37.916  -80.146  -22.836 0.3000000119
7636  37.716  -81.112  -24.089 0.3000000119
7067  37.185  -81.988  -25.680 0.3000000119
134507  36.695  -82.269  -26.227 0.3000000119
6499  35.288  -82.840  -27.638 0.3000000119
6500  34.519  -82.709  -28.017 0.3000000119
6491  33.513  -82.702  -27.613 0.3000000119
6492  32.692  -82.682  -26.781 0.3000000119
9603  36.068  -77.476  -23.657 0.3000000119
10985  36.071  -75.966  -27.995 0.3000000119
10285  35.184  -75.985  -28.225 0.3000000119
11755  37.085  -74.964  -27.936 0.3000000119
11001  35.374  -75.257  -28.496 0.3000000119
143662  36.094  -73.382  -28.850 0.3000000119
12629  35.393  -73.224  -29.214 0.3000000119
11789  34.493  -72.994  -29.520 0.3000000119
126838  36.902  -81.170  -18.910 0.3000000119
7587  38.432  -80.810  -20.852 0.3000000119
7597  39.065  -80.873  -21.666 0.3000000119
7031  39.002  -81.423  -22.377 0.3000000119
8228  38.030  -79.396  -21.739 0.3000000119
123809  39.287  -80.986  -22.157 0.3000000119
133248  32.084  -82.618  -26.016 0.3000000119
6965  37.742  -81.109  -17.464 0.3000000119
8199  37.502  -80.220  -19.250 0.3000000119
8198  38.150  -79.295  -19.654 0.3000000119
8214  38.242  -79.556  -20.631 0.3000000119
146128  38.540  -79.897  -21.749 0.3000000119
9587  36.569  -77.832  -21.315 0.3000000119
7557  38.049  -80.149  -17.699 0.3000000119
7567  37.996  -79.624  -18.511 0.3000000119
127295  38.393  -78.576  -19.333 0.3000000119
8880  38.150  -78.886  -20.273 0.3000000119
6502  32.523  -82.811  -27.717 0.3000000119
6516  32.585  -82.508  -29.459 0.3000000119
6527  33.323  -82.181  -29.509 0.3000000119
7688  33.384  -80.774  -29.252 0.3000000119
7677  33.108  -80.360  -28.157 0.4000000060
10273  32.755  -75.947  -27.387 0.4000000060
12628  36.512  -72.851  -28.730 0.3000000119
8317  36.210  -79.984  -27.079 0.3000000119
8268  36.616  -79.959  -24.623 0.3000000119
126875  35.648  -80.311  -27.859 0.4000000060
130202  34.552  -80.251  -28.690 0.4000000060
8338  33.958  -80.124  -28.804 0.4000000060
128005  34.763  -77.921  -27.825 0.4000000060
139847  36.026  -78.013  -22.879 0.3000000119
8267  37.386  -80.631  -24.119 0.3000000119
7076  36.788  -81.644  -26.239 0.3000000119
7637  37.139  -80.875  -25.021 0.3000000119
6498  35.857  -82.641  -27.177 0.4000000060
6514  34.833  -82.389  -28.415 0.3000000119
10245  36.616  -76.797  -24.666 0.3000000119
140265  36.962  -76.952  -25.632 0.3000000119
132671  36.996  -77.124  -26.058 0.3000000119
9639  35.119  -77.333  -27.955 0.4000000060
11771  36.138  -74.215  -28.609 0.3000000119
7044  38.580  -81.465  -23.121 0.3000000119
6462  37.830  -81.600  -24.047 0.3000000119
6476  37.148  -82.509  -25.277 0.3000000119
11770  36.836  -73.984  -28.225 0.3000000119
8854  19.861  -77.615  -17.739 0.4000000060
2052  31.560  -89.684  -17.138 0.3000000119
2060  31.188  -90.217  -17.799 0.3000000119
2075  30.795  -90.501  -18.307 0.3000000119
2076  30.176  -90.506  -18.423 0.3000000119
2077  29.673  -90.335  -18.515 0.3000000119
2091  30.527  -90.567  -19.500 0.3000000119
2093  29.221  -90.149  -19.118 0.3000000119
2103  30.681  -90.163  -20.505 0.3000000119
2104  30.298  -90.528  -20.309 0.3000000119
2106  28.562  -90.489  -21.105 0.3000000119
2126  30.098  -90.073  -22.141 0.3000000119
2128  28.839  -90.625  -22.049 0.3000000119
2518  32.658  -89.261  -16.862 0.3000000119
2521  29.956  -89.637  -17.429 0.3000000119
2522  29.322  -89.561  -17.803 0.3000000119
2533  31.725  -89.885  -18.363 0.3000000119
2535  29.142  -89.730  -18.327 0.3000000119
2548  31.486  -89.938  -19.283 0.3000000119
2565  30.870  -89.661  -21.242 0.3000000119
2566  30.493  -89.859  -21.898 0.3000000119
2582  30.978  -89.301  -22.352 0.3000000119
2958  31.878  -88.800  -18.622 0.3000000119
2975  31.564  -89.229  -19.923 0.3000000119
2991  31.438  -88.699  -21.389 0.3000000119
2998  31.269  -88.717  -23.200 0.3000000119
3011  30.788  -88.669  -23.654 0.3000000119
3022  31.011  -88.284  -24.332 0.3000000119
3023  30.730  -88.437  -23.995 0.3000000119
3484  31.506  -88.546  -20.671 0.3000000119
3495  31.489  -88.015  -21.583 0.3000000119
3516  30.088  -88.226  -23.627 0.3000000119
3527  31.223  -87.735  -24.654 0.3000000119
3528  31.025  -87.849  -24.710 0.3000000119
3537  31.067  -87.426  -25.358 0.3000000119
4030  31.243  -87.274  -20.133 0.3000000119
4050  31.327  -87.275  -22.183 0.3000000119
4060  31.255  -86.615  -22.647 0.3000000119
4071  31.540  -87.387  -24.261 0.3000000119
4079  30.179  -87.469  -24.398 0.3000000119
4100  30.955  -86.646  -27.336 0.3000000119
4102  30.600  -86.588  -27.559 0.3000000119
4113  30.669  -86.528  -27.802 0.5000000000
4121  30.612  -86.469  -28.134 0.4000000060
4598  30.263  -85.741  -20.572 0.3000000119
4618  30.522  -85.287  -22.790 0.3000000119
4649  31.478  -86.486  -25.453 0.3000000119
4650  31.377  -85.717  -24.658 0.3000000119
4680  31.198  -86.185  -27.841 0.5000000000
4681  29.847  -86.486  -28.031 0.4000000060
4695  29.208  -85.619  -29.692 0.4000000060
4706  29.731  -85.616  -30.028 0.4000000060
4708  28.445  -85.441  -30.367 0.4000000060
4719  29.248  -85.352  -30.572 0.4000000060
4720  28.608  -85.338  -30.786 0.4000000060
5199  29.870  -85.140  -21.120 0.3000000119
5200  29.580  -84.298  -20.808 0.3000000119
5215  30.121  -85.211  -21.950 0.3000000119
5300  31.072  -85.359  -28.284 0.5000000000
5301  29.690  -86.041  -27.965 0.3000000119
5312  29.619  -85.904  -28.790 0.4000000060
5334  28.726  -85.010  -31.216 0.4000000060
5335  28.050  -85.074  -31.240 0.5000000000
5340  28.755  -84.389  -31.425 0.5000000000
5342  27.495  -84.653  -31.533 0.5000000000
5834  29.922  -83.534  -22.876 0.3000000119
5843  37.547  -83.024  -23.875 0.3000000119
5857  37.039  -83.219  -24.701 0.3000000119
5929  30.220  -84.112  -30.413 0.5000000000
5932  30.570  -83.138  -30.647 0.5000000000
6419  38.507  -82.389  -21.162 0.3000000119
6431  38.689  -82.315  -21.918 0.3000000119
6441  38.542  -82.227  -22.678 0.3000000119
6452  38.105  -82.227  -23.572 0.3000000119
6477  36.701  -82.699  -25.868 0.3000000119
6489  36.282  -82.833  -26.498 0.3000000119
6494  23.589  -81.975  -26.860 0.6000000238
6503  31.793  -83.208  -27.870 0.3000000119
6528  32.561  -82.134  -30.115 0.5000000000
6531  29.029  -82.541  -30.457 0.4000000060
6538  31.927  -81.944  -30.491 0.5000000000
6981  25.956  -81.157  -18.932 0.6000000238
6990  26.520  -81.263  -19.626 0.6999999881
6991  25.750  -81.485  -19.615 0.6000000238
7007  27.112  -81.221  -20.310 0.6000000238
7010  24.572  -81.235  -20.477 0.5000000000
7018  39.071  -81.484  -21.819 0.3000000119
7024  25.466  -81.594  -21.459 0.5000000000
7036  26.301  -81.667  -22.459 0.6000000238
7038  24.644  -81.007  -21.937 0.5000000000
7047  27.519  -81.510  -23.443 0.6000000238
7049  25.667  -81.282  -23.062 0.6000000238
7066  37.435  -81.494  -24.936 0.3000000119
7080  35.993  -81.932  -27.350 0.4000000060
7081  35.429  -82.274  -27.887 0.3000000119
7083  31.013  -81.375  -28.119 0.4000000060
7084  30.265  -81.395  -27.890 0.4000000060
7091  33.733  -81.963  -29.494 0.3000000119
7092  32.296  -81.410  -29.912 0.4000000060
7095  29.859  -81.709  -28.598 0.4000000060
7096  28.839  -81.498  -28.339 0.4000000060
7097  27.991  -81.244  -28.647 0.4000000060
7104  33.113  -81.827  -29.866 0.3000000119
7558  25.740  -80.161  -17.749 0.6000000238
7560  24.001  -80.321  -17.768 0.6999999881
7568  37.419  -80.626  -18.295 0.3000000119
7569  26.783  -80.077  -18.683 0.6999999881
7571  25.417  -80.765  -18.301 0.6999999881
7578  38.092  -80.110  -20.299 0.3000000119
7579  37.540  -80.905  -19.849 0.3000000119
7581  26.673  -80.667  -19.090 0.6999999881
7582  24.401  -81.041  -19.096 0.5000000000
7588  28.196  -80.214  -21.233 0.6999999881
7589  27.647  -80.263  -20.338 0.6999999881
7608  38.945  -80.499  -22.092 0.3000000119
7610  28.599  -80.676  -22.812 0.6999999881
7612  24.076  -80.083  -22.678 0.5000000000
7624  38.899  -80.923  -22.710 0.3000000119
7625  38.166  -80.693  -23.316 0.3000000119
7626  29.010  -80.402  -23.673 0.6999999881
7627  24.930  -80.488  -23.579 0.6000000238
7629  22.524  -80.630  -23.637 0.5000000000
7640  27.038  -80.939  -24.929 0.6000000238
7642  25.193  -80.350  -24.418 0.6999999881
7650  28.801  -80.328  -25.183 0.6999999881
7654  23.382  -80.115  -25.436 0.6000000238
7663  36.560  -80.972  -26.644 0.4000000060
7681  24.193  -80.343  -28.316 0.6000000238
7687  34.120  -80.789  -29.288 0.3000000119
7690  28.320  -80.636  -28.396 0.4000000060
8149  23.293  -78.874  -16.910 0.6000000238
8165  25.141  -79.543  -17.315 0.6999999881
8166  24.357  -79.876  -17.312 0.6999999881
8168  22.841  -78.996  -17.686 0.5000000000
8170  20.439  -79.092  -17.665 0.5000000000
8182  27.130  -79.490  -18.563 0.6999999881
8200  27.942  -79.380  -19.891 0.6999999881
8201  23.109  -79.395  -20.124 0.5000000000
8215  38.244  -79.431  -21.170 0.3000000119
8217  22.758  -79.252  -20.786 0.5000000000
8229  28.890  -79.038  -21.779 0.8000000119
8243  28.628  -79.893  -22.070 0.6999999881
8244  23.455  -79.640  -22.973 0.5000000000
8254  37.269  -80.121  -23.632 0.3000000119
8270  24.466  -79.707  -24.928 0.6999999881
8271  23.833  -79.661  -24.252 0.6000000238
8273  22.992  -79.784  -24.033 0.5000000000
8281  36.512  -80.150  -25.627 0.3000000119
8283  24.942  -79.614  -25.797 0.6999999881
8284  24.164  -79.510  -25.755 0.6000000238
8297  33.392  -78.997  -26.902 0.4000000060
8305  24.373  -79.515  -26.647 0.6000000238
8319  33.794  -79.522  -27.898 0.4000000060
8322  28.687  -79.893  -28.314 0.4000000060
8326  24.594  -79.258  -27.603 0.6000000238
8327  24.314  -79.759  -27.652 0.6000000238
8339  29.982  -78.831  -27.880 0.4000000060
8340  28.775  -78.838  -28.849 0.4000000060
8350  24.568  -79.429  -29.809 0.4000000060
8356  25.314  -79.396  -30.279 0.4000000060
8842  19.352  -78.157  -16.825 0.5000000000
8847  28.450  -77.944  -18.112 0.6000000238
8850  25.717  -78.699  -17.331 0.6999999881
8853  21.714  -77.536  -17.815 0.5000000000
8855  19.211  -77.430  -17.234 0.5000000000
8856  18.219  -78.523  -16.928 0.6000000238
8862  27.493  -78.940  -18.356 0.6999999881
8864  21.236  -77.582  -18.866 0.6000000238
8865  20.278  -78.122  -18.421 0.5000000000
8873  28.338  -78.762  -19.441 0.6999999881
8881  37.653  -78.649  -21.008 0.3000000119
8888  37.066  -78.754  -21.803 0.3000000119
8889  29.258  -78.403  -21.429 0.6999999881
8896  36.544  -78.796  -22.590 0.3000000119
8897  29.391  -78.504  -22.291 0.6999999881
8904  36.153  -78.634  -23.602 0.3000000119
8913  30.310  -77.751  -25.048 0.8000000119
8914  30.143  -78.409  -24.633 0.6999999881
8921  36.283  -78.980  -25.603 0.3000000119
8930  36.403  -78.443  -26.508 0.3000000119
8932  32.566  -78.688  -26.489 0.4000000060
8935  28.109  -78.741  -27.178 0.6000000238
8947  36.270  -78.132  -27.171 0.3000000119
8953  28.949  -77.573  -27.582 0.6000000238
8955  27.520  -78.266  -27.911 0.6999999881
8957  25.594  -78.575  -28.098 0.6999999881
8987  26.103  -77.961  -29.560 0.5000000000
9004  25.805  -78.636  -30.114 0.5000000000
9512  26.784  -77.071  -16.747 0.6000000238
9514  24.359  -78.444  -16.873 0.6999999881
9516  22.438  -77.484  -16.932 0.6000000238
9519  18.397  -77.946  -16.930 0.6000000238
9530  28.857  -77.245  -17.736 0.6999999881
9533  26.183  -77.772  -17.161 0.6000000238
9534  25.527  -77.489  -17.268 0.6000000238
9535  24.615  -77.627  -17.211 0.6999999881
9537  19.786  -76.953  -17.990 0.4000000060
9538  18.673  -77.396  -17.225 0.5000000000
9539  18.115  -77.363  -17.413 0.5000000000
9540  17.724  -77.449  -17.786 0.5000000000
9570  28.763  -78.189  -18.976 0.6000000238
9571  20.896  -77.673  -19.082 0.6000000238
9580  30.058  -77.157  -20.529 0.6999999881
9581  29.517  -77.804  -20.208 0.6000000238
9588  36.119  -77.449  -21.863 0.3000000119
9604  30.106  -77.143  -22.954 0.6000000238
9609  36.267  -77.800  -24.634 0.3000000119
9610  30.222  -77.065  -23.722 0.6999999881
9611  30.182  -77.713  -24.148 0.8000000119
9638  35.870  -77.490  -27.612 0.3000000119
9640  34.240  -77.145  -27.346 0.4000000060
9641  31.370  -76.816  -27.720 0.4000000060
9655  30.149  -76.727  -29.363 0.4000000060
9669  28.943  -76.658  -30.177 0.4000000060
9673  26.249  -77.998  -30.076 0.4000000060
9686  26.916  -77.719  -30.255 0.4000000060
10150  27.220  -76.514  -16.649 0.6000000238
10151  26.655  -76.391  -16.760 0.6000000238
10152  23.016  -77.372  -16.655 0.6999999881
10157  29.254  -76.603  -17.295 0.6999999881
10160  24.788  -76.375  -17.971 0.6000000238
10162  22.428  -76.171  -17.051 0.6000000238
10163  21.596  -76.162  -17.375 0.6000000238
10165  19.235  -76.153  -17.951 0.5000000000
10166  18.535  -76.663  -17.733 0.5000000000
10173  30.933  -76.115  -18.678 0.6999999881
10177  20.543  -76.624  -18.000 0.5000000000
10184  30.954  -76.368  -19.489 0.6999999881
10186  29.841  -77.233  -19.085 0.6999999881
10195  31.175  -76.430  -20.868 0.6999999881
10206  33.060  -76.273  -22.004 0.6999999881
10209  30.417  -76.817  -21.796 0.6999999881
10221  33.275  -76.309  -22.656 0.6999999881
10224  30.573  -76.743  -22.448 0.6000000238
10254  30.571  -76.543  -25.262 0.6000000238
10262  32.359  -76.760  -26.941 0.4000000060
10263  29.636  -76.316  -27.255 0.6999999881
10288  29.199  -76.018  -29.573 0.5000000000
10289  28.873  -76.506  -30.084 0.5000000000
10823  29.925  -75.255  -16.480 0.6999999881
10826  27.308  -75.724  -16.587 0.6999999881
10833  31.862  -75.030  -17.759 0.6999999881
10836  29.600  -75.961  -16.834 0.6999999881
10838  23.005  -75.827  -17.393 0.6000000238
10839  22.146  -75.482  -17.382 0.6000000238
10841  20.349  -75.268  -17.865 0.5000000000
10843  18.792  -75.961  -18.074 0.5000000000
10853  31.408  -75.577  -18.244 0.6999999881
10854  30.708  -75.869  -17.929 0.6999999881
10856  25.291  -75.788  -18.377 0.6000000238
10858  23.637  -75.580  -18.400 0.6999999881
10859  19.265  -74.851  -18.324 0.5000000000
10860  18.616  -75.413  -18.386 0.5000000000
10861  17.902  -75.973  -18.583 0.5000000000
10874  23.851  -75.185  -20.199 0.6999999881
10875  18.186  -75.123  -18.968 0.5000000000
10883  34.193  -75.100  -20.919 0.6999999881
10887  24.753  -75.220  -20.717 0.6000000238
10889  17.951  -75.383  -20.350 0.5000000000
10896  33.622  -75.738  -21.464 0.6999999881
10898  25.478  -74.748  -21.016 0.6999999881
10900  24.488  -74.938  -22.007 0.6999999881
10907  25.066  -74.822  -22.097 0.6999999881
10917  34.462  -75.706  -23.365 0.6000000238
10954  14.454  -75.153  -25.402 0.5000000000
10965  32.739  -74.958  -26.219 0.4000000060
10966  31.711  -74.995  -26.431 0.5000000000
10971  17.240  -74.942  -26.977 0.5000000000
10972  16.399  -75.659  -26.683 0.5000000000
10987  33.456  -75.455  -27.922 0.4000000060
10988  31.959  -75.444  -28.187 0.5000000000
11000  36.210  -75.142  -28.313 0.3000000119
11006  30.183  -75.147  -29.429 0.5000000000
11007  29.614  -75.249  -29.207 0.5000000000
11009  17.876  -75.828  -28.807 0.5000000000
11568  29.137  -73.907  -15.867 0.6000000238
11575  32.305  -73.735  -17.127 0.6000000238
11578  29.315  -74.637  -16.054 0.6000000238
11579  28.481  -74.183  -16.182 0.6000000238
11580  27.760  -74.059  -16.637 0.6000000238
11593  30.734  -74.975  -16.778 0.6000000238
11597  20.875  -74.740  -17.912 0.5000000000
11612  26.480  -74.260  -18.513 0.6999999881
11613  25.830  -74.869  -18.795 0.6999999881
11615  21.292  -74.404  -18.351 0.4000000060
11617  19.601  -74.304  -18.644 0.5000000000
11626  34.087  -74.168  -19.654 0.6999999881
11629  25.861  -74.600  -19.699 0.6999999881
11635  18.119  -74.843  -19.723 0.5000000000
11643  34.501  -74.201  -20.486 0.6999999881
11645  26.387  -74.039  -19.937 0.6999999881
11646  26.033  -74.345  -20.521 0.6999999881
11647  23.251  -74.803  -20.885 0.6999999881
11648  22.385  -74.422  -20.483 0.6999999881
11649  21.679  -73.991  -19.956 0.6000000238
11650  18.271  -74.505  -20.581 0.5000000000
11653  10.311  -74.267  -20.619 0.5000000000
11663  23.592  -74.837  -21.810 0.6999999881
11665  21.545  -73.897  -21.568 0.6999999881
11677  25.060  -74.443  -23.161 0.6999999881
11680  23.049  -74.519  -22.479 0.6999999881
11694  24.988  -74.365  -23.989 0.6999999881
11696  23.760  -74.380  -24.471 0.6999999881
11707  35.781  -74.548  -24.632 0.5000000000
11708  24.883  -74.295  -24.719 0.6999999881
11709  24.399  -74.400  -24.818 0.6999999881
11713  15.373  -74.460  -24.525 0.5000000000
11714  14.699  -74.452  -24.345 0.5000000000
11715  13.992  -74.358  -24.380 0.5000000000
11725  36.420  -73.988  -24.970 0.5000000000
11732  15.736  -74.896  -25.205 0.5000000000
11734  13.768  -74.593  -25.173 0.5000000000
11742  34.343  -74.254  -26.541 0.4000000060
11746  30.466  -74.595  -27.503 0.6999999881
11757  32.514  -73.349  -27.721 0.4000000060
11776  30.838  -74.233  -29.301 0.6000000238
11777  30.359  -74.103  -29.009 0.6000000238
11781  18.082  -74.759  -28.412 0.5000000000
11791  32.816  -73.140  -29.602 0.4000000060
11794  29.988  -74.840  -29.308 0.5000000000
11805  22.126  -73.903  -31.297 0.5000000000
11818  21.523  -74.262  -31.325 0.5000000000
12417  30.850  -73.133  -15.917 0.6000000238
12418  30.182  -73.175  -15.735 0.6000000238
12420  28.691  -73.388  -15.956 0.6000000238
12433  31.982  -73.207  -16.687 0.6000000238
12434  31.307  -73.528  -16.301 0.6000000238
12449  33.190  -73.338  -17.989 0.6000000238
12460  33.624  -73.365  -18.710 0.6000000238
12461  26.662  -73.532  -18.271 0.6000000238
12463  20.902  -74.034  -18.801 0.4000000060
12464  20.202  -73.852  -19.059 0.4000000060
12466  11.310  -74.103  -18.176 0.5000000000
12467  10.363  -73.526  -18.514 0.6000000238
12474  34.046  -73.441  -19.389 0.6000000238
12475  26.280  -73.548  -19.949 0.8000000119
12476  20.956  -73.825  -19.463 0.4000000060
12478  19.593  -73.731  -19.748 0.4000000060
12479  18.906  -73.822  -20.056 0.5000000000
12493  34.737  -73.207  -20.598 0.6000000238
12496  20.077  -73.527  -20.448 0.4000000060
12498  18.650  -73.847  -20.716 0.5000000000
12510  25.733  -74.041  -21.890 0.6999999881
12511  20.656  -73.588  -21.173 0.6000000238
12512  19.867  -73.289  -21.838 0.4000000060
12513  19.003  -73.517  -21.512 0.5000000000
12523  35.718  -73.156  -22.126 0.6000000238
12525  22.512  -74.002  -23.112 0.6000000238
12530  13.446  -72.997  -22.406 0.5000000000
12541  25.234  -74.172  -23.593 0.6999999881
12543  21.992  -73.511  -23.630 0.6000000238
12544  20.460  -73.053  -23.544 0.6000000238
12547  15.318  -73.266  -23.472 0.5000000000
12548  14.542  -73.600  -23.184 0.5000000000
12557  23.961  -74.208  -25.264 0.6999999881
12560  20.815  -72.861  -24.318 0.6000000238
12563  15.755  -73.789  -24.254 0.5000000000
12575  25.067  -73.952  -25.217 0.6999999881
12576  24.908  -73.712  -25.643 0.6999999881
12577  24.398  -73.695  -25.965 0.6999999881
12578  23.266  -73.510  -25.730 0.6999999881
12579  22.194  -73.024  -25.361 0.6000000238
12581  16.788  -73.311  -26.049 0.6000000238
12594  24.937  -73.286  -26.327 0.6000000238
12595  24.445  -73.188  -26.911 0.6000000238
12599  17.464  -73.148  -27.594 0.6000000238
12611  35.164  -72.717  -27.423 0.4000000060
12612  34.064  -72.474  -27.800 0.4000000060
12614  32.321  -72.475  -28.687 0.4000000060
12616  30.727  -73.604  -29.042 0.6000000238
12630  31.693  -72.704  -28.963 0.4000000060
12631  31.293  -73.142  -29.113 0.4000000060
12632  22.747  -73.211  -29.688 0.5000000000
12633  21.737  -73.413  -29.255 0.5000000000
12635  18.334  -73.977  -29.258 0.6000000238
12643  35.686  -72.365  -29.364 0.4000000060
12645  33.910  -72.024  -29.667 0.4000000060
12647  32.332  -72.754  -29.448 0.4000000060
12650  23.274  -72.808  -30.712 0.5000000000
12651  22.868  -73.359  -30.658 0.5000000000
12655  18.055  -72.870  -29.227 0.6000000238
12663  22.336  -74.002  -30.945 0.5000000000
12664  20.261  -73.796  -31.304 0.5000000000
12665  19.342  -73.817  -31.103 0.4000000060
12677  23.011  -72.942  -31.065 0.5000000000
12678  22.376  -73.411  -31.220 0.5000000000
12680  20.929  -74.346  -31.423 0.5000000000
13280  29.669  -72.524  -15.598 0.6000000238
13281  28.879  -72.705  -15.685 0.6000000238
13282  28.326  -72.186  -15.666 0.6000000238
13293  31.341  -72.800  -16.186 0.6000000238
13295  27.673  -72.346  -15.979 0.6000000238
13296  26.864  -72.702  -17.117 0.6999999881
13298  13.922  -73.005  -16.543 0.4000000060
13309  32.939  -72.728  -17.779 0.6000000238
13310  32.435  -72.345  -17.346 0.6000000238
13331  26.373  -73.134  -18.675 0.8000000119
13351  8.223  -72.585  -19.319 0.6000000238
13352  7.767  -72.445  -20.001 0.6000000238
13364  34.049  -72.158  -20.033 0.6000000238
13366  25.055  -72.672  -20.955 0.8000000119
13378  12.981  -72.075  -21.577 0.6000000238
13380  10.854  -72.296  -21.620 0.6000000238
13381  9.175  -73.168  -21.141 0.6000000238
13387  25.365  -73.555  -22.351 0.8000000119
13389  14.386  -72.715  -22.460 0.5000000000
13402  25.187  -73.542  -23.252 0.6999999881
13403  24.663  -72.700  -23.231 0.8000000119
13415  25.158  -73.547  -25.109 0.6000000238
13416  24.990  -72.953  -24.707 0.6999999881
13419  15.983  -72.990  -24.304 0.6000000238
13429  37.223  -72.497  -25.935 0.5000000000
13432  21.455  -72.676  -25.954 0.5000000000
13442  37.317  -71.524  -26.312 0.5000000000
13445  25.113  -72.731  -26.695 0.6000000238
13446  23.626  -72.892  -27.288 0.6000000238
13447  22.631  -72.727  -27.061 0.6000000238
13450  17.051  -72.478  -27.433 0.6000000238
13461  35.516  -72.040  -27.816 0.4000000060
13464  24.816  -72.083  -28.401 0.6000000238
13466  21.870  -72.682  -27.620 0.5000000000
13468  17.047  -72.254  -28.129 0.6000000238
13478  37.562  -71.430  -28.463 0.4000000060
13483  33.835  -71.504  -29.333 0.4000000060
13485  31.983  -72.674  -29.231 0.5000000000
13486  24.663  -71.918  -29.371 0.6000000238
13487  24.201  -72.330  -29.177 0.6000000238
13488  23.283  -72.599  -28.851 0.5000000000
13491  16.620  -71.639  -28.817 0.6000000238
13500  32.609  -72.339  -29.351 0.4000000060
13501  24.631  -71.608  -29.760 0.6000000238
13502  24.068  -72.223  -30.086 0.6000000238
13512  23.535  -72.386  -30.496 0.6000000238
13514  22.520  -72.983  -31.161 0.5000000000
13515  20.632  -73.323  -31.024 0.5000000000
13516  19.722  -73.178  -30.925 0.5000000000
13528  21.257  -73.694  -31.341 0.5000000000
14105  15.385  -71.180  -16.381 0.4000000060
14107  13.944  -71.827  -15.759 0.3000000119
14122  26.900  -71.809  -15.919 0.5000000000
14151  32.577  -71.488  -18.507 0.5000000000
14156  12.971  -72.014  -18.137 0.4000000060
14158  10.059  -72.067  -18.318 0.6000000238
14171  23.687  -71.613  -19.742 0.6000000238
14172  7.760  -71.864  -19.399 0.6000000238
14179  33.695  -71.712  -20.341 0.5000000000
14193  34.804  -71.818  -21.902 0.4000000060
14198  24.071  -72.024  -21.923 0.6999999881
14199  23.553  -71.511  -21.589 0.6000000238
14201  11.545  -71.719  -21.472 0.6000000238
14204  7.776  -71.504  -21.055 0.6000000238
14214  24.343  -72.319  -22.528 0.8000000119
14215  23.662  -71.611  -22.480 0.6000000238
14217  13.598  -71.720  -21.750 0.6000000238
14218  8.651  -71.338  -21.646 0.6000000238
14227  34.453  -71.089  -23.556 0.4000000060
14232  23.574  -71.433  -23.431 0.6000000238
14233  15.143  -71.611  -23.314 0.6000000238
14239  24.472  -72.097  -24.914 0.6999999881
14241  15.486  -71.410  -24.405 0.6000000238
14250  24.495  -71.765  -25.806 0.6000000238
14251  16.243  -71.654  -26.339 0.6000000238
14252  15.874  -71.341  -25.853 0.6000000238
14266  16.088  -71.325  -27.428 0.6000000238
14277  25.031  -71.592  -28.329 0.6000000238
14287  34.825  -70.986  -29.507 0.4000000060
14290  16.142  -70.972  -28.978 0.5000000000
14291  15.763  -70.488  -28.566 0.5000000000
14299  36.277  -69.990  -29.362 0.4000000060
14300  36.231  -70.520  -29.398 0.4000000060
14302  24.438  -71.329  -29.967 0.6000000238
14304  21.075  -71.642  -30.210 0.5000000000
14306  18.027  -71.743  -29.846 0.5000000000
14313  23.812  -71.810  -30.393 0.6000000238
14314  23.185  -71.723  -30.468 0.6000000238
14315  21.784  -72.417  -30.733 0.5000000000
14316  20.519  -72.555  -30.628 0.5000000000
14921  13.576  -70.694  -18.825 0.4000000060
14923  9.587  -71.173  -18.464 0.6000000238
14938  11.278  -70.081  -18.871 0.4000000060
14940  9.109  -70.455  -18.838 0.5000000000
14941  8.133  -70.910  -19.186 0.6000000238
14942  7.789  -71.039  -20.039 0.6000000238
14950  22.893  -71.015  -21.186 0.6000000238
14960  23.034  -71.038  -22.086 0.6000000238
14961  22.341  -70.622  -21.780 0.6000000238
14964  12.006  -70.961  -21.528 0.6000000238
14967  7.734  -70.501  -21.485 0.5000000000
14976  14.007  -71.129  -22.240 0.6000000238
14977  13.403  -70.839  -21.975 0.6000000238
14978  12.644  -70.540  -21.964 0.6000000238
14979  11.939  -70.198  -22.150 0.6000000238
14983  7.837  -70.070  -22.176 0.5000000000
14987  34.958  -70.575  -23.797 0.4000000060
14994  22.529  -70.239  -23.638 0.5000000000
14997  13.693  -70.323  -22.905 0.6000000238
14998  8.776  -69.870  -22.786 0.5000000000
15000  7.528  -69.210  -22.688 0.6000000238
15008  23.241  -70.725  -24.172 0.5000000000
15010  14.908  -70.728  -24.213 0.6000000238
15011  13.523  -69.705  -24.068 0.6000000238
15018  36.840  -69.521  -25.243 0.3000000119
15019  23.903  -70.730  -25.949 0.6999999881
15020  19.151  -70.175  -25.951 0.5000000000
15021  18.267  -70.256  -26.068 0.6000000238
15030  24.521  -71.315  -26.664 0.6999999881
15032  20.366  -70.065  -27.001 0.5000000000
15033  19.541  -70.267  -26.530 0.6000000238
15035  17.917  -70.358  -26.911 0.5000000000
15036  14.846  -70.311  -27.225 0.6000000238
15047  35.794  -69.862  -29.155 0.4000000060
15048  24.869  -70.860  -28.167 0.6000000238
15051  19.098  -70.650  -27.913 0.6000000238
15053  16.953  -69.872  -27.882 0.5000000000
15054  15.306  -70.059  -28.309 0.5000000000
15061  35.514  -70.310  -29.377 0.4000000060
15062  24.722  -70.359  -29.192 0.6000000238
15064  22.690  -70.381  -29.260 0.6000000238
15066  20.673  -70.651  -28.333 0.6000000238
15069  17.137  -70.178  -28.786 0.5000000000
15070  16.122  -70.485  -28.838 0.5000000000
15073  35.741  -70.048  -29.317 0.4000000060
15074  25.006  -71.016  -29.501 0.6000000238
15075  22.906  -71.017  -29.923 0.6000000238
15078  19.218  -71.180  -29.518 0.5000000000
15080  17.182  -70.622  -29.313 0.5000000000
15557  15.414  -69.258  -9.583 0.4000000060
15570  15.206  -69.649  -10.345 0.3000000119
15583  15.691  -69.741  -11.054 0.4000000060
15602  16.301  -69.767  -13.664 0.4000000060
15678  12.981  -69.489  -19.775 0.4000000060
15682  8.706  -69.944  -19.432 0.5000000000
15705  7.720  -70.020  -20.535 0.6000000238
15728  6.880  -68.843  -21.800 0.4000000060
15749  12.451  -69.902  -22.732 0.6000000238
15750  11.207  -69.874  -22.600 0.6000000238
15751  10.465  -69.543  -23.027 0.5000000000
15753  7.214  -69.497  -22.032 0.6000000238
15754  6.846  -68.713  -22.546 0.4000000060
15779  11.162  -69.196  -23.654 0.6000000238
15780  8.830  -68.998  -23.559 0.5000000000
15781  7.877  -68.749  -23.427 0.6000000238
15782  7.093  -68.701  -23.032 0.6000000238
15801  12.898  -69.349  -25.242 0.6000000238
15804  9.930  -68.552  -25.176 0.6000000238
15805  9.230  -68.458  -24.576 0.6000000238
15815  41.269  -69.466  -26.435 0.3000000119
15826  16.704  -69.455  -25.941 0.4000000060
15828  13.062  -69.369  -26.355 0.6000000238
15830  11.388  -68.717  -25.615 0.6000000238
15836  39.428  -69.515  -27.274 0.3000000119
15838  24.454  -69.890  -27.815 0.6999999881
15839  24.002  -69.029  -27.337 0.6000000238
15842  17.301  -69.935  -26.527 0.6000000238
15844  15.421  -69.052  -27.650 0.6000000238
15845  14.233  -69.703  -27.169 0.5000000000
15847  12.952  -69.017  -26.653 0.5000000000
15851  38.891  -69.486  -27.677 0.3000000119
15853  37.294  -69.212  -28.237 0.3000000119
15854  24.123  -68.815  -28.185 0.5000000000
15855  22.490  -68.704  -28.246 0.5000000000
15857  15.889  -69.507  -28.218 0.6000000238
15858  15.111  -69.594  -28.027 0.5000000000
15859  14.351  -69.306  -27.476 0.5000000000
15860  13.706  -68.993  -27.276 0.5000000000
15861  37.644  -69.320  -28.372 0.4000000060
15863  36.316  -69.707  -29.189 0.4000000060
15864  24.619  -70.006  -28.607 0.6999999881
15866  23.316  -68.600  -28.503 0.5000000000
15869  15.665  -70.038  -28.540 0.5000000000
15870  23.479  -70.416  -29.521 0.6000000238
16350  15.270  -68.424  -8.267 0.4000000060
16352  14.164  -68.467  -8.487 0.3000000119
16399  16.363  -69.071  -13.189 0.4000000060
16497  8.428  -68.719  -20.448 0.4000000060
16498  7.548  -69.103  -20.627 0.5000000000
16542  6.562  -68.228  -23.072 0.6000000238
16555  10.660  -68.590  -25.464 0.5000000000
16557  9.064  -68.407  -24.405 0.6000000238
16558  8.143  -68.259  -23.822 0.6000000238
16572  11.864  -68.628  -25.957 0.5000000000
16574  10.476  -68.569  -25.412 0.5000000000
16585  13.758  -68.433  -26.903 0.4000000060
16587  12.573  -68.667  -26.332 0.5000000000
16588  11.868  -68.434  -25.929 0.5000000000
16592  14.355  -68.653  -27.309 0.4000000060
16593  23.363  -67.839  -28.231 0.5000000000
17143  13.397  -67.210  -6.644 0.4000000060
17151  15.303  -67.556  -7.576 0.4000000060
17152  14.662  -67.473  -7.306 0.4000000060
17164  14.422  -68.028  -7.535 0.3000000119
17165  13.831  -68.080  -7.806 0.3000000119
17368  7.345  -67.904  -23.666 0.5000000000
17387  12.440  -68.080  -26.259 0.5000000000
17960  15.306  -66.744  -7.526 0.3000000119
17961  14.473  -66.641  -7.191 0.4000000060
17970  16.030  -66.483  -7.895 0.3000000119
18881  17.505  -65.198  -9.441 0.3000000119
19752  10.741  -64.675  -5.585 0.4000000060
22361  13.265  -61.438  -10.839 0.3000000119
24110  12.178  -60.290  -11.080 0.3000000119
122983  21.307  -73.422  -22.999 0.6000000238
123558  38.561  -80.145  -21.239 0.3000000119
123638  25.060  -72.234  -27.618 0.6000000238
123948  25.019  -73.168  -23.955 0.6999999881
124030  14.395  -70.137  -25.304 0.6000000238
124167  30.487  -87.233  -25.312 0.3000000119
124806  27.495  -81.456  -21.839 0.6999999881
125162  17.249  -71.273  -29.513 0.5000000000
125464  26.017  -74.166  -21.214 0.6999999881
125547  25.467  -79.833  -30.370 0.4000000060
126237  25.977  -72.385  -16.944 0.6000000238
126871  18.779  -71.759  -29.964 0.5000000000
126966  26.192  -81.776  -21.150 0.5000000000
127154  27.793  -77.158  -30.261 0.4000000060
127273  30.331  -80.062  -27.290 0.4000000060
127505  15.945  -72.098  -24.933 0.6000000238
127826  26.982  -84.258  -31.661 0.4000000060
127973  14.422  -65.841  -7.403 0.4000000060
128465  31.164  -77.709  -27.484 0.4000000060
128747  27.746  -72.840  -16.414 0.6000000238
128773  23.605  -80.007  -26.294 0.6000000238
128786  35.976  -79.033  -27.302 0.4000000060
129161  24.296  -81.017  -19.845 0.5000000000
129214  31.446  -88.127  -23.941 0.3000000119
129788  28.547  -74.972  -16.183 0.6000000238
129818  24.307  -72.116  -20.336 0.6000000238
130051  12.604  -68.798  -10.735 0.3000000119
130082  24.993  -72.208  -26.518 0.6000000238
130433  25.260  -73.825  -24.013 0.6999999881
130458  30.707  -85.977  -22.246 0.3000000119
130848  41.763  -69.439  -24.656 0.3000000119
130951  25.275  -74.455  -22.409 0.6999999881
131006  18.797  -70.726  -29.133 0.5000000000
131027  17.316  -71.912  -29.358 0.6000000238
131077  23.179  -79.576  -19.190 0.5000000000
131236  31.059  -74.259  -16.495 0.6000000238
131466  8.087  -72.091  -21.252 0.6000000238
131486  28.632  -80.691  -24.379 0.6999999881
131493  10.408  -70.392  -22.137 0.6000000238
131572  37.252  -76.575  -26.787 0.3000000119
131613  27.223  -72.510  -16.498 0.6000000238
131763  23.659  -74.528  -23.480 0.6999999881
132030  26.058  -81.765  -21.810 0.6000000238
132443  28.086  -80.506  -25.588 0.6999999881
132516  36.101  -73.932  -23.300 0.6000000238
132631  31.299  -81.624  -30.072 0.4000000060
132937  24.219  -80.669  -21.232 0.5000000000
132950  25.858  -72.708  -18.561 0.8000000119
133049  21.909  -78.231  -19.613 0.5000000000
133218  15.295  -70.687  -26.143 0.6000000238
134182  18.735  -73.358  -30.600 0.6000000238
134198  37.773  -69.317  -26.801 0.3000000119
134384  34.115  -77.871  -27.135 0.4000000060
134701  24.601  -74.631  -23.362 0.6999999881
134856  27.194  -79.654  -26.646 0.6999999881
134937  14.457  -75.468  -26.265 0.5000000000
134972  19.642  -70.525  -27.032 0.5000000000
135103  29.577  -77.747  -21.019 0.6000000238
135221  32.190  -74.357  -17.379 0.6000000238
135237  34.324  -73.770  -29.319 0.3000000119
135594  36.253  -69.694  -28.673 0.4000000060
135720  31.272  -89.133  -21.638 0.3000000119
135854  29.634  -78.291  -23.015 0.8000000119
135907  14.221  -70.144  -24.242 0.6000000238
136078  30.065  -86.039  -29.363 0.5000000000
136171  19.027  -74.202  -30.955 0.4000000060
136414  41.146  -70.745  -26.651 0.3000000119
136476  22.149  -74.544  -18.520 0.6000000238
136559  16.463  -74.386  -25.677 0.5000000000
136658  33.009  -76.389  -23.377 0.6000000238
136687  34.491  -71.235  -29.560 0.4000000060
137214  26.538  -79.437  -26.909 0.6999999881
137524  12.793  -69.346  -24.207 0.6000000238
137535  36.373  -82.197  -26.739 0.4000000060
137722  30.014  -75.754  -26.712 0.6999999881
137932  9.919  -68.536  -25.154 0.6000000238
138286  23.467  -69.653  -29.026 0.6000000238
138440  19.891  -75.805  -18.028 0.5000000000
138481  25.440  -72.634  -19.280 0.8000000119
138819  14.717  -73.105  -22.823 0.5000000000
139022  30.431  -90.620  -18.957 0.3000000119
139671  23.683  -78.537  -16.763 0.6999999881
139885  35.108  -80.492  -28.422 0.4000000060
140937  34.974  -75.257  -22.974 0.6000000238
141036  22.969  -71.096  -20.585 0.6000000238
141151  15.117  -75.784  -26.494 0.5000000000
141217  21.965  -73.387  -31.306 0.5000000000
141666  22.660  -72.332  -30.759 0.5000000000
141886  37.492  -81.941  -24.995 0.3000000119
141925  15.416  -70.548  -27.934 0.5000000000
142252  16.582  -70.387  -29.047 0.5000000000
142306  31.244  -72.140  -16.154 0.6000000238
142649  38.616  -80.501  -22.620 0.3000000119
142709  26.079  -73.855  -21.186 0.8000000119
142729  34.754  -75.340  -28.449 0.4000000060
143017  18.645  -72.494  -30.230 0.5000000000
143280  32.351  -82.811  -28.597 0.5000000000
143808  18.484  -74.552  -19.278 0.5000000000
143818  35.218  -74.945  -25.088 0.5000000000
143883  19.586  -73.954  -19.145 0.5000000000
143886  32.375  -75.724  -19.675 0.6999999881
144055  23.825  -69.232  -28.753 0.6999999881
144081  21.911  -69.729  -28.105 0.6999999881
144267  9.022  -62.905  -11.001 0.3000000119
144649  24.500  -79.207  -29.128 0.6000000238
144970  22.592  -81.491  -23.874 0.5000000000
145186  32.427  -80.709  -28.035 0.4000000060
145221  24.550  -70.750  -29.628 0.6000000238
145347  16.939  -75.475  -26.995 0.5000000000
145544  14.013  -70.222  -23.563 0.6000000238
145569  25.201  -74.169  -24.079 0.6999999881
145613  24.472  -80.242  -23.151 0.6000000238
145992  25.928  -73.029  -19.880 0.8000000119
146118  32.265  -72.782  -16.948 0.6000000238
146197  27.461  -77.499  -30.248 0.4000000060
146373  22.172  -70.641  -21.051 0.6000000238
146607  9.105  -62.437  -11.458 0.3000000119
146657  17.650  -71.808  -29.626 0.5000000000
146691  25.189  -76.288  -17.869 0.6000000238
146735  11.937  -70.083  -18.965 0.4000000060
146810  11.517  -69.013  -24.614 0.6000000238
146870  7.943  -71.656  -18.839 0.6000000238
147342  33.062  -76.278  -24.146 0.6000000238
147448  16.180  -71.896  -25.655 0.6000000238
147689  17.729  -76.595  -18.483 0.6000000238
147690  26.605  -74.902  -17.251 0.6999999881
148217  37.142  -81.414  -25.591 0.3000000119
148309  16.281  -72.788  -24.890 0.6000000238
148401  29.621  -90.535  -21.620 0.3000000119
148459  26.580  -79.053  -27.363 0.6999999881
148507  27.720  -80.838  -25.110 0.6999999881
148650  32.235  -81.995  -30.409 0.3000000119
