#!ascii label  , from subject chris_t1_4 vox2ras=TkReg
2073
66053  -37.682  -13.718  49.238 0.0000000000
80368  -45.552  0.345  29.429 0.0000000000
147522  -32.666  -9.424  30.464 0.0000000000
53242  -5.310  -27.806  46.254 0.0000000000
65048  -21.939  -15.057  52.071 0.0000000000
58079  -5.926  -20.954  43.737 0.0000000000
61951  -9.770  -18.236  52.963 0.0000000000
72778  -40.704  -5.623  30.357 0.0000000000
62154  -4.927  -18.025  36.404 0.0000000000
55113  -5.954  -26.501  55.168 0.0000000000
125035  -36.214  -14.652  42.120 0.0000000000
64012  -32.916  -16.316  49.561 0.0000000000
65054  -29.889  -15.016  52.563 0.0000000000
83820  -46.681  4.417  27.274 0.0000000000
70749  -36.288  -7.681  29.181 0.0000000000
141443  -16.730  -18.810  49.366 0.0000000000
134950  -8.023  -13.805  39.621 0.0000000000
55237  -8.468  -25.411  45.295 0.0000000000
55274  -9.562  -24.965  40.940 0.0000000000
50433  -7.130  -30.558  41.822 0.0000000000
56021  -12.633  -24.291  60.317 0.0000000000
56930  -6.865  -22.704  60.920 0.0000000000
70691  -33.094  -9.640  34.882 0.0000000000
66978  -27.656  -13.099  55.348 0.0000000000
124102  -24.210  -14.981  48.572 0.0000000000
59976  -6.544  -19.665  48.195 0.0000000000
57996  -7.855  -22.694  49.473 0.0000000000
77592  -43.630  -2.683  30.705 0.0000000000
56962  -15.063  -23.271  56.429 0.0000000000
137239  -15.720  -21.395  52.130 0.0000000000
61175  -8.315  -19.631  38.620 0.0000000000
58149  -5.518  -23.248  36.623 0.0000000000
63949  -9.124  -17.784  57.109 0.0000000000
58883  -6.428  -22.202  55.557 0.0000000000
55177  -3.322  -26.175  50.500 0.0000000000
67913  -39.285  -12.649  46.757 0.0000000000
64027  -37.397  -15.662  47.794 0.0000000000
65151  -38.175  -15.190  45.232 0.0000000000
65097  -35.694  -15.353  50.461 0.0000000000
62013  -34.620  -17.878  47.802 0.0000000000
65058  -34.327  -14.483  52.052 0.0000000000
82144  -46.902  2.512  28.822 0.0000000000
79456  -42.276  -0.847  27.838 0.0000000000
80386  -44.494  0.619  26.101 0.0000000000
81279  -45.068  1.952  25.386 0.0000000000
71773  -33.890  -8.428  29.080 0.0000000000
68052  -32.839  -11.706  32.349 0.0000000000
123719  -32.602  -11.228  30.857 0.0000000000
68952  -33.621  -10.392  28.400 0.0000000000
54244  -7.251  -26.430  45.317 0.0000000000
53266  -8.307  -28.213  43.830 0.0000000000
123514  -7.203  -29.479  44.831 0.0000000000
48541  -6.019  -32.897  43.777 0.0000000000
50411  -5.240  -30.764  46.213 0.0000000000
54125  -12.445  -26.068  56.511 0.0000000000
54095  -10.157  -25.844  59.288 0.0000000000
149060  -34.670  -9.594  37.246 0.0000000000
67949  -36.412  -11.000  42.218 0.0000000000
67084  -33.992  -12.707  41.163 0.0000000000
67984  -36.662  -11.947  38.675 0.0000000000
68014  -35.573  -12.619  36.425 0.0000000000
68752  -29.506  -10.961  56.135 0.0000000000
65121  -29.168  -14.077  49.192 0.0000000000
124951  -27.299  -14.943  50.810 0.0000000000
84758  -46.121  5.945  23.723 0.0000000000
86569  -46.607  7.262  22.139 0.0000000000
140822  -8.653  -19.156  50.851 0.0000000000
141089  -9.354  -20.511  48.017 0.0000000000
58926  -10.331  -20.496  51.793 0.0000000000
75714  -42.331  -3.911  30.612 0.0000000000
138533  -37.546  -8.564  27.581 0.0000000000
71786  -39.126  -6.452  28.273 0.0000000000
145410  -39.643  -4.460  28.354 0.0000000000
59859  -15.075  -20.441  59.904 0.0000000000
59865  -15.560  -20.276  57.857 0.0000000000
142160  -5.025  -17.885  43.717 0.0000000000
63057  -7.333  -17.828  41.560 0.0000000000
59078  -7.512  -20.403  41.360 0.0000000000
55260  -6.180  -26.241  40.527 0.0000000000
133411  -7.277  -23.529  39.361 0.0000000000
56210  -4.783  -25.625  38.050 0.0000000000
63941  -9.742  -17.390  58.918 0.0000000000
56030  -7.162  -24.790  58.025 0.0000000000
58848  -7.211  -22.456  58.233 0.0000000000
56961  -6.359  -23.949  55.739 0.0000000000
57948  -4.799  -23.814  52.527 0.0000000000
55143  -3.351  -25.757  53.358 0.0000000000
67930  -37.359  -12.757  43.767 0.0000000000
67864  -31.634  -11.869  55.077 0.0000000000
66016  -32.989  -13.291  53.660 0.0000000000
65095  -31.296  -15.047  50.570 0.0000000000
84721  -47.533  6.057  26.568 0.0000000000
137209  -45.377  4.050  24.101 0.0000000000
70752  -38.541  -7.577  29.680 0.0000000000
68077  -35.831  -9.785  27.799 0.0000000000
139492  -19.330  -14.812  49.033 0.0000000000
63986  -18.004  -16.062  50.930 0.0000000000
64149  -6.050  -15.750  38.280 0.0000000000
56163  -8.208  -23.327  44.383 0.0000000000
57141  -9.121  -23.056  41.845 0.0000000000
55251  -9.892  -25.783  43.360 0.0000000000
53308  -7.870  -27.644  41.232 0.0000000000
135604  -5.206  -29.325  40.591 0.0000000000
59848  -11.434  -20.271  62.372 0.0000000000
60880  -8.593  -19.761  62.018 0.0000000000
56010  -9.768  -23.882  62.093 0.0000000000
55088  -7.431  -25.510  59.197 0.0000000000
70705  -32.907  -9.565  32.955 0.0000000000
68033  -33.468  -12.120  34.435 0.0000000000
65024  -24.256  -14.441  54.083 0.0000000000
66012  -28.619  -14.312  54.130 0.0000000000
65051  -25.546  -14.780  51.987 0.0000000000
65087  -22.607  -15.061  50.415 0.0000000000
62048  -3.622  -18.210  45.284 0.0000000000
61027  -4.481  -18.292  47.953 0.0000000000
58025  -6.111  -20.510  45.227 0.0000000000
58029  -8.290  -22.476  46.300 0.0000000000
57049  -8.140  -24.063  47.811 0.0000000000
55214  -5.821  -25.517  47.186 0.0000000000
79432  -44.918  -1.118  30.453 0.0000000000
145289  -41.314  -2.535  28.731 0.0000000000
58843  -13.658  -21.019  61.315 0.0000000000
56031  -14.440  -24.007  58.184 0.0000000000
54136  -14.006  -25.875  55.168 0.0000000000
138217  -17.295  -16.561  52.309 0.0000000000
60919  -16.478  -18.402  54.179 0.0000000000
60911  -15.848  -19.268  55.941 0.0000000000
56975  -15.252  -22.783  54.021 0.0000000000
54159  -14.437  -25.406  53.072 0.0000000000
66114  -8.775  -14.775  42.118 0.0000000000
64135  -7.727  -16.424  39.592 0.0000000000
62157  -6.921  -18.193  36.921 0.0000000000
59081  -9.427  -21.592  39.836 0.0000000000
59122  -7.861  -21.151  36.766 0.0000000000
60152  -5.013  -20.106  35.492 0.0000000000
62942  -9.815  -17.744  55.673 0.0000000000
61921  -8.357  -19.653  59.507 0.0000000000
59867  -8.737  -20.739  58.158 0.0000000000
123541  -9.828  -20.632  55.259 0.0000000000
58923  -7.645  -21.624  52.657 0.0000000000
57027  -4.649  -24.157  49.841 0.0000000000
54219  -3.558  -27.492  47.708 0.0000000000
53108  -3.405  -27.611  53.352 0.0000000000
134104  -2.791  -28.275  51.607 0.0000000000
51316  -3.131  -29.934  46.412 0.0000000000
66065  -38.336  -13.519  48.204 0.0000000000
149191  -37.793  -12.005  49.203 0.0000000000
65114  -37.856  -14.812  48.519 0.0000000000
133223  -38.296  -14.298  47.879 0.0000000000
65098  -36.476  -15.022  50.218 0.0000000000
141899  -36.399  -15.931  49.395 0.0000000000
67023  -37.306  -12.973  50.257 0.0000000000
66042  -36.335  -13.934  51.126 0.0000000000
81271  -46.535  1.876  28.708 0.0000000000
79458  -43.879  -0.001  28.196 0.0000000000
79462  -43.239  -0.388  26.441 0.0000000000
80382  -44.598  0.536  27.855 0.0000000000
81274  -45.457  1.846  27.220 0.0000000000
71772  -33.103  -8.580  29.447 0.0000000000
72783  -33.535  -7.842  29.588 0.0000000000
72782  -32.792  -7.944  29.809 0.0000000000
68051  -32.673  -11.846  31.616 0.0000000000
69799  -32.838  -10.445  30.583 0.0000000000
69821  -33.358  -9.973  28.866 0.0000000000
53222  -5.460  -27.066  45.941 0.0000000000
53244  -6.745  -27.588  45.091 0.0000000000
143261  -5.902  -28.312  45.994 0.0000000000
50412  -6.097  -31.019  45.429 0.0000000000
131749  -5.183  -29.539  46.182 0.0000000000
53102  -12.003  -26.808  55.099 0.0000000000
53093  -11.083  -26.855  56.061 0.0000000000
68854  -36.272  -10.270  41.411 0.0000000000
67959  -36.190  -11.006  41.190 0.0000000000
69720  -35.990  -10.679  39.631 0.0000000000
69735  -35.576  -10.938  38.177 0.0000000000
85639  -47.263  7.067  24.235 0.0000000000
85649  -46.283  6.523  23.205 0.0000000000
87448  -48.441  8.442  23.337 0.0000000000
60949  -9.210  -18.720  52.108 0.0000000000
60973  -10.317  -19.350  51.264 0.0000000000
60929  -10.437  -19.473  53.285 0.0000000000
131970  -41.473  -4.827  30.408 0.0000000000
74725  -42.712  -4.525  31.500 0.0000000000
69816  -38.975  -7.490  28.888 0.0000000000
70774  -38.347  -7.750  27.812 0.0000000000
71775  -39.385  -5.987  29.332 0.0000000000
73741  -40.800  -4.662  29.687 0.0000000000
60893  -16.566  -18.656  59.492 0.0000000000
60896  -16.774  -18.804  58.781 0.0000000000
128461  -22.124  -14.960  53.453 0.0000000000
63980  -20.560  -15.170  52.994 0.0000000000
63096  -5.575  -16.542  37.408 0.0000000000
60083  -5.201  -19.099  43.344 0.0000000000
60098  -6.649  -19.136  42.351 0.0000000000
145390  -7.057  -20.795  42.679 0.0000000000
54285  -5.464  -27.655  39.922 0.0000000000
55268  -5.527  -26.231  39.109 0.0000000000
53359  -4.572  -27.538  38.382 0.0000000000
65983  -10.718  -15.999  57.627 0.0000000000
64979  -10.431  -17.292  59.835 0.0000000000
55094  -6.921  -25.537  56.425 0.0000000000
129836  -6.860  -24.348  56.956 0.0000000000
56040  -5.984  -25.085  55.298 0.0000000000
56061  -5.139  -25.228  53.971 0.0000000000
127703  -3.931  -26.185  53.592 0.0000000000
67047  -39.084  -12.993  45.184 0.0000000000
66098  -38.231  -14.056  44.501 0.0000000000
67922  -38.414  -12.451  44.182 0.0000000000
68833  -37.422  -10.842  43.497 0.0000000000
63991  -33.504  -15.701  50.864 0.0000000000
130042  -32.999  -15.119  51.937 0.0000000000
64000  -32.481  -15.817  50.120 0.0000000000
65110  -30.901  -14.664  49.227 0.0000000000
83832  -47.098  5.243  26.898 0.0000000000
82974  -45.446  3.451  26.227 0.0000000000
134513  -45.462  3.434  25.249 0.0000000000
83831  -46.381  4.780  26.359 0.0000000000
83841  -46.103  5.104  25.488 0.0000000000
70734  -37.437  -7.414  29.701 0.0000000000
70720  -38.639  -7.076  30.824 0.0000000000
71756  -37.269  -6.870  30.270 0.0000000000
69811  -35.427  -9.232  28.416 0.0000000000
68953  -34.837  -10.125  28.013 0.0000000000
69812  -36.097  -9.112  28.303 0.0000000000
132128  -37.382  -8.465  28.397 0.0000000000
67091  -7.108  -13.616  39.133 0.0000000000
65201  -6.040  -14.587  38.784 0.0000000000
65202  -6.822  -15.065  39.075 0.0000000000
56164  -8.662  -24.803  44.886 0.0000000000
56171  -8.798  -24.460  43.979 0.0000000000
55244  -9.426  -25.640  43.968 0.0000000000
51335  -7.976  -29.677  42.825 0.0000000000
53287  -8.951  -27.919  42.469 0.0000000000
52324  -7.601  -29.241  41.525 0.0000000000
52323  -6.913  -28.800  41.226 0.0000000000
51351  -5.984  -30.057  41.194 0.0000000000
49479  -5.320  -31.337  41.378 0.0000000000
144406  -12.145  -22.287  62.121 0.0000000000
57891  -10.717  -21.592  62.350 0.0000000000
56017  -11.194  -24.252  61.390 0.0000000000
53067  -9.032  -26.631  57.888 0.0000000000
54093  -8.800  -25.806  59.308 0.0000000000
134363  -7.950  -26.268  58.330 0.0000000000
54100  -7.417  -25.949  57.795 0.0000000000
70706  -32.834  -9.917  33.809 0.0000000000
137564  -34.507  -10.763  35.793 0.0000000000
68022  -34.545  -12.115  35.900 0.0000000000
68918  -33.902  -11.086  34.975 0.0000000000
69782  -33.046  -10.904  33.538 0.0000000000
123767  -26.762  -12.418  56.003 0.0000000000
66000  -25.275  -14.011  55.337 0.0000000000
66009  -25.587  -14.008  54.645 0.0000000000
127613  -31.395  -13.904  54.224 0.0000000000
66005  -30.323  -13.528  54.990 0.0000000000
65039  -29.513  -14.999  53.211 0.0000000000
123847  -26.064  -14.998  49.633 0.0000000000
65071  -26.835  -15.009  51.487 0.0000000000
65089  -24.971  -15.021  50.576 0.0000000000
143771  -24.452  -14.927  51.211 0.0000000000
65104  -23.566  -15.062  49.138 0.0000000000
64021  -21.971  -15.007  48.673 0.0000000000
145496  -6.162  -19.543  49.466 0.0000000000
148019  -5.638  -18.974  48.260 0.0000000000
59993  -5.245  -19.240  46.584 0.0000000000
58974  -6.909  -19.783  46.149 0.0000000000
58027  -7.343  -21.342  45.416 0.0000000000
60010  -8.206  -20.772  46.329 0.0000000000
58958  -9.015  -21.464  48.903 0.0000000000
58003  -8.851  -22.110  48.063 0.0000000000
57040  -7.838  -23.814  48.571 0.0000000000
56145  -7.313  -25.195  47.221 0.0000000000
57039  -6.832  -24.263  48.761 0.0000000000
78510  -43.860  -2.093  30.533 0.0000000000
78512  -45.392  -1.554  30.984 0.0000000000
77594  -45.029  -2.131  31.303 0.0000000000
76678  -42.179  -3.280  30.030 0.0000000000
130275  -40.620  -3.472  28.543 0.0000000000
77602  -42.413  -2.622  29.898 0.0000000000
78532  -42.839  -1.375  29.261 0.0000000000
61911  -13.768  -18.672  62.005 0.0000000000
58853  -15.084  -21.859  58.173 0.0000000000
142632  -14.878  -22.186  59.269 0.0000000000
56043  -14.758  -24.005  57.514 0.0000000000
55114  -14.102  -25.167  56.473 0.0000000000
55115  -14.639  -24.623  56.155 0.0000000000
61984  -16.986  -17.785  49.952 0.0000000000
62961  -17.353  -16.744  51.354 0.0000000000
61973  -16.958  -17.794  50.894 0.0000000000
58937  -15.879  -20.641  51.407 0.0000000000
60953  -16.064  -18.591  52.485 0.0000000000
60930  -15.884  -19.173  53.759 0.0000000000
148337  -16.271  -18.386  54.816 0.0000000000
59899  -15.403  -19.743  54.174 0.0000000000
133548  -15.106  -21.283  54.812 0.0000000000
57943  -15.274  -22.024  53.576 0.0000000000
55164  -14.457  -24.920  51.732 0.0000000000
65172  -8.268  -15.005  43.169 0.0000000000
62117  -7.481  -18.721  40.618 0.0000000000
63069  -7.672  -17.548  40.632 0.0000000000
62128  -7.679  -18.020  38.987 0.0000000000
63100  -7.581  -17.744  38.240 0.0000000000
62142  -7.953  -18.509  37.574 0.0000000000
57143  -9.989  -23.742  41.109 0.0000000000
58110  -9.541  -22.385  40.468 0.0000000000
57179  -9.534  -23.062  40.091 0.0000000000
142003  -6.034  -23.343  38.295 0.0000000000
58136  -7.917  -22.259  38.345 0.0000000000
59107  -6.134  -22.174  37.412 0.0000000000
60142  -6.289  -21.126  36.164 0.0000000000
59119  -6.081  -22.105  36.491 0.0000000000
59140  -4.276  -21.280  35.027 0.0000000000
62941  -9.650  -17.576  56.285 0.0000000000
59855  -7.622  -20.990  61.276 0.0000000000
60890  -8.177  -19.178  60.457 0.0000000000
59858  -7.321  -20.734  59.933 0.0000000000
127022  -7.040  -22.423  56.596 0.0000000000
129917  -7.723  -21.783  58.336 0.0000000000
59874  -7.938  -22.175  56.880 0.0000000000
59876  -9.277  -20.775  56.864 0.0000000000
59886  -8.393  -21.709  55.375 0.0000000000
58895  -8.716  -21.560  54.431 0.0000000000
58906  -6.810  -21.735  53.870 0.0000000000
57015  -3.976  -24.967  51.352 0.0000000000
57017  -4.577  -23.584  51.046 0.0000000000
56114  -4.341  -25.458  50.186 0.0000000000
56132  -4.770  -26.016  48.652 0.0000000000
54211  -3.616  -27.005  48.854 0.0000000000
51228  -2.889  -29.443  53.737 0.0000000000
53121  -3.100  -27.726  53.035 0.0000000000
67914  -39.518  -12.044  46.196 0.0000000000
63003  -36.555  -16.588  46.171 0.0000000000
64061  -37.108  -16.174  45.863 0.0000000000
65134  -38.026  -15.227  46.842 0.0000000000
66078  -38.895  -14.098  46.363 0.0000000000
62969  -33.608  -16.450  49.672 0.0000000000
62977  -34.751  -17.026  49.048 0.0000000000
129916  -35.773  -17.120  48.134 0.0000000000
143823  -34.945  -15.353  51.060 0.0000000000
82970  -46.327  3.471  27.635 0.0000000000
79467  -43.504  -0.448  25.375 0.0000000000
79475  -44.422  0.345  24.691 0.0000000000
127033  -44.378  0.821  23.805 0.0000000000
80387  -44.915  1.250  25.743 0.0000000000
82151  -45.128  2.788  26.763 0.0000000000
70748  -35.603  -7.849  29.013 0.0000000000
71755  -36.440  -6.626  30.176 0.0000000000
71764  -35.185  -7.316  29.568 0.0000000000
72768  -35.028  -6.139  30.812 0.0000000000
144283  -33.093  -13.127  33.102 0.0000000000
67176  -32.988  -13.342  32.516 0.0000000000
67185  -32.715  -13.420  31.811 0.0000000000
67194  -32.447  -12.975  30.953 0.0000000000
67204  -32.542  -12.244  29.681 0.0000000000
68068  -32.743  -11.077  29.534 0.0000000000
70772  -34.045  -9.692  28.679 0.0000000000
55236  -7.911  -25.746  45.757 0.0000000000
133088  -8.413  -26.617  44.598 0.0000000000
53245  -7.483  -27.532  44.530 0.0000000000
52302  -7.496  -28.432  44.494 0.0000000000
51334  -7.682  -29.979  43.695 0.0000000000
48552  -6.538  -31.989  43.010 0.0000000000
50413  -6.816  -31.241  44.552 0.0000000000
49463  -6.228  -31.871  45.024 0.0000000000
55092  -12.991  -25.051  59.047 0.0000000000
55090  -11.487  -25.228  59.561 0.0000000000
54115  -11.414  -26.083  57.543 0.0000000000
145288  -34.015  -9.231  36.290 0.0000000000
134247  -36.194  -12.707  43.098 0.0000000000
129534  -35.192  -13.465  41.974 0.0000000000
67947  -35.064  -11.998  42.307 0.0000000000
67957  -34.905  -11.483  41.141 0.0000000000
67982  -35.619  -12.178  39.442 0.0000000000
67995  -36.696  -12.087  37.970 0.0000000000
69747  -35.032  -10.604  37.344 0.0000000000
129866  -29.094  -12.321  56.057 0.0000000000
65074  -29.871  -14.948  51.177 0.0000000000
144150  -28.223  -14.822  51.372 0.0000000000
65091  -27.943  -14.992  50.091 0.0000000000
65119  -26.495  -14.823  48.434 0.0000000000
84789  -45.342  5.511  22.207 0.0000000000
85688  -45.689  6.308  21.016 0.0000000000
128006  -46.032  6.499  20.062 0.0000000000
85699  -46.582  6.837  19.130 0.0000000000
128240  -7.150  -19.308  49.764 0.0000000000
61047  -8.711  -19.772  47.476 0.0000000000
61011  -9.715  -19.505  49.549 0.0000000000
59943  -10.051  -20.198  49.993 0.0000000000
58943  -8.893  -21.315  50.649 0.0000000000
76669  -42.795  -3.420  30.609 0.0000000000
76659  -43.718  -3.485  31.355 0.0000000000
69854  -37.477  -8.331  26.852 0.0000000000
71798  -38.499  -7.232  27.133 0.0000000000
73749  -39.240  -5.375  27.762 0.0000000000
123302  -38.984  -5.462  28.287 0.0000000000
75713  -41.585  -4.148  30.094 0.0000000000
149836  -15.062  -19.025  61.104 0.0000000000
60888  -15.673  -18.846  60.525 0.0000000000
136107  -15.356  -20.338  58.542 0.0000000000
58862  -15.101  -21.983  57.414 0.0000000000
57020  -15.797  -22.313  49.832 0.0000000000
57005  -15.338  -22.941  51.690 0.0000000000
64082  -5.949  -16.494  43.859 0.0000000000
64094  -6.563  -16.941  43.289 0.0000000000
63056  -6.586  -17.907  42.766 0.0000000000
62116  -7.195  -18.740  41.538 0.0000000000
60118  -7.731  -19.703  39.906 0.0000000000
55272  -7.486  -25.285  40.587 0.0000000000
140375  -8.400  -23.745  39.954 0.0000000000
56195  -6.037  -24.927  39.875 0.0000000000
56212  -5.714  -25.032  38.835 0.0000000000
57187  -5.374  -24.341  37.554 0.0000000000
65993  -11.131  -15.592  56.076 0.0000000000
65988  -10.499  -16.118  56.830 0.0000000000
65003  -9.445  -17.330  57.325 0.0000000000
56934  -6.242  -23.666  59.131 0.0000000000
57905  -6.717  -22.605  59.182 0.0000000000
56941  -7.132  -23.592  58.054 0.0000000000
57919  -6.967  -23.154  56.861 0.0000000000
58881  -6.672  -23.079  55.402 0.0000000000
57942  -6.276  -23.083  53.967 0.0000000000
133871  -6.024  -24.011  54.256 0.0000000000
56980  -4.018  -25.221  52.991 0.0000000000
55163  -3.155  -25.739  51.878 0.0000000000
65185  -37.228  -15.565  42.895 0.0000000000
64075  -38.007  -15.779  44.732 0.0000000000
65175  -37.370  -15.192  43.736 0.0000000000
67070  -36.852  -13.320  43.396 0.0000000000
67940  -36.769  -12.182  43.521 0.0000000000
126382  -36.857  -10.485  42.847 0.0000000000
66021  -31.797  -14.293  53.474 0.0000000000
130997  -33.895  -13.527  52.829 0.0000000000
65057  -32.280  -15.002  52.421 0.0000000000
142836  -30.955  -14.982  51.792 0.0000000000
124468  -30.409  -14.630  50.032 0.0000000000
82165  -44.817  2.692  23.298 0.0000000000
84743  -45.753  5.270  23.981 0.0000000000
85628  -46.891  6.241  24.947 0.0000000000
128211  -39.508  -7.015  29.974 0.0000000000
72761  -41.297  -5.835  31.526 0.0000000000
71745  -39.747  -6.699  31.294 0.0000000000
68074  -33.137  -11.219  28.472 0.0000000000
68954  -36.538  -9.463  27.504 0.0000000000
69802  -38.009  -8.055  29.012 0.0000000000
129128  -20.441  -14.923  50.186 0.0000000000
63988  -19.779  -15.166  51.716 0.0000000000
64006  -18.505  -15.358  49.406 0.0000000000
62982  -17.502  -16.706  48.616 0.0000000000
64148  -5.444  -15.578  37.976 0.0000000000
138252  -5.774  -16.139  37.890 0.0000000000
148481  -8.086  -22.500  43.731 0.0000000000
58082  -8.091  -22.450  42.648 0.0000000000
56176  -8.279  -23.753  43.383 0.0000000000
56178  -9.936  -24.498  42.566 0.0000000000
54292  -10.136  -25.592  41.698 0.0000000000
54270  -9.339  -26.910  43.490 0.0000000000
53288  -9.335  -26.994  42.146 0.0000000000
55263  -9.104  -25.942  41.242 0.0000000000
130844  -6.859  -27.215  41.055 0.0000000000
62908  -9.638  -17.786  61.436 0.0000000000
59846  -9.984  -20.362  62.349 0.0000000000
58835  -9.229  -21.837  62.267 0.0000000000
139094  -7.826  -23.164  61.379 0.0000000000
55077  -10.023  -25.052  61.073 0.0000000000
145207  -8.605  -24.339  61.121 0.0000000000
56936  -7.172  -23.709  60.599 0.0000000000
55087  -6.582  -25.093  58.770 0.0000000000
55095  -7.249  -25.385  57.304 0.0000000000
54112  -6.352  -26.406  55.816 0.0000000000
70717  -32.466  -9.148  31.326 0.0000000000
149344  -31.924  -8.371  30.329 0.0000000000
71740  -31.859  -8.744  32.026 0.0000000000
66134  -34.809  -14.667  40.709 0.0000000000
67152  -34.091  -13.479  34.430 0.0000000000
69781  -32.941  -10.371  32.734 0.0000000000
130828  -23.987  -14.794  54.921 0.0000000000
65049  -22.460  -14.974  52.753 0.0000000000
68755  -30.882  -11.445  55.359 0.0000000000
66973  -29.187  -12.896  55.535 0.0000000000
142365  -28.126  -14.071  54.482 0.0000000000
146056  -28.250  -15.031  52.793 0.0000000000
65037  -27.681  -14.747  53.257 0.0000000000
65027  -27.021  -14.127  53.865 0.0000000000
135500  -25.068  -14.264  52.586 0.0000000000
65068  -23.577  -14.982  51.492 0.0000000000
148213  -22.000  -15.044  50.718 0.0000000000
64008  -21.375  -14.974  49.545 0.0000000000
85700  -47.534  7.291  18.843 0.0000000000
85707  -47.894  6.615  17.611 0.0000000000
85708  -48.881  6.758  17.396 0.0000000000
62088  -4.196  -17.924  44.109 0.0000000000
136024  -4.782  -19.975  44.082 0.0000000000
143126  -3.745  -18.171  46.476 0.0000000000
58989  -4.833  -19.662  45.512 0.0000000000
58058  -5.903  -20.749  44.780 0.0000000000
57071  -7.415  -21.687  44.988 0.0000000000
57072  -7.757  -22.854  45.308 0.0000000000
57074  -8.214  -23.854  45.905 0.0000000000
58975  -9.014  -21.173  47.446 0.0000000000
125347  -8.283  -23.173  46.698 0.0000000000
56147  -8.163  -24.592  46.565 0.0000000000
55226  -7.648  -25.457  46.520 0.0000000000
146999  -5.979  -25.917  45.955 0.0000000000
54242  -4.755  -26.938  46.341 0.0000000000
80367  -44.791  -0.143  29.462 0.0000000000
73756  -39.643  -5.371  26.764 0.0000000000
75734  -40.220  -3.995  26.822 0.0000000000
76690  -40.858  -2.977  26.176 0.0000000000
78536  -41.686  -1.495  28.048 0.0000000000
79452  -43.115  -0.683  28.620 0.0000000000
58838  -12.682  -20.676  62.100 0.0000000000
57898  -13.302  -22.413  61.123 0.0000000000
58844  -14.252  -21.078  60.701 0.0000000000
57899  -13.876  -22.519  60.592 0.0000000000
56027  -13.353  -24.337  59.321 0.0000000000
54126  -13.079  -25.982  56.264 0.0000000000
63978  -18.919  -15.468  52.277 0.0000000000
62959  -18.061  -15.864  52.801 0.0000000000
137962  -18.244  -15.881  54.282 0.0000000000
60975  -16.073  -18.648  51.552 0.0000000000
61954  -17.019  -17.432  53.493 0.0000000000
62949  -17.679  -16.139  54.886 0.0000000000
61939  -17.012  -16.913  55.524 0.0000000000
61931  -17.178  -17.390  57.231 0.0000000000
61926  -17.251  -18.133  57.627 0.0000000000
60907  -16.077  -19.419  56.722 0.0000000000
58875  -15.194  -20.890  56.515 0.0000000000
57929  -15.107  -22.556  55.798 0.0000000000
56077  -14.927  -23.735  52.748 0.0000000000
56070  -15.058  -24.301  54.047 0.0000000000
55136  -14.933  -24.900  54.484 0.0000000000
141537  -14.249  -25.701  53.656 0.0000000000
66121  -8.711  -14.458  40.696 0.0000000000
63043  -7.714  -16.712  41.959 0.0000000000
64122  -8.362  -16.044  40.956 0.0000000000
65204  -8.072  -15.198  40.032 0.0000000000
65216  -7.356  -15.932  39.007 0.0000000000
63098  -6.399  -16.619  37.876 0.0000000000
62156  -5.838  -18.020  36.724 0.0000000000
59058  -7.713  -21.213  41.645 0.0000000000
59080  -8.921  -21.104  40.280 0.0000000000
60120  -9.016  -20.440  38.685 0.0000000000
58120  -8.739  -22.517  39.129 0.0000000000
58137  -8.822  -21.656  38.527 0.0000000000
60144  -8.731  -20.552  37.735 0.0000000000
61204  -8.099  -19.595  36.632 0.0000000000
139773  -6.145  -19.383  36.101 0.0000000000
61202  -5.123  -19.149  35.927 0.0000000000
61211  -3.697  -20.131  35.206 0.0000000000
62915  -8.849  -18.287  60.622 0.0000000000
62924  -9.230  -18.631  59.222 0.0000000000
133135  -9.213  -18.778  58.496 0.0000000000
59861  -7.561  -20.840  59.345 0.0000000000
60898  -8.280  -20.250  58.887 0.0000000000
61928  -9.141  -18.551  57.922 0.0000000000
61933  -9.417  -18.702  56.839 0.0000000000
61937  -10.026  -18.910  55.629 0.0000000000
144335  -10.337  -19.744  54.576 0.0000000000
127403  -10.346  -20.408  53.660 0.0000000000
58924  -8.763  -21.366  52.329 0.0000000000
139083  -6.897  -21.949  51.144 0.0000000000
57962  -5.893  -22.643  52.911 0.0000000000
123918  -6.082  -22.721  51.074 0.0000000000
57994  -6.399  -23.202  49.756 0.0000000000
56124  -5.393  -24.999  48.696 0.0000000000
126071  -4.740  -26.578  47.469 0.0000000000
54241  -4.191  -27.504  46.695 0.0000000000
53087  -5.089  -26.801  54.645 0.0000000000
132445  -4.410  -27.534  53.596 0.0000000000
54134  -4.486  -26.555  53.941 0.0000000000
126959  -3.448  -26.716  53.529 0.0000000000
54157  -2.989  -26.887  52.840 0.0000000000
53143  -2.836  -27.288  51.181 0.0000000000
51267  -2.767  -29.047  50.213 0.0000000000
53169  -3.040  -27.520  49.150 0.0000000000
53180  -2.923  -27.765  48.175 0.0000000000
136906  -2.928  -28.153  46.686 0.0000000000
52287  -3.484  -29.182  46.456 0.0000000000
50405  -3.624  -30.615  46.376 0.0000000000
137543  -4.350  -31.980  46.806 0.0000000000
67032  -38.032  -13.313  48.871 0.0000000000
67034  -38.328  -12.789  48.411 0.0000000000
67024  -37.654  -13.132  49.532 0.0000000000
66060  -37.470  -14.366  49.182 0.0000000000
143631  -38.056  -14.051  48.710 0.0000000000
66052  -37.172  -13.813  49.854 0.0000000000
65099  -37.064  -14.725  49.805 0.0000000000
66051  -36.712  -14.295  50.478 0.0000000000
67896  -37.603  -12.425  49.741 0.0000000000
80378  -46.150  1.094  29.014 0.0000000000
81265  -46.933  1.433  29.517 0.0000000000
80369  -46.530  0.686  29.824 0.0000000000
80376  -44.696  0.222  28.783 0.0000000000
80377  -45.373  0.764  28.432 0.0000000000
81270  -45.805  1.439  28.135 0.0000000000
70760  -32.749  -9.268  29.745 0.0000000000
71771  -32.496  -8.459  29.967 0.0000000000
70732  -32.965  -9.895  31.212 0.0000000000
70747  -32.810  -9.919  30.209 0.0000000000
128152  -32.928  -10.075  29.519 0.0000000000
53243  -6.094  -27.560  45.765 0.0000000000
52300  -5.224  -28.713  46.286 0.0000000000
53101  -11.295  -27.022  55.216 0.0000000000
68868  -36.093  -10.469  40.252 0.0000000000
60927  -9.272  -18.510  52.183 0.0000000000
60950  -10.246  -19.242  52.292 0.0000000000
60928  -9.935  -18.665  52.923 0.0000000000
134730  -41.072  -5.212  30.288 0.0000000000
73735  -41.519  -5.246  30.793 0.0000000000
71766  -39.587  -6.082  29.612 0.0000000000
70766  -39.456  -6.551  29.265 0.0000000000
71767  -39.880  -5.800  29.846 0.0000000000
131741  -40.529  -5.440  30.049 0.0000000000
62925  -17.510  -17.380  59.333 0.0000000000
130968  -17.282  -18.130  59.144 0.0000000000
63981  -21.448  -15.065  52.999 0.0000000000
63989  -20.814  -15.077  52.120 0.0000000000
63110  -5.445  -17.246  36.773 0.0000000000
63109  -4.904  -16.869  36.745 0.0000000000
59039  -5.782  -20.462  43.347 0.0000000000
59056  -6.542  -20.333  42.840 0.0000000000
58091  -6.490  -20.968  43.140 0.0000000000
54298  -5.254  -27.423  39.191 0.0000000000
64987  -10.736  -16.704  59.397 0.0000000000
55103  -6.291  -25.718  55.610 0.0000000000
56041  -6.585  -24.830  56.245 0.0000000000
55112  -5.587  -25.914  54.774 0.0000000000
56052  -5.309  -25.446  54.303 0.0000000000
55124  -4.760  -25.991  53.933 0.0000000000
128467  -39.177  -12.056  44.942 0.0000000000
67054  -38.849  -12.547  44.586 0.0000000000
67923  -38.812  -11.793  44.329 0.0000000000
68826  -38.740  -10.874  44.147 0.0000000000
64001  -33.180  -16.054  50.248 0.0000000000
64011  -32.254  -16.020  49.407 0.0000000000
83821  -47.453  4.840  27.703 0.0000000000
82975  -46.007  3.980  26.699 0.0000000000
70750  -36.877  -7.880  29.122 0.0000000000
70733  -36.752  -7.207  29.651 0.0000000000
70764  -36.069  -8.411  28.665 0.0000000000
67081  -8.546  -13.221  40.093 0.0000000000
66129  -7.522  -14.620  39.466 0.0000000000
56165  -9.101  -25.112  44.148 0.0000000000
55243  -8.935  -25.548  44.523 0.0000000000
51342  -8.150  -29.313  42.289 0.0000000000
51341  -7.727  -29.762  41.996 0.0000000000
51352  -7.041  -29.704  41.355 0.0000000000
50425  -6.234  -31.045  41.685 0.0000000000
56013  -12.222  -23.653  61.302 0.0000000000
56012  -11.614  -23.729  61.757 0.0000000000
132355  -11.769  -24.114  61.237 0.0000000000
54102  -8.683  -26.232  58.541 0.0000000000
71724  -32.687  -9.428  34.113 0.0000000000
140846  -32.913  -9.084  35.145 0.0000000000
65190  -36.203  -15.451  41.934 0.0000000000
69761  -33.881  -10.457  35.255 0.0000000000
70707  -33.217  -10.178  34.633 0.0000000000
66971  -27.491  -12.557  55.906 0.0000000000
66977  -26.764  -12.882  55.583 0.0000000000
141530  -26.005  -13.837  55.075 0.0000000000
66001  -26.847  -13.525  55.010 0.0000000000
66020  -30.894  -14.395  53.589 0.0000000000
65030  -29.971  -14.551  53.702 0.0000000000
65040  -30.434  -14.975  53.123 0.0000000000
123846  -24.806  -14.999  49.062 0.0000000000
123911  -25.290  -14.984  49.716 0.0000000000
148705  -24.233  -15.038  49.142 0.0000000000
65105  -24.323  -15.010  49.769 0.0000000000
65116  -22.797  -15.077  48.682 0.0000000000
65117  -23.417  -15.026  48.208 0.0000000000
126725  -6.280  -19.636  48.977 0.0000000000
59958  -6.003  -19.386  48.770 0.0000000000
59975  -6.373  -19.497  48.169 0.0000000000
59995  -6.367  -19.280  46.956 0.0000000000
59996  -6.787  -19.449  47.147 0.0000000000
60009  -7.475  -19.991  46.389 0.0000000000
59977  -7.611  -19.566  47.304 0.0000000000
57997  -8.304  -21.917  49.586 0.0000000000
124966  -8.471  -22.302  48.961 0.0000000000
58002  -8.112  -22.960  48.739 0.0000000000
57995  -7.245  -23.437  49.289 0.0000000000
77593  -44.332  -2.447  30.990 0.0000000000
77591  -42.933  -2.920  30.428 0.0000000000
77601  -41.734  -2.878  29.450 0.0000000000
77603  -43.099  -2.322  30.287 0.0000000000
131695  -15.066  -22.777  57.157 0.0000000000
57909  -15.080  -22.752  57.924 0.0000000000
56954  -14.996  -23.433  57.329 0.0000000000
135284  -14.899  -24.027  56.726 0.0000000000
56053  -15.015  -24.117  55.863 0.0000000000
147545  -16.630  -18.503  50.237 0.0000000000
137591  -15.613  -20.370  52.441 0.0000000000
59909  -15.438  -20.026  53.342 0.0000000000
142251  -15.303  -21.112  53.120 0.0000000000
144939  -15.177  -21.248  54.082 0.0000000000
57951  -15.441  -22.119  52.656 0.0000000000
66102  -7.352  -15.062  43.835 0.0000000000
62127  -7.736  -18.680  39.610 0.0000000000
136877  -7.974  -18.693  38.498 0.0000000000
56199  -10.034  -24.339  40.979 0.0000000000
57159  -9.706  -23.637  40.600 0.0000000000
145932  -9.493  -24.164  40.576 0.0000000000
58134  -6.114  -22.909  37.743 0.0000000000
126140  -6.065  -22.515  37.823 0.0000000000
58151  -5.959  -22.323  37.451 0.0000000000
58150  -5.942  -22.827  37.006 0.0000000000
59118  -5.691  -22.356  36.263 0.0000000000
145399  -9.501  -17.176  57.042 0.0000000000
62936  -9.071  -17.831  57.132 0.0000000000
58841  -7.268  -21.803  61.179 0.0000000000
128669  -6.781  -21.991  60.570 0.0000000000
132513  -6.700  -22.485  56.044 0.0000000000
58873  -7.230  -22.394  56.845 0.0000000000
58874  -7.205  -22.309  56.260 0.0000000000
59875  -8.338  -21.909  56.415 0.0000000000
58884  -7.365  -22.049  55.558 0.0000000000
58894  -7.582  -21.781  54.611 0.0000000000
58893  -6.535  -21.846  54.805 0.0000000000
56106  -3.655  -25.439  51.013 0.0000000000
56107  -4.098  -25.078  50.775 0.0000000000
56113  -3.814  -25.759  50.579 0.0000000000
56121  -4.172  -25.938  49.869 0.0000000000
125694  -3.621  -26.611  49.587 0.0000000000
50314  -2.835  -30.256  54.152 0.0000000000
64036  -36.946  -16.063  47.448 0.0000000000
64048  -37.041  -16.114  46.649 0.0000000000
64037  -37.556  -15.658  47.125 0.0000000000
67038  -39.048  -13.237  47.277 0.0000000000
66071  -38.764  -14.029  47.089 0.0000000000
67041  -39.080  -13.452  46.568 0.0000000000
125599  -39.256  -12.888  46.004 0.0000000000
64003  -34.913  -15.996  50.323 0.0000000000
62970  -34.395  -16.462  49.638 0.0000000000
64013  -35.202  -16.428  49.456 0.0000000000
64026  -36.996  -16.002  48.256 0.0000000000
64025  -36.500  -16.263  48.746 0.0000000000
62989  -36.427  -16.597  47.937 0.0000000000
62997  -36.534  -16.643  46.998 0.0000000000
65081  -36.113  -14.673  50.869 0.0000000000
65080  -35.492  -14.923  51.143 0.0000000000
64002  -33.968  -16.096  50.312 0.0000000000
82149  -46.423  2.616  28.182 0.0000000000
82964  -47.613  3.594  28.897 0.0000000000
82145  -47.387  2.832  29.190 0.0000000000
130849  -41.817  -1.180  27.257 0.0000000000
77621  -41.709  -2.146  25.970 0.0000000000
79461  -42.376  -0.752  26.916 0.0000000000
79463  -43.804  0.126  26.021 0.0000000000
79474  -44.017  -0.201  24.576 0.0000000000
79468  -44.169  0.196  25.312 0.0000000000
80390  -44.680  0.715  25.209 0.0000000000
81275  -46.027  2.063  27.942 0.0000000000
82148  -45.765  2.704  27.473 0.0000000000
71774  -34.792  -8.112  28.967 0.0000000000
72776  -33.893  -7.148  30.164 0.0000000000
72767  -34.227  -6.552  30.956 0.0000000000
68042  -32.978  -12.361  32.937 0.0000000000
128972  -32.576  -12.563  31.543 0.0000000000
68062  -32.537  -11.966  30.769 0.0000000000
70761  -33.387  -9.356  29.006 0.0000000000
70762  -34.387  -9.019  28.736 0.0000000000
54259  -7.656  -26.874  44.717 0.0000000000
54258  -6.780  -27.005  44.977 0.0000000000
52301  -6.605  -28.409  45.366 0.0000000000
147534  -7.662  -29.268  44.106 0.0000000000
51329  -7.221  -30.446  44.374 0.0000000000
50418  -7.327  -30.932  43.602 0.0000000000
134069  -5.712  -31.578  45.743 0.0000000000
48536  -5.562  -32.616  45.468 0.0000000000
49462  -5.072  -31.392  46.399 0.0000000000
54107  -12.572  -25.628  57.728 0.0000000000
55096  -12.340  -25.306  58.489 0.0000000000
54116  -12.057  -26.047  57.166 0.0000000000
123698  -36.253  -11.629  43.028 0.0000000000
67939  -35.683  -12.103  42.846 0.0000000000
67948  -35.821  -11.447  42.409 0.0000000000
67970  -35.986  -11.476  40.021 0.0000000000
67958  -36.000  -11.270  40.895 0.0000000000
67969  -35.920  -11.817  40.125 0.0000000000
68861  -34.797  -11.758  40.326 0.0000000000
67983  -36.359  -12.079  39.188 0.0000000000
138471  -35.964  -12.424  38.486 0.0000000000
127146  -36.551  -12.152  38.333 0.0000000000
70671  -35.445  -10.257  38.121 0.0000000000
126618  -28.849  -11.529  56.221 0.0000000000
65108  -28.918  -14.941  49.873 0.0000000000
65092  -28.698  -15.025  50.441 0.0000000000
128371  -28.304  -14.725  49.508 0.0000000000
84757  -45.607  5.340  23.352 0.0000000000
83888  -44.942  4.937  22.028 0.0000000000
85648  -45.730  5.866  22.821 0.0000000000
144950  -46.541  7.077  22.842 0.0000000000
85664  -46.140  6.570  22.429 0.0000000000
85678  -46.194  6.722  21.596 0.0000000000
86584  -46.710  7.372  21.293 0.0000000000
130506  -8.349  -19.189  49.890 0.0000000000
61010  -9.119  -19.264  49.140 0.0000000000
60990  -9.437  -19.226  50.032 0.0000000000
59932  -10.773  -20.019  51.295 0.0000000000
59944  -10.409  -19.904  50.482 0.0000000000
58945  -10.356  -20.320  50.822 0.0000000000
58944  -9.633  -20.774  50.305 0.0000000000
58936  -9.644  -20.893  51.155 0.0000000000
75715  -43.060  -3.703  30.991 0.0000000000
68968  -36.988  -9.077  27.218 0.0000000000
71779  -39.032  -6.761  28.239 0.0000000000
70785  -37.981  -7.896  27.248 0.0000000000
71785  -38.865  -6.821  27.809 0.0000000000
72788  -39.163  -6.272  27.922 0.0000000000
128400  -39.067  -5.851  28.641 0.0000000000
74731  -41.305  -4.569  30.061 0.0000000000
74737  -40.885  -4.436  29.577 0.0000000000
75722  -42.092  -3.705  30.270 0.0000000000
61916  -16.398  -18.001  60.509 0.0000000000
60899  -16.040  -19.570  58.420 0.0000000000
59862  -15.580  -19.903  58.973 0.0000000000
58854  -15.204  -21.052  58.205 0.0000000000
58863  -15.219  -21.057  57.378 0.0000000000
57988  -15.695  -22.133  50.699 0.0000000000
57019  -15.430  -22.816  50.436 0.0000000000
63029  -5.482  -17.022  43.874 0.0000000000
64093  -6.058  -16.796  43.672 0.0000000000
63055  -6.028  -17.873  43.345 0.0000000000
60099  -7.292  -19.664  41.810 0.0000000000
61160  -7.218  -19.165  41.550 0.0000000000
60100  -7.483  -19.678  40.967 0.0000000000
61161  -7.456  -19.233  40.799 0.0000000000
60101  -7.560  -20.097  40.505 0.0000000000
55261  -6.870  -25.988  40.830 0.0000000000
55271  -6.494  -25.515  40.314 0.0000000000
55270  -5.959  -25.763  40.015 0.0000000000
55278  -5.052  -25.972  38.578 0.0000000000
56193  -5.606  -25.599  39.047 0.0000000000
56211  -5.286  -25.412  38.456 0.0000000000
57173  -5.592  -24.724  38.150 0.0000000000
56228  -5.070  -25.031  37.844 0.0000000000
56227  -4.581  -25.464  37.648 0.0000000000
64992  -10.201  -16.637  58.305 0.0000000000
65982  -10.483  -16.193  57.379 0.0000000000
64998  -10.030  -16.667  57.642 0.0000000000
64997  -9.586  -17.290  58.052 0.0000000000
56938  -6.604  -24.127  58.403 0.0000000000
57900  -6.616  -23.278  58.575 0.0000000000
56024  -7.082  -24.264  57.674 0.0000000000
56953  -6.574  -24.122  56.412 0.0000000000
57918  -6.724  -23.621  56.439 0.0000000000
57928  -6.780  -23.245  56.042 0.0000000000
149120  -6.425  -23.628  55.450 0.0000000000
57936  -6.226  -23.748  54.917 0.0000000000
57927  -6.024  -24.164  55.027 0.0000000000
56069  -4.254  -25.471  53.312 0.0000000000
132160  -4.627  -24.882  53.115 0.0000000000
56076  -3.576  -25.466  53.002 0.0000000000
56085  -3.497  -25.419  52.341 0.0000000000
55151  -3.169  -25.692  52.757 0.0000000000
64104  -37.143  -16.474  42.787 0.0000000000
64062  -37.812  -15.901  45.419 0.0000000000
64074  -37.320  -16.112  44.741 0.0000000000
67062  -38.069  -13.302  43.919 0.0000000000
66104  -37.774  -14.329  43.849 0.0000000000
67061  -37.422  -13.657  43.668 0.0000000000
66103  -37.154  -14.435  43.213 0.0000000000
62012  -33.853  -18.019  47.967 0.0000000000
66990  -32.578  -12.889  54.248 0.0000000000
66015  -32.250  -13.685  54.031 0.0000000000
66022  -32.630  -14.063  53.333 0.0000000000
66025  -34.785  -13.256  52.182 0.0000000000
66031  -34.301  -13.723  52.338 0.0000000000
65077  -32.350  -15.073  51.472 0.0000000000
65056  -31.564  -15.007  52.118 0.0000000000
65076  -31.491  -15.022  51.285 0.0000000000
65094  -30.500  -14.841  50.559 0.0000000000
65123  -30.841  -14.518  48.264 0.0000000000
85617  -48.153  6.684  26.262 0.0000000000
81282  -44.983  1.842  24.587 0.0000000000
81290  -44.699  1.690  23.733 0.0000000000
82978  -45.516  4.099  24.745 0.0000000000
135671  -45.390  3.376  24.434 0.0000000000
141878  -45.177  3.484  23.707 0.0000000000
82994  -45.297  4.502  23.447 0.0000000000
83851  -45.549  4.675  24.294 0.0000000000
84720  -46.769  5.614  26.064 0.0000000000
84734  -46.531  5.749  25.212 0.0000000000
84735  -47.336  6.364  25.694 0.0000000000
125104  -39.217  -7.410  29.838 0.0000000000
141631  -39.802  -6.836  30.821 0.0000000000
70736  -38.990  -7.349  30.346 0.0000000000
71743  -38.549  -6.673  31.329 0.0000000000
71726  -39.544  -6.463  31.876 0.0000000000
72769  -36.021  -6.121  30.705 0.0000000000
71741  -36.999  -6.376  30.876 0.0000000000
68076  -35.206  -10.519  27.601 0.0000000000
146119  -38.053  -7.804  29.393 0.0000000000
69803  -38.818  -7.636  29.227 0.0000000000
64007  -19.440  -14.936  49.878 0.0000000000
67089  -5.435  -13.511  38.730 0.0000000000
65214  -6.140  -15.004  38.782 0.0000000000
125550  -5.510  -15.065  38.361 0.0000000000
57107  -8.050  -22.603  44.294 0.0000000000
57108  -8.286  -23.234  43.619 0.0000000000
56172  -9.608  -24.951  43.472 0.0000000000
56177  -9.140  -24.191  43.074 0.0000000000
55252  -10.061  -25.241  42.721 0.0000000000
56179  -10.374  -24.812  42.127 0.0000000000
144870  -10.285  -25.437  42.228 0.0000000000
53246  -8.342  -27.271  44.101 0.0000000000
54260  -8.970  -26.621  44.128 0.0000000000
53267  -8.970  -27.675  43.378 0.0000000000
123844  -8.455  -28.351  41.702 0.0000000000
53309  -8.771  -27.474  41.657 0.0000000000
149750  -9.112  -26.719  41.600 0.0000000000
54290  -8.412  -26.791  41.293 0.0000000000
54289  -7.368  -26.699  41.085 0.0000000000
52322  -5.689  -28.582  40.894 0.0000000000
124743  -6.039  -28.198  40.913 0.0000000000
48551  -5.907  -32.616  42.842 0.0000000000
61902  -10.136  -18.702  62.233 0.0000000000
59847  -10.713  -20.302  62.401 0.0000000000
56927  -10.105  -23.108  62.262 0.0000000000
57890  -9.995  -21.704  62.334 0.0000000000
129814  -9.661  -22.471  62.274 0.0000000000
57893  -8.888  -22.579  62.154 0.0000000000
56925  -8.517  -23.258  62.016 0.0000000000
55084  -11.193  -25.085  60.300 0.0000000000
54088  -10.141  -25.490  59.829 0.0000000000
55089  -8.208  -25.446  59.657 0.0000000000
54086  -9.003  -25.323  60.004 0.0000000000
55075  -8.411  -24.965  60.397 0.0000000000
56020  -7.813  -24.393  60.524 0.0000000000
55081  -7.531  -25.080  59.992 0.0000000000
56019  -6.952  -24.548  60.053 0.0000000000
55080  -6.850  -25.082  59.361 0.0000000000
54099  -7.281  -25.974  57.047 0.0000000000
54098  -7.136  -25.920  56.591 0.0000000000
129903  -33.040  -9.497  32.084 0.0000000000
70718  -32.678  -9.066  32.515 0.0000000000
66116  -34.585  -13.210  41.638 0.0000000000
66124  -35.200  -14.195  41.321 0.0000000000
66123  -34.422  -13.735  40.902 0.0000000000
68021  -33.981  -12.402  35.254 0.0000000000
67153  -34.104  -12.892  35.540 0.0000000000
67166  -33.549  -12.683  34.566 0.0000000000
148442  -32.971  -9.999  32.976 0.0000000000
70719  -33.143  -9.957  32.299 0.0000000000
65019  -24.724  -14.170  54.728 0.0000000000
125348  -22.923  -14.906  53.433 0.0000000000
65034  -23.785  -14.619  53.393 0.0000000000
66013  -29.435  -14.196  54.239 0.0000000000
66980  -29.830  -13.169  55.269 0.0000000000
139053  -29.208  -13.423  55.171 0.0000000000
66003  -28.789  -13.939  54.813 0.0000000000
131145  -28.294  -14.875  51.999 0.0000000000
65072  -27.687  -14.854  51.442 0.0000000000
65052  -26.416  -15.006  52.099 0.0000000000
138074  -26.929  -14.889  52.688 0.0000000000
65036  -26.535  -14.300  53.234 0.0000000000
65035  -25.545  -14.116  53.245 0.0000000000
140922  -23.222  -15.038  50.777 0.0000000000
65067  -22.533  -15.060  51.256 0.0000000000
145087  -21.332  -15.036  50.493 0.0000000000
65102  -21.972  -15.047  50.141 0.0000000000
128577  -21.585  -14.902  47.892 0.0000000000
64020  -21.010  -14.838  48.500 0.0000000000
86604  -47.234  7.441  19.663 0.0000000000
63008  -3.633  -16.826  45.258 0.0000000000
62075  -3.902  -17.803  44.445 0.0000000000
60065  -4.305  -19.180  44.206 0.0000000000
61101  -3.914  -18.991  44.866 0.0000000000
132469  -4.581  -18.150  48.578 0.0000000000
130692  -3.941  -18.037  47.111 0.0000000000
58972  -5.678  -19.541  45.948 0.0000000000
60008  -5.187  -19.480  45.941 0.0000000000
58024  -5.426  -20.284  45.197 0.0000000000
58057  -5.259  -20.366  44.992 0.0000000000
58043  -6.000  -20.863  45.005 0.0000000000
57070  -6.783  -21.102  44.858 0.0000000000
58044  -6.778  -20.988  45.056 0.0000000000
58028  -7.823  -21.987  45.672 0.0000000000
138260  -7.621  -22.166  45.369 0.0000000000
58046  -7.824  -22.805  45.790 0.0000000000
57073  -8.016  -23.507  45.678 0.0000000000
58047  -8.068  -23.363  46.265 0.0000000000
61048  -9.296  -19.780  48.076 0.0000000000
59998  -9.238  -20.238  47.691 0.0000000000
57041  -8.440  -23.133  47.899 0.0000000000
58011  -8.754  -22.465  47.045 0.0000000000
57050  -8.414  -23.538  47.151 0.0000000000
57059  -8.255  -23.954  46.627 0.0000000000
56137  -8.210  -24.350  47.125 0.0000000000
56146  -7.969  -25.136  47.097 0.0000000000
56144  -6.441  -25.234  47.378 0.0000000000
55225  -6.612  -25.626  46.702 0.0000000000
55234  -5.353  -26.448  46.072 0.0000000000
125889  -5.531  -25.914  46.610 0.0000000000
79444  -45.229  -0.367  30.065 0.0000000000
79445  -46.097  -0.054  30.238 0.0000000000
131316  -45.716  -0.802  30.666 0.0000000000
71762  -31.421  -8.029  30.572 0.0000000000
72797  -39.269  -6.066  26.726 0.0000000000
74744  -39.410  -4.785  27.730 0.0000000000
76685  -40.670  -2.878  28.016 0.0000000000
75727  -40.273  -3.633  27.771 0.0000000000
132451  -40.461  -3.221  26.958 0.0000000000
126835  -40.846  -2.533  27.055 0.0000000000
77613  -41.146  -2.168  27.914 0.0000000000
78524  -44.137  -1.431  30.212 0.0000000000
79442  -43.643  -1.023  29.531 0.0000000000
79453  -44.053  -0.323  29.124 0.0000000000
139277  -12.734  -19.917  62.173 0.0000000000
58839  -13.285  -20.662  61.819 0.0000000000
58842  -13.048  -21.349  61.881 0.0000000000
149806  -13.275  -21.744  61.358 0.0000000000
137250  -14.901  -19.782  60.919 0.0000000000
58847  -14.765  -21.109  60.119 0.0000000000
56942  -14.454  -23.421  58.637 0.0000000000
57902  -14.340  -22.527  59.762 0.0000000000
56939  -14.154  -23.338  59.347 0.0000000000
56937  -13.789  -23.335  60.146 0.0000000000
56028  -14.045  -24.098  58.925 0.0000000000
55093  -13.534  -24.676  58.641 0.0000000000
145644  -14.009  -24.496  58.309 0.0000000000
54127  -13.747  -25.722  55.971 0.0000000000
54135  -13.210  -26.055  55.397 0.0000000000
53103  -12.690  -26.492  54.821 0.0000000000
147062  -12.981  -26.576  54.301 0.0000000000
63987  -18.814  -15.458  51.346 0.0000000000
62954  -18.207  -15.927  53.660 0.0000000000
62958  -17.460  -16.632  53.218 0.0000000000
61972  -16.359  -18.654  50.815 0.0000000000
59933  -15.999  -19.667  50.869 0.0000000000
60931  -16.295  -18.564  53.354 0.0000000000
61953  -16.662  -18.051  53.019 0.0000000000
61945  -16.768  -18.078  53.642 0.0000000000
62953  -17.487  -16.652  54.071 0.0000000000
61946  -17.092  -16.967  54.730 0.0000000000
61938  -16.627  -17.745  55.002 0.0000000000
60912  -16.155  -18.521  55.480 0.0000000000
61934  -16.602  -17.709  56.036 0.0000000000
60908  -16.448  -18.601  56.413 0.0000000000
61930  -16.983  -17.965  56.878 0.0000000000
60904  -16.722  -18.767  57.195 0.0000000000
58885  -15.120  -20.859  55.570 0.0000000000
57937  -15.100  -21.852  55.276 0.0000000000
57930  -15.130  -21.683  56.099 0.0000000000
56968  -15.105  -22.694  54.912 0.0000000000
142800  -14.601  -23.950  51.446 0.0000000000
56087  -15.001  -23.373  52.035 0.0000000000
54167  -14.473  -25.444  52.250 0.0000000000
55152  -14.644  -24.945  52.718 0.0000000000
55144  -14.849  -24.960  53.613 0.0000000000
54149  -14.576  -25.349  53.998 0.0000000000
67067  -8.881  -14.013  42.972 0.0000000000
66108  -9.247  -13.998  42.049 0.0000000000
66115  -9.046  -14.246  41.351 0.0000000000
128545  -8.751  -14.859  41.251 0.0000000000
63042  -7.108  -17.329  42.392 0.0000000000
64095  -7.298  -16.633  42.849 0.0000000000
139060  -7.776  -17.149  39.917 0.0000000000
64121  -7.974  -16.699  40.518 0.0000000000
65194  -8.117  -15.886  40.259 0.0000000000
65203  -7.662  -15.520  39.611 0.0000000000
63114  -7.400  -17.945  37.503 0.0000000000
63099  -7.248  -17.083  37.962 0.0000000000
63113  -6.620  -17.462  37.372 0.0000000000
57140  -8.239  -22.811  42.297 0.0000000000
58094  -8.098  -21.982  42.007 0.0000000000
58095  -8.872  -22.239  41.546 0.0000000000
59060  -9.296  -21.853  40.727 0.0000000000
59095  -9.157  -20.748  39.446 0.0000000000
59096  -9.345  -21.049  39.041 0.0000000000
56215  -7.562  -23.917  39.860 0.0000000000
57177  -8.155  -23.319  39.481 0.0000000000
59109  -8.187  -21.570  37.624 0.0000000000
59110  -8.900  -21.105  38.004 0.0000000000
148488  -8.514  -20.986  37.313 0.0000000000
128312  -8.475  -19.799  37.301 0.0000000000
60155  -7.649  -20.306  36.317 0.0000000000
60153  -5.752  -20.169  35.860 0.0000000000
60154  -6.711  -20.214  35.970 0.0000000000
61201  -4.241  -19.128  35.887 0.0000000000
136650  -4.158  -19.749  35.436 0.0000000000
61936  -9.978  -18.179  55.157 0.0000000000
61906  -8.995  -18.367  61.473 0.0000000000
62916  -9.064  -17.972  60.947 0.0000000000
61914  -8.461  -18.355  61.017 0.0000000000
61917  -8.308  -19.433  59.928 0.0000000000
61918  -8.680  -18.920  60.035 0.0000000000
61922  -8.840  -19.183  59.422 0.0000000000
62928  -9.241  -18.384  58.225 0.0000000000
58849  -6.537  -22.016  58.772 0.0000000000
129511  -6.961  -21.331  59.278 0.0000000000
123280  -7.235  -21.637  58.716 0.0000000000
59864  -8.231  -20.956  58.549 0.0000000000
60901  -8.952  -19.649  58.563 0.0000000000
60902  -9.176  -19.506  57.974 0.0000000000
61929  -9.264  -18.690  57.355 0.0000000000
59877  -9.758  -20.308  56.126 0.0000000000
147278  -9.634  -20.039  56.670 0.0000000000
60917  -10.173  -19.787  55.383 0.0000000000
59898  -10.525  -19.926  53.897 0.0000000000
59897  -10.272  -20.244  54.526 0.0000000000
58907  -7.911  -21.627  53.596 0.0000000000
58908  -9.054  -21.460  53.619 0.0000000000
134226  -8.513  -21.538  53.032 0.0000000000
58934  -7.759  -21.546  51.748 0.0000000000
57949  -5.448  -23.549  53.042 0.0000000000
57950  -5.840  -22.916  53.569 0.0000000000
141416  -5.281  -23.054  53.037 0.0000000000
146136  -4.411  -23.966  50.458 0.0000000000
57983  -5.140  -22.882  50.950 0.0000000000
57018  -4.978  -23.595  50.351 0.0000000000
57984  -5.725  -22.987  50.266 0.0000000000
57028  -5.526  -23.802  49.672 0.0000000000
57038  -5.744  -24.248  48.953 0.0000000000
57037  -5.095  -24.604  49.329 0.0000000000
55212  -4.524  -26.621  48.198 0.0000000000
132145  -4.945  -26.252  48.037 0.0000000000
55223  -4.284  -27.168  47.687 0.0000000000
54230  -4.560  -27.132  46.996 0.0000000000
54229  -3.870  -27.606  47.181 0.0000000000
143055  -5.095  -27.075  54.456 0.0000000000
52173  -3.216  -28.748  53.646 0.0000000000
51218  -3.456  -28.927  53.677 0.0000000000
52174  -3.714  -27.676  53.306 0.0000000000
53098  -4.358  -26.783  53.808 0.0000000000
53109  -3.793  -27.050  53.601 0.0000000000
54146  -3.803  -26.417  53.660 0.0000000000
52194  -2.882  -28.441  52.542 0.0000000000
53132  -2.863  -27.579  52.205 0.0000000000
140676  -2.863  -26.838  51.962 0.0000000000
52226  -2.807  -28.301  49.654 0.0000000000
52237  -2.717  -28.370  48.689 0.0000000000
52268  -2.665  -28.801  47.139 0.0000000000
52286  -2.964  -28.976  46.452 0.0000000000
53219  -3.282  -28.389  46.474 0.0000000000
51317  -3.921  -29.991  46.624 0.0000000000
67035  -38.892  -13.027  47.913 0.0000000000
127322  -39.208  -11.821  47.651 0.0000000000
67907  -38.913  -12.298  48.105 0.0000000000
128723  -38.258  -11.976  48.599 0.0000000000
65124  -37.380  -15.408  48.380 0.0000000000
65125  -37.981  -15.216  47.748 0.0000000000
141274  -38.668  -13.610  47.647 0.0000000000
64004  -35.776  -16.051  49.867 0.0000000000
65112  -36.743  -15.367  49.561 0.0000000000
65113  -37.266  -15.100  49.081 0.0000000000
67014  -36.446  -13.208  51.389 0.0000000000
66043  -37.078  -13.555  50.870 0.0000000000
67895  -37.241  -12.113  50.469 0.0000000000
82139  -47.245  2.124  29.331 0.0000000000
79457  -43.153  -0.416  27.510 0.0000000000
80381  -43.899  0.265  27.026 0.0000000000
137880  -44.619  0.774  27.013 0.0000000000
133012  -44.941  1.255  26.597 0.0000000000
80383  -45.167  1.098  27.518 0.0000000000
129292  -33.164  -7.404  30.006 0.0000000000
68933  -32.756  -11.146  31.733 0.0000000000
69800  -32.725  -10.832  31.055 0.0000000000
68940  -32.777  -10.735  30.041 0.0000000000
54257  -6.215  -27.126  45.460 0.0000000000
125581  -6.064  -29.287  45.733 0.0000000000
51328  -6.561  -30.303  45.140 0.0000000000
51327  -5.607  -30.198  45.844 0.0000000000
53082  -11.799  -26.265  56.320 0.0000000000
140670  -11.708  -26.594  55.683 0.0000000000
68844  -36.382  -10.716  42.203 0.0000000000
68853  -36.156  -10.767  41.422 0.0000000000
131501  -36.098  -11.068  40.144 0.0000000000
68867  -36.052  -11.199  39.547 0.0000000000
68874  -36.577  -11.759  38.443 0.0000000000
69726  -35.953  -11.064  38.850 0.0000000000
70663  -35.813  -10.173  38.943 0.0000000000
69615  -30.030  -10.377  55.666 0.0000000000
65120  -28.086  -14.112  48.821 0.0000000000
85638  -46.752  6.423  24.391 0.0000000000
132815  -46.613  6.599  23.829 0.0000000000
85650  -46.891  7.138  23.496 0.0000000000
126919  -8.484  -18.893  51.530 0.0000000000
124695  -9.723  -19.142  50.808 0.0000000000
60972  -9.155  -19.050  51.681 0.0000000000
59921  -10.710  -20.078  52.157 0.0000000000
74732  -41.883  -4.379  30.537 0.0000000000
74733  -42.570  -4.176  31.008 0.0000000000
74724  -42.079  -4.715  30.939 0.0000000000
69825  -38.168  -8.143  27.983 0.0000000000
69826  -38.633  -7.557  28.409 0.0000000000
70776  -39.332  -6.709  28.862 0.0000000000
71780  -39.180  -6.188  28.696 0.0000000000
72786  -39.023  -5.667  29.019 0.0000000000
72784  -39.797  -5.385  29.580 0.0000000000
73742  -41.141  -4.856  30.065 0.0000000000
61919  -16.319  -18.552  60.074 0.0000000000
61920  -17.073  -18.095  59.910 0.0000000000
140048  -23.219  -15.050  55.154 0.0000000000
64147  -5.252  -15.830  37.669 0.0000000000
64146  -4.866  -15.744  37.522 0.0000000000
63095  -4.977  -16.522  37.115 0.0000000000
61148  -5.127  -18.545  43.485 0.0000000000
61149  -5.905  -18.664  43.098 0.0000000000
60084  -5.920  -19.169  42.925 0.0000000000
60085  -6.676  -19.673  42.540 0.0000000000
59057  -7.269  -20.264  42.289 0.0000000000
54299  -5.799  -26.834  39.810 0.0000000000
55269  -5.789  -26.020  39.635 0.0000000000
129846  -5.577  -26.984  39.340 0.0000000000
55267  -5.243  -26.642  38.770 0.0000000000
55277  -4.757  -26.277  38.297 0.0000000000
142690  -10.657  -16.136  58.003 0.0000000000
124068  -10.222  -16.928  59.168 0.0000000000
56029  -7.039  -24.843  57.140 0.0000000000
56952  -6.278  -24.462  55.740 0.0000000000
56960  -5.806  -24.647  54.963 0.0000000000
56966  -5.624  -24.701  54.417 0.0000000000
132188  -4.352  -25.781  53.620 0.0000000000
55134  -3.657  -25.873  53.406 0.0000000000
67046  -38.745  -13.874  45.113 0.0000000000
138879  -38.358  -14.540  45.001 0.0000000000
67053  -38.589  -13.234  44.558 0.0000000000
67931  -37.839  -12.319  43.943 0.0000000000
67932  -38.021  -11.427  44.087 0.0000000000
62995  -35.332  -17.546  47.567 0.0000000000
65079  -34.296  -15.088  51.562 0.0000000000
125476  -33.561  -14.878  52.141 0.0000000000
65078  -33.618  -15.242  51.426 0.0000000000
63990  -32.786  -15.471  50.748 0.0000000000
65096  -32.052  -15.241  50.669 0.0000000000
65111  -31.116  -15.012  49.913 0.0000000000
64010  -31.689  -15.369  49.204 0.0000000000
82153  -45.094  2.771  25.855 0.0000000000
82156  -45.299  2.637  24.886 0.0000000000
83830  -45.750  4.253  25.654 0.0000000000
83840  -45.692  4.718  24.954 0.0000000000
70751  -38.019  -7.555  29.764 0.0000000000
130139  -38.463  -7.373  30.216 0.0000000000
70735  -37.978  -7.196  30.331 0.0000000000
71742  -37.908  -6.707  30.987 0.0000000000
72759  -38.212  -6.358  31.517 0.0000000000
69823  -34.645  -9.808  28.356 0.0000000000
69824  -35.508  -9.613  28.161 0.0000000000
149272  -36.013  -9.446  28.083 0.0000000000
68945  -36.568  -9.121  28.049 0.0000000000
69813  -36.808  -8.505  28.546 0.0000000000
69801  -37.594  -7.990  29.114 0.0000000000
64030  -18.766  -15.433  47.302 0.0000000000
142440  -5.802  -14.052  38.728 0.0000000000
66128  -6.504  -14.277  38.940 0.0000000000
129617  -8.398  -24.090  44.679 0.0000000000
56170  -8.258  -23.804  43.947 0.0000000000
52310  -8.599  -28.549  43.075 0.0000000000
51336  -8.316  -29.139  42.818 0.0000000000
52315  -8.532  -28.801  42.317 0.0000000000
126441  -7.755  -28.586  41.374 0.0000000000
130676  -6.043  -29.037  41.145 0.0000000000
131583  -5.356  -29.180  40.768 0.0000000000
50432  -5.398  -30.618  41.153 0.0000000000
58832  -11.820  -20.994  62.271 0.0000000000
58831  -11.063  -20.942  62.379 0.0000000000
57896  -11.568  -22.605  62.165 0.0000000000
56928  -10.869  -22.893  62.253 0.0000000000
56011  -10.614  -23.680  62.140 0.0000000000
54104  -10.044  -26.099  58.609 0.0000000000
54087  -9.564  -25.624  59.599 0.0000000000
54094  -9.450  -26.054  58.998 0.0000000000
54092  -7.985  -26.069  59.038 0.0000000000
145449  -6.897  -25.380  58.809 0.0000000000
54101  -7.397  -25.852  58.327 0.0000000000
53064  -7.252  -26.189  57.266 0.0000000000
71723  -32.539  -9.082  33.539 0.0000000000
67956  -33.987  -12.004  41.141 0.0000000000
68892  -34.935  -11.820  36.702 0.0000000000
68905  -34.514  -11.397  35.811 0.0000000000
68904  -33.919  -11.754  35.129 0.0000000000
68917  -33.353  -11.474  34.169 0.0000000000
69772  -33.328  -10.691  34.399 0.0000000000
69771  -32.943  -10.352  33.641 0.0000000000
65996  -25.844  -13.362  55.600 0.0000000000
65025  -25.094  -14.069  53.973 0.0000000000
66988  -30.990  -13.411  54.786 0.0000000000
66982  -31.355  -12.695  55.057 0.0000000000
66014  -30.417  -14.047  54.423 0.0000000000
65029  -29.093  -14.704  53.701 0.0000000000
124321  -26.812  -14.982  50.043 0.0000000000
124952  -26.404  -15.018  50.857 0.0000000000
65090  -25.862  -15.018  50.305 0.0000000000
124953  -25.682  -15.024  50.930 0.0000000000
65069  -25.198  -14.929  51.365 0.0000000000
65088  -23.989  -14.958  50.651 0.0000000000
125577  -23.374  -15.044  50.053 0.0000000000
65103  -22.525  -15.065  49.527 0.0000000000
64022  -22.471  -15.001  47.840 0.0000000000
84799  -44.319  5.167  19.791 0.0000000000
59972  -4.796  -18.703  47.630 0.0000000000
61046  -4.466  -18.698  47.048 0.0000000000
137783  -5.448  -19.023  47.450 0.0000000000
59994  -5.772  -19.253  46.710 0.0000000000
58992  -7.065  -20.299  45.734 0.0000000000
58026  -6.791  -20.803  45.266 0.0000000000
58993  -7.498  -20.849  45.810 0.0000000000
58994  -8.168  -21.588  46.062 0.0000000000
58959  -9.521  -20.587  48.620 0.0000000000
147783  -9.188  -21.130  48.142 0.0000000000
56136  -7.777  -24.734  47.597 0.0000000000
57048  -7.562  -24.438  48.222 0.0000000000
56135  -6.850  -24.850  47.954 0.0000000000
56125  -6.072  -24.753  48.495 0.0000000000
78511  -44.615  -1.829  30.777 0.0000000000
78500  -45.813  -1.893  31.455 0.0000000000
75724  -40.973  -3.599  29.184 0.0000000000
74740  -40.318  -4.014  28.635 0.0000000000
76677  -41.528  -3.379  29.537 0.0000000000
77609  -41.915  -2.263  29.275 0.0000000000
78530  -41.588  -2.011  28.607 0.0000000000
78522  -42.573  -1.966  29.692 0.0000000000
78523  -43.327  -1.687  29.991 0.0000000000
59853  -13.734  -20.178  61.573 0.0000000000
58850  -15.054  -21.465  58.967 0.0000000000
57903  -14.854  -21.730  59.716 0.0000000000
57906  -15.014  -22.367  58.669 0.0000000000
56943  -14.919  -23.001  58.462 0.0000000000
56042  -14.198  -24.516  57.699 0.0000000000
55106  -14.379  -24.542  56.961 0.0000000000
55125  -14.286  -25.234  55.652 0.0000000000
62966  -17.415  -16.906  50.488 0.0000000000
139480  -16.828  -17.412  51.800 0.0000000000
59922  -15.742  -19.520  51.900 0.0000000000
60952  -15.735  -19.340  52.868 0.0000000000
60918  -15.912  -19.007  54.645 0.0000000000
140259  -15.747  -19.255  55.278 0.0000000000
139550  -15.352  -19.883  55.433 0.0000000000
58897  -15.099  -20.446  54.668 0.0000000000
134276  -15.170  -21.991  54.452 0.0000000000
54166  -14.304  -25.922  52.281 0.0000000000
63068  -7.476  -18.193  40.854 0.0000000000
62118  -7.686  -17.956  39.902 0.0000000000
63081  -7.643  -17.260  39.168 0.0000000000
64151  -7.436  -16.754  38.724 0.0000000000
62158  -7.770  -18.477  36.982 0.0000000000
57142  -9.732  -23.400  41.454 0.0000000000
58096  -9.456  -22.621  41.127 0.0000000000
58097  -9.677  -23.000  40.933 0.0000000000
57160  -9.632  -23.020  40.514 0.0000000000
134221  -9.583  -22.358  39.941 0.0000000000
57176  -6.572  -23.371  38.955 0.0000000000
58119  -7.526  -22.895  39.017 0.0000000000
58135  -6.758  -22.735  38.369 0.0000000000
59108  -7.175  -21.932  37.829 0.0000000000
59121  -6.856  -21.657  36.806 0.0000000000
59133  -7.106  -20.941  36.309 0.0000000000
59120  -6.130  -21.964  36.678 0.0000000000
59132  -5.816  -21.234  35.852 0.0000000000
59131  -5.418  -21.392  35.690 0.0000000000
60151  -4.585  -20.713  35.300 0.0000000000
59130  -4.975  -21.836  35.496 0.0000000000
59849  -8.048  -20.553  62.019 0.0000000000
125570  -8.086  -18.958  61.048 0.0000000000
132707  -7.837  -20.293  61.269 0.0000000000
59854  -7.567  -20.450  60.665 0.0000000000
60894  -7.948  -20.103  59.723 0.0000000000
58860  -7.262  -22.639  57.336 0.0000000000
58852  -7.456  -22.223  58.166 0.0000000000
58861  -7.562  -22.374  57.451 0.0000000000
59866  -8.020  -21.904  57.772 0.0000000000
134211  -8.602  -21.452  57.404 0.0000000000
59868  -9.135  -20.440  57.634 0.0000000000
59887  -9.165  -21.140  55.904 0.0000000000
59896  -9.196  -21.230  55.065 0.0000000000
147416  -7.215  -21.702  53.195 0.0000000000
56993  -4.576  -24.124  52.410 0.0000000000
57961  -4.583  -23.592  52.254 0.0000000000
57004  -4.470  -23.720  51.669 0.0000000000
57016  -4.138  -24.209  51.010 0.0000000000
57026  -4.370  -24.599  50.314 0.0000000000
56115  -4.809  -25.071  49.798 0.0000000000
56122  -4.530  -25.797  49.422 0.0000000000
55201  -4.147  -26.497  48.994 0.0000000000
146344  -3.506  -27.361  48.220 0.0000000000
51217  -3.084  -29.677  54.223 0.0000000000
52186  -3.072  -28.565  53.393 0.0000000000
138608  -2.819  -29.305  52.870 0.0000000000
134116  -2.758  -29.141  51.932 0.0000000000
128054  -2.596  -29.077  48.118 0.0000000000
63002  -35.922  -16.751  45.700 0.0000000000
63016  -36.495  -16.433  45.392 0.0000000000
64049  -37.676  -15.752  46.293 0.0000000000
65142  -38.133  -15.228  46.032 0.0000000000
147112  -38.276  -14.672  47.223 0.0000000000
66077  -38.448  -14.630  46.560 0.0000000000
66085  -38.583  -14.488  45.733 0.0000000000
66086  -39.052  -13.688  45.808 0.0000000000
149112  -39.290  -12.283  45.580 0.0000000000
139192  -33.965  -16.986  49.142 0.0000000000
62988  -35.065  -17.330  48.309 0.0000000000
64014  -35.929  -16.414  49.179 0.0000000000
62978  -35.507  -16.949  48.861 0.0000000000
129634  -35.967  -16.980  46.495 0.0000000000
65059  -34.926  -14.024  51.967 0.0000000000
66033  -35.997  -13.558  51.674 0.0000000000
66041  -35.581  -14.186  51.435 0.0000000000
125359  -34.964  -14.749  51.597 0.0000000000
63992  -34.228  -15.701  51.006 0.0000000000
82971  -47.145  3.977  28.101 0.0000000000
83811  -47.628  4.500  28.592 0.0000000000
78545  -42.683  -0.930  25.934 0.0000000000
78551  -43.037  -1.298  25.005 0.0000000000
78564  -43.040  -1.344  24.114 0.0000000000
148332  -43.518  -0.779  24.530 0.0000000000
79489  -44.329  0.208  24.071 0.0000000000
80391  -44.926  1.276  25.062 0.0000000000
81277  -45.102  1.943  26.229 0.0000000000
82969  -45.540  3.340  27.023 0.0000000000
71765  -35.984  -7.165  29.609 0.0000000000
71754  -35.553  -6.597  30.155 0.0000000000
71763  -34.373  -7.570  29.534 0.0000000000
72777  -34.702  -6.807  30.213 0.0000000000
68041  -32.756  -12.550  32.165 0.0000000000
66247  -32.682  -13.932  30.983 0.0000000000
66261  -32.410  -13.543  30.277 0.0000000000
69810  -33.044  -10.390  28.991 0.0000000000
69822  -33.826  -10.040  28.586 0.0000000000
70773  -34.746  -9.445  28.535 0.0000000000
70763  -35.205  -8.694  28.652 0.0000000000
54246  -8.771  -26.081  44.723 0.0000000000
54245  -8.153  -26.191  45.100 0.0000000000
52309  -8.075  -29.118  43.519 0.0000000000
50419  -7.569  -30.441  42.710 0.0000000000
49472  -7.021  -31.344  42.638 0.0000000000
49466  -6.885  -31.678  43.676 0.0000000000
49464  -6.580  -31.960  44.355 0.0000000000
48537  -6.168  -32.537  44.498 0.0000000000
47551  -5.699  -33.321  44.380 0.0000000000
55086  -12.759  -24.626  59.729 0.0000000000
55085  -12.056  -24.854  60.188 0.0000000000
55091  -12.203  -25.089  59.304 0.0000000000
54097  -11.576  -25.566  58.809 0.0000000000
54096  -10.805  -25.933  58.910 0.0000000000
53081  -11.251  -26.313  56.871 0.0000000000
53068  -10.687  -26.286  57.495 0.0000000000
134633  -10.519  -26.122  58.206 0.0000000000
141453  -9.874  -26.398  57.853 0.0000000000
70692  -33.841  -9.767  35.601 0.0000000000
71702  -33.499  -9.075  35.762 0.0000000000
66109  -36.288  -13.890  42.790 0.0000000000
66117  -35.830  -14.019  41.951 0.0000000000
67069  -35.476  -12.987  42.626 0.0000000000
67077  -34.940  -12.799  42.076 0.0000000000
67076  -34.459  -12.316  41.661 0.0000000000
144801  -36.158  -11.123  41.650 0.0000000000
68843  -35.448  -11.400  41.697 0.0000000000
68842  -34.640  -11.740  41.471 0.0000000000
68852  -34.299  -11.757  40.842 0.0000000000
123505  -34.368  -12.034  39.718 0.0000000000
67981  -33.951  -12.269  39.065 0.0000000000
134029  -34.973  -12.405  38.753 0.0000000000
67994  -36.049  -12.520  37.666 0.0000000000
68004  -36.003  -12.286  37.512 0.0000000000
68882  -36.305  -11.696  37.986 0.0000000000
68881  -35.764  -11.764  37.340 0.0000000000
69746  -34.825  -11.063  36.570 0.0000000000
67856  -28.067  -12.042  56.217 0.0000000000
66972  -28.374  -12.741  55.803 0.0000000000
130340  -30.254  -14.963  51.853 0.0000000000
131144  -29.358  -14.923  51.908 0.0000000000
65073  -28.877  -15.000  51.164 0.0000000000
124950  -28.108  -14.827  50.899 0.0000000000
123620  -27.193  -14.708  48.770 0.0000000000
65107  -27.528  -14.988  49.344 0.0000000000
141794  -25.743  -14.986  48.890 0.0000000000
65118  -25.024  -14.809  48.302 0.0000000000
84788  -45.158  5.507  21.356 0.0000000000
85677  -45.633  6.123  21.932 0.0000000000
84797  -44.659  5.122  20.628 0.0000000000
84800  -45.185  5.814  20.178 0.0000000000
85698  -45.579  6.287  19.118 0.0000000000
142136  -46.595  7.050  20.017 0.0000000000
86591  -46.947  7.471  20.488 0.0000000000
86570  -47.235  7.965  21.812 0.0000000000
59942  -6.294  -19.448  49.580 0.0000000000
61008  -6.669  -19.600  48.984 0.0000000000
61029  -8.199  -19.462  47.942 0.0000000000
61009  -8.020  -19.316  48.842 0.0000000000
61031  -9.479  -19.610  48.752 0.0000000000
59979  -9.836  -19.797  49.247 0.0000000000
60991  -10.168  -19.487  50.392 0.0000000000
61012  -10.027  -19.728  49.896 0.0000000000
59959  -9.875  -20.128  49.211 0.0000000000
58950  -9.560  -20.716  49.435 0.0000000000
58949  -8.965  -21.353  49.828 0.0000000000
57987  -8.284  -21.678  50.224 0.0000000000
128898  -43.397  -3.094  30.774 0.0000000000
76671  -43.973  -2.996  31.142 0.0000000000
75702  -43.262  -3.991  31.485 0.0000000000
69836  -37.250  -8.716  27.053 0.0000000000
69853  -37.032  -8.827  26.407 0.0000000000
72796  -38.887  -6.656  27.176 0.0000000000
135892  -39.283  -6.071  27.672 0.0000000000
132333  -39.258  -4.759  28.546 0.0000000000
126837  -40.043  -4.717  29.247 0.0000000000
124327  -40.965  -3.974  29.416 0.0000000000
75721  -41.572  -3.754  29.812 0.0000000000
62918  -15.434  -17.619  61.203 0.0000000000
148932  -15.169  -19.290  60.694 0.0000000000
60891  -15.196  -19.630  60.247 0.0000000000
60892  -15.948  -19.198  59.907 0.0000000000
59860  -15.408  -19.787  59.546 0.0000000000
58851  -15.158  -20.534  59.180 0.0000000000
148059  -15.153  -20.839  58.720 0.0000000000
59980  -16.863  -20.471  48.644 0.0000000000
59961  -16.707  -20.835  49.274 0.0000000000
58946  -16.288  -20.972  49.891 0.0000000000
57989  -16.080  -21.707  49.866 0.0000000000
57975  -15.926  -21.279  50.611 0.0000000000
146955  -15.798  -21.567  51.317 0.0000000000
57964  -15.572  -22.304  51.715 0.0000000000
134570  -15.411  -22.733  51.144 0.0000000000
142376  -14.739  -23.782  50.699 0.0000000000
65171  -6.099  -15.853  44.113 0.0000000000
132471  -6.843  -15.631  43.760 0.0000000000
138776  -6.469  -17.386  43.166 0.0000000000
123826  -6.775  -17.757  42.541 0.0000000000
61150  -6.657  -18.680  42.374 0.0000000000
62103  -6.658  -18.268  42.492 0.0000000000
62104  -7.145  -18.249  41.757 0.0000000000
61173  -7.634  -19.229  40.188 0.0000000000
130220  -8.012  -19.550  39.352 0.0000000000
55273  -8.562  -25.176  40.797 0.0000000000
56198  -9.003  -24.540  40.532 0.0000000000
56197  -8.133  -24.438  40.330 0.0000000000
56196  -7.011  -24.689  40.085 0.0000000000
56214  -6.559  -24.146  39.458 0.0000000000
56194  -5.795  -25.296  39.483 0.0000000000
56213  -5.931  -24.656  39.164 0.0000000000
57175  -6.110  -23.971  38.841 0.0000000000
57174  -5.947  -24.316  38.504 0.0000000000
57188  -5.893  -23.876  37.887 0.0000000000
58133  -5.736  -23.528  37.325 0.0000000000
58148  -4.779  -23.620  36.368 0.0000000000
136980  -10.787  -15.848  56.530 0.0000000000
65004  -9.955  -16.672  57.084 0.0000000000
56935  -6.473  -23.278  60.025 0.0000000000
57901  -6.382  -22.527  59.985 0.0000000000
143390  -6.252  -23.026  59.210 0.0000000000
57904  -6.992  -22.858  58.399 0.0000000000
57908  -7.210  -23.073  57.700 0.0000000000
57907  -6.947  -23.733  57.180 0.0000000000
144127  -7.007  -22.801  56.534 0.0000000000
58872  -6.621  -22.590  56.051 0.0000000000
58882  -6.312  -22.228  55.459 0.0000000000
58892  -6.030  -22.255  54.906 0.0000000000
58891  -6.478  -23.211  54.629 0.0000000000
57941  -5.930  -23.874  53.670 0.0000000000
138455  -5.075  -24.274  52.942 0.0000000000
56973  -5.182  -24.933  53.726 0.0000000000
135399  -4.448  -24.573  52.715 0.0000000000
145930  -4.286  -24.581  52.423 0.0000000000
56096  -3.448  -25.487  51.501 0.0000000000
134077  -3.132  -25.807  51.194 0.0000000000
130321  -36.619  -15.915  42.356 0.0000000000
65184  -36.673  -14.984  42.503 0.0000000000
138838  -36.996  -16.110  45.213 0.0000000000
65164  -37.513  -15.768  44.250 0.0000000000
65165  -38.117  -15.098  44.372 0.0000000000
129843  -37.234  -16.002  43.575 0.0000000000
67941  -37.340  -11.702  43.750 0.0000000000
68832  -36.802  -11.070  43.070 0.0000000000
128446  -36.446  -10.247  42.144 0.0000000000
66983  -32.100  -12.426  54.674 0.0000000000
65041  -31.467  -14.959  52.969 0.0000000000
66023  -33.372  -13.754  53.108 0.0000000000
65043  -33.046  -14.461  52.735 0.0000000000
65042  -32.316  -14.869  52.965 0.0000000000
65055  -30.769  -14.970  52.447 0.0000000000
65093  -29.590  -14.877  50.427 0.0000000000
65109  -29.862  -14.342  49.712 0.0000000000
135015  -30.201  -14.084  48.997 0.0000000000
82166  -45.161  2.605  24.087 0.0000000000
84733  -45.909  5.256  24.715 0.0000000000
84744  -46.313  5.804  24.471 0.0000000000
85629  -47.601  6.872  24.997 0.0000000000
137161  -40.050  -6.046  30.147 0.0000000000
72770  -41.182  -5.846  30.990 0.0000000000
71757  -40.477  -6.237  30.764 0.0000000000
133901  -40.393  -6.516  31.066 0.0000000000
68955  -37.157  -8.845  27.814 0.0000000000
69814  -37.835  -8.365  28.217 0.0000000000
69815  -38.429  -7.896  28.611 0.0000000000
70753  -39.344  -7.167  29.345 0.0000000000
63998  -20.595  -15.081  51.092 0.0000000000
63997  -19.624  -15.099  50.790 0.0000000000
63996  -18.687  -15.444  50.433 0.0000000000
64017  -18.064  -15.827  48.724 0.0000000000
62973  -17.849  -16.159  49.293 0.0000000000
63995  -17.915  -16.081  50.049 0.0000000000
128791  -17.410  -16.891  49.590 0.0000000000
61994  -17.101  -17.758  49.015 0.0000000000
61032  -16.862  -19.563  48.588 0.0000000000
66142  -5.458  -14.339  38.541 0.0000000000
138485  -5.457  -15.913  37.754 0.0000000000
63097  -5.619  -16.428  37.600 0.0000000000
63111  -5.612  -17.262  36.970 0.0000000000
58068  -6.884  -21.387  43.933 0.0000000000
58080  -7.107  -21.376  43.331 0.0000000000
57122  -8.180  -22.655  43.103 0.0000000000
57123  -8.137  -23.130  42.941 0.0000000000
126995  -8.680  -23.467  42.645 0.0000000000
57124  -9.584  -23.780  42.219 0.0000000000
57125  -10.147  -24.133  41.822 0.0000000000
56186  -10.228  -24.559  41.565 0.0000000000
55265  -10.149  -25.046  41.378 0.0000000000
137874  -9.214  -26.047  44.308 0.0000000000
54261  -9.547  -26.274  43.794 0.0000000000
54271  -9.810  -26.472  43.125 0.0000000000
53268  -9.436  -27.104  42.875 0.0000000000
54278  -9.850  -26.434  42.443 0.0000000000
54291  -9.795  -26.230  41.753 0.0000000000
55264  -9.824  -25.569  41.387 0.0000000000
55262  -7.939  -25.955  41.051 0.0000000000
54288  -6.392  -26.622  40.821 0.0000000000
134317  -6.895  -27.956  41.089 0.0000000000
53307  -6.036  -27.293  40.791 0.0000000000
54287  -5.838  -27.170  40.523 0.0000000000
54286  -5.769  -27.419  40.375 0.0000000000
49471  -6.116  -31.824  42.222 0.0000000000
61907  -9.505  -18.436  62.021 0.0000000000
60881  -9.432  -19.830  62.226 0.0000000000
58830  -10.350  -20.988  62.388 0.0000000000
59851  -9.534  -21.008  62.310 0.0000000000
59850  -8.934  -20.467  62.200 0.0000000000
58834  -8.690  -21.244  62.157 0.0000000000
58833  -7.943  -21.630  61.887 0.0000000000
149211  -7.706  -22.367  61.412 0.0000000000
55079  -11.525  -24.579  60.817 0.0000000000
55078  -10.761  -24.930  61.046 0.0000000000
56015  -9.500  -24.410  61.428 0.0000000000
55082  -9.736  -25.234  60.258 0.0000000000
55076  -9.231  -25.004  60.811 0.0000000000
56931  -8.370  -23.719  61.522 0.0000000000
56014  -7.896  -23.911  61.122 0.0000000000
128133  -6.581  -23.941  59.825 0.0000000000
56026  -6.363  -24.539  59.215 0.0000000000
56025  -6.483  -24.857  58.613 0.0000000000
54091  -7.066  -25.405  58.428 0.0000000000
54090  -7.162  -25.284  58.147 0.0000000000
70746  -32.279  -8.871  30.368 0.0000000000
71753  -31.588  -8.560  31.019 0.0000000000
65197  -35.834  -14.898  41.499 0.0000000000
65196  -35.285  -15.215  40.951 0.0000000000
66133  -34.202  -14.456  40.169 0.0000000000
67165  -33.400  -13.227  33.730 0.0000000000
67177  -33.196  -12.527  33.741 0.0000000000
68925  -32.979  -11.518  33.172 0.0000000000
68924  -32.853  -10.972  32.529 0.0000000000
146557  -32.966  -10.531  31.756 0.0000000000
65994  -24.993  -14.027  56.199 0.0000000000
65018  -24.452  -14.371  55.519 0.0000000000
65023  -23.307  -14.959  54.296 0.0000000000
68753  -30.225  -11.151  55.672 0.0000000000
66981  -30.565  -12.921  55.243 0.0000000000
67862  -29.942  -12.425  55.569 0.0000000000
67857  -29.710  -11.742  55.996 0.0000000000
66979  -28.527  -13.295  55.238 0.0000000000
66002  -27.906  -13.764  54.964 0.0000000000
139048  -28.994  -15.010  52.653 0.0000000000
65038  -28.649  -14.992  53.259 0.0000000000
65053  -27.290  -14.977  52.096 0.0000000000
138073  -27.677  -15.010  52.617 0.0000000000
65028  -28.385  -14.668  53.660 0.0000000000
140255  -27.871  -14.359  53.995 0.0000000000
66011  -27.395  -14.015  54.520 0.0000000000
66010  -26.496  -13.993  54.561 0.0000000000
65026  -26.053  -14.044  53.932 0.0000000000
130200  -24.658  -14.198  53.296 0.0000000000
65050  -24.505  -14.653  51.954 0.0000000000
131437  -24.300  -14.400  52.712 0.0000000000
127533  -23.470  -14.791  52.527 0.0000000000
123450  -22.809  -15.044  52.025 0.0000000000
65066  -21.541  -15.064  51.290 0.0000000000
124827  -20.261  -14.766  49.252 0.0000000000
84803  -46.170  6.243  18.131 0.0000000000
85702  -47.172  6.734  18.245 0.0000000000
143880  -47.920  7.085  18.244 0.0000000000
85712  -49.069  6.299  16.737 0.0000000000
65155  -4.565  -16.626  44.566 0.0000000000
62089  -4.737  -17.873  43.790 0.0000000000
61134  -4.609  -18.705  43.743 0.0000000000
60066  -4.731  -19.337  43.770 0.0000000000
59038  -5.289  -20.372  43.851 0.0000000000
62032  -3.818  -18.501  45.883 0.0000000000
136818  -4.489  -18.943  46.357 0.0000000000
61062  -4.216  -18.827  46.017 0.0000000000
61080  -3.923  -18.903  45.285 0.0000000000
59014  -4.405  -19.687  44.931 0.0000000000
58066  -5.158  -20.364  44.771 0.0000000000
58067  -5.860  -20.878  44.385 0.0000000000
57088  -6.814  -21.269  44.520 0.0000000000
57089  -7.542  -21.831  44.703 0.0000000000
57090  -7.826  -22.623  44.899 0.0000000000
136585  -7.320  -21.520  45.184 0.0000000000
58045  -7.649  -22.196  45.151 0.0000000000
57091  -8.018  -23.433  45.026 0.0000000000
57092  -8.331  -24.162  45.445 0.0000000000
55228  -8.359  -24.678  45.900 0.0000000000
139456  -8.238  -20.051  46.742 0.0000000000
59997  -8.805  -20.542  46.965 0.0000000000
58995  -8.694  -21.525  46.609 0.0000000000
56148  -8.172  -24.343  46.324 0.0000000000
55227  -8.181  -25.145  46.239 0.0000000000
55235  -6.929  -25.935  45.896 0.0000000000
54243  -6.209  -26.621  45.633 0.0000000000
53221  -4.679  -27.486  46.474 0.0000000000
72762  -41.708  -5.491  31.422 0.0000000000
72781  -32.055  -7.939  30.092 0.0000000000
72775  -32.456  -7.409  30.227 0.0000000000
72809  -38.819  -6.052  25.716 0.0000000000
73766  -39.285  -5.540  25.590 0.0000000000
74743  -39.830  -4.228  27.671 0.0000000000
74751  -39.905  -4.684  26.766 0.0000000000
74762  -39.943  -5.055  25.740 0.0000000000
130674  -40.347  -4.446  25.841 0.0000000000
124860  -40.592  -3.693  25.999 0.0000000000
76697  -40.986  -3.430  25.228 0.0000000000
77615  -41.207  -2.452  26.337 0.0000000000
78535  -41.373  -1.864  26.980 0.0000000000
78531  -42.108  -1.692  28.958 0.0000000000
79451  -42.363  -1.202  28.559 0.0000000000
137649  -12.138  -20.148  62.272 0.0000000000
58837  -12.384  -21.578  62.120 0.0000000000
57897  -12.722  -22.223  61.754 0.0000000000
56932  -12.757  -23.026  61.267 0.0000000000
60885  -14.313  -18.868  61.499 0.0000000000
60887  -14.299  -19.594  61.260 0.0000000000
58846  -14.282  -21.778  60.285 0.0000000000
134539  -13.924  -21.831  61.040 0.0000000000
147343  -13.316  -23.555  60.443 0.0000000000
56022  -13.297  -24.036  60.124 0.0000000000
55097  -13.040  -25.113  58.203 0.0000000000
54117  -12.913  -25.983  57.058 0.0000000000
55105  -13.927  -25.112  57.277 0.0000000000
54118  -13.495  -25.536  56.749 0.0000000000
53094  -12.388  -26.226  55.713 0.0000000000
132343  -12.187  -26.933  54.502 0.0000000000
63979  -19.844  -15.230  52.650 0.0000000000
63969  -19.969  -15.520  53.482 0.0000000000
62962  -17.936  -15.853  51.837 0.0000000000
63968  -19.052  -15.569  53.197 0.0000000000
62950  -18.796  -15.692  54.695 0.0000000000
61013  -16.334  -19.451  50.038 0.0000000000
140326  -16.562  -18.095  51.439 0.0000000000
61963  -16.497  -18.004  52.184 0.0000000000
61964  -16.908  -17.369  52.706 0.0000000000
62944  -18.375  -15.606  55.253 0.0000000000
62943  -17.411  -16.219  55.726 0.0000000000
61935  -16.993  -17.090  56.436 0.0000000000
61923  -17.349  -18.175  58.384 0.0000000000
60900  -16.792  -18.863  57.996 0.0000000000
60903  -16.123  -19.504  57.547 0.0000000000
59878  -15.469  -20.057  56.214 0.0000000000
59869  -15.592  -20.198  57.044 0.0000000000
57921  -15.138  -21.585  56.805 0.0000000000
57920  -15.104  -22.322  56.622 0.0000000000
56994  -15.398  -22.852  52.321 0.0000000000
56982  -15.318  -22.796  53.123 0.0000000000
56086  -14.649  -24.200  52.315 0.0000000000
56981  -15.131  -23.543  53.478 0.0000000000
56974  -15.121  -23.511  54.483 0.0000000000
56967  -15.055  -23.420  55.414 0.0000000000
55126  -14.818  -24.749  55.328 0.0000000000
55135  -14.461  -25.311  54.829 0.0000000000
54148  -14.164  -25.810  54.337 0.0000000000
54158  -13.967  -25.930  53.023 0.0000000000
53113  -13.783  -26.129  53.745 0.0000000000
54147  -13.426  -26.203  54.504 0.0000000000
66122  -8.947  -13.703  40.709 0.0000000000
142421  -8.556  -13.976  40.183 0.0000000000
65179  -7.563  -15.802  43.155 0.0000000000
64096  -7.781  -16.171  42.401 0.0000000000
65180  -8.228  -15.582  42.381 0.0000000000
63058  -7.692  -17.179  41.329 0.0000000000
64111  -8.169  -16.093  41.704 0.0000000000
65189  -8.512  -15.448  41.502 0.0000000000
65195  -8.471  -15.251  40.695 0.0000000000
66130  -8.304  -14.591  40.072 0.0000000000
65215  -6.754  -15.609  38.726 0.0000000000
64150  -7.018  -16.286  38.433 0.0000000000
63112  -5.609  -17.026  37.216 0.0000000000
62155  -5.233  -17.940  36.615 0.0000000000
58092  -7.321  -21.294  42.798 0.0000000000
132757  -7.509  -20.949  42.208 0.0000000000
59059  -8.411  -21.501  41.169 0.0000000000
59079  -7.745  -20.808  40.746 0.0000000000
60102  -8.106  -20.407  39.971 0.0000000000
60119  -8.484  -20.052  39.251 0.0000000000
56216  -8.936  -23.938  40.243 0.0000000000
57178  -9.050  -23.280  39.738 0.0000000000
149074  -9.375  -22.564  39.645 0.0000000000
58121  -9.345  -21.765  39.293 0.0000000000
59111  -9.099  -20.821  38.408 0.0000000000
145680  -8.923  -20.513  38.230 0.0000000000
60132  -8.637  -20.077  38.025 0.0000000000
61188  -8.328  -19.270  37.757 0.0000000000
62143  -8.242  -19.011  37.064 0.0000000000
143474  -7.846  -18.956  36.636 0.0000000000
61203  -7.259  -19.348  36.192 0.0000000000
62169  -6.532  -18.686  36.389 0.0000000000
62168  -5.680  -18.734  36.295 0.0000000000
140269  -5.106  -18.486  36.340 0.0000000000
62167  -4.490  -18.485  36.308 0.0000000000
62166  -3.787  -18.476  36.374 0.0000000000
61200  -3.591  -19.214  35.833 0.0000000000
61210  -3.263  -19.448  35.399 0.0000000000
60162  -3.166  -20.229  34.944 0.0000000000
61942  -9.963  -18.179  54.050 0.0000000000
63930  -9.994  -17.625  60.238 0.0000000000
63937  -9.895  -17.606  59.698 0.0000000000
63936  -9.494  -18.096  59.516 0.0000000000
61913  -8.439  -18.595  60.606 0.0000000000
62921  -9.073  -18.542  60.142 0.0000000000
63940  -9.407  -17.979  58.578 0.0000000000
63945  -9.154  -17.990  57.569 0.0000000000
62932  -8.802  -18.011  57.321 0.0000000000
58845  -6.687  -21.711  59.742 0.0000000000
60897  -8.074  -20.184  59.250 0.0000000000
59863  -7.803  -20.960  58.894 0.0000000000
61925  -8.841  -19.497  58.925 0.0000000000
127829  -9.174  -18.488  57.903 0.0000000000
61932  -9.009  -18.081  57.457 0.0000000000
62937  -9.189  -17.913  56.885 0.0000000000
134479  -9.739  -18.357  56.167 0.0000000000
60905  -9.396  -19.617  57.181 0.0000000000
60906  -9.803  -19.413  56.326 0.0000000000
61943  -10.128  -18.979  54.767 0.0000000000
61952  -10.022  -18.789  53.824 0.0000000000
59908  -10.711  -19.989  53.050 0.0000000000
59907  -10.389  -20.481  52.748 0.0000000000
58896  -9.739  -21.015  54.302 0.0000000000
58909  -9.855  -21.014  53.326 0.0000000000
129938  -9.536  -21.080  51.859 0.0000000000
58935  -8.763  -21.321  51.450 0.0000000000
58942  -7.948  -21.597  50.881 0.0000000000
57986  -7.534  -22.186  50.206 0.0000000000
58905  -5.886  -22.018  54.283 0.0000000000
58921  -6.051  -22.036  53.591 0.0000000000
58922  -6.621  -21.772  52.845 0.0000000000
57973  -5.317  -22.863  52.363 0.0000000000
57963  -6.198  -22.522  52.005 0.0000000000
57974  -6.933  -21.716  52.027 0.0000000000
57985  -6.679  -22.729  50.403 0.0000000000
125821  -7.132  -22.831  49.799 0.0000000000
57029  -6.334  -23.827  49.312 0.0000000000
56134  -5.694  -25.136  47.849 0.0000000000
56123  -4.939  -25.367  49.033 0.0000000000
56133  -5.106  -25.628  48.300 0.0000000000
55213  -5.202  -25.969  47.473 0.0000000000
55224  -4.841  -26.420  46.734 0.0000000000
54124  -5.387  -26.909  55.760 0.0000000000
54123  -5.299  -26.734  54.526 0.0000000000
54145  -3.410  -26.180  53.569 0.0000000000
149155  -3.260  -27.104  53.368 0.0000000000
140687  -3.175  -26.591  53.454 0.0000000000
134615  -3.011  -25.989  53.037 0.0000000000
54165  -2.936  -26.223  52.328 0.0000000000
54175  -2.955  -26.303  51.341 0.0000000000
53142  -2.997  -26.670  50.497 0.0000000000
51245  -2.706  -29.747  51.340 0.0000000000
51255  -2.842  -29.011  51.068 0.0000000000
130870  -2.811  -28.213  50.644 0.0000000000
53157  -2.899  -27.422  50.124 0.0000000000
53156  -3.046  -27.156  49.823 0.0000000000
54204  -3.332  -26.945  49.326 0.0000000000
137387  -3.306  -27.338  48.540 0.0000000000
144312  -3.145  -27.453  47.739 0.0000000000
52252  -2.656  -28.359  47.888 0.0000000000
136415  -2.828  -27.918  47.374 0.0000000000
53191  -3.142  -27.609  47.115 0.0000000000
53203  -3.451  -27.840  46.717 0.0000000000
53220  -3.945  -27.991  46.728 0.0000000000
52288  -4.538  -28.258  46.429 0.0000000000
52299  -4.409  -29.203  46.536 0.0000000000
51326  -4.743  -30.171  46.362 0.0000000000
48535  -4.794  -32.301  46.429 0.0000000000
48542  -6.441  -32.323  43.712 0.0000000000
52325  -8.113  -29.074  41.788 0.0000000000
54103  -9.418  -26.244  58.366 0.0000000000
54105  -11.178  -26.030  58.197 0.0000000000
54106  -11.890  -25.873  58.024 0.0000000000
54190  -3.156  -26.143  50.719 0.0000000000
54203  -3.281  -26.501  50.089 0.0000000000
54272  -10.115  -25.936  42.642 0.0000000000
54279  -10.215  -25.858  42.069 0.0000000000
54307  -5.014  -26.915  38.603 0.0000000000
54315  -4.493  -26.571  37.999 0.0000000000
55083  -10.441  -25.180  60.339 0.0000000000
55178  -3.361  -25.838  50.826 0.0000000000
55191  -3.529  -26.220  50.281 0.0000000000
55211  -3.978  -27.107  48.320 0.0000000000
55256  -10.361  -25.216  41.847 0.0000000000
55259  -5.964  -26.615  40.291 0.0000000000
55283  -4.523  -25.981  37.932 0.0000000000
56009  -8.957  -23.928  61.957 0.0000000000
56016  -10.415  -24.332  61.625 0.0000000000
56018  -12.202  -24.238  60.798 0.0000000000
56023  -13.874  -23.959  59.687 0.0000000000
56032  -14.957  -23.505  58.048 0.0000000000
56062  -15.013  -24.213  54.950 0.0000000000
56068  -3.664  -25.632  53.217 0.0000000000
56078  -15.190  -23.265  52.735 0.0000000000
56097  -15.045  -23.231  51.103 0.0000000000
56192  -5.360  -25.781  38.777 0.0000000000
56217  -9.315  -23.617  40.257 0.0000000000
56926  -9.308  -23.239  62.176 0.0000000000
56929  -12.116  -23.045  61.968 0.0000000000
56933  -13.346  -23.123  60.756 0.0000000000
56940  -14.641  -22.797  59.018 0.0000000000
56992  -3.958  -25.123  52.687 0.0000000000
57002  -3.981  -25.069  52.059 0.0000000000
57003  -4.355  -24.305  51.898 0.0000000000
57121  -7.752  -21.929  43.516 0.0000000000
57186  -4.819  -24.665  37.334 0.0000000000
57201  -5.100  -23.976  36.999 0.0000000000
57892  -11.292  -21.495  62.299 0.0000000000
57894  -10.416  -22.317  62.306 0.0000000000
57895  -11.107  -22.120  62.277 0.0000000000
57935  -5.767  -24.395  54.350 0.0000000000
57940  -5.451  -24.489  53.603 0.0000000000
57972  -4.638  -22.977  51.793 0.0000000000
58078  -5.019  -20.269  44.221 0.0000000000
58081  -7.862  -21.867  42.952 0.0000000000
58093  -7.833  -21.660  42.398 0.0000000000
58138  -9.193  -21.197  38.673 0.0000000000
58162  -4.981  -22.814  35.955 0.0000000000
58836  -11.724  -21.843  62.205 0.0000000000
58840  -7.009  -21.174  60.623 0.0000000000
58910  -15.184  -20.526  53.853 0.0000000000
58925  -9.806  -21.039  52.512 0.0000000000
58973  -6.323  -19.607  46.011 0.0000000000
58990  -5.584  -19.946  45.508 0.0000000000
58991  -6.315  -20.090  45.576 0.0000000000
59006  -4.562  -19.711  45.174 0.0000000000
59007  -4.917  -20.004  45.221 0.0000000000
59015  -4.767  -20.078  44.910 0.0000000000
59025  -4.672  -20.017  44.753 0.0000000000
59055  -5.828  -19.754  43.040 0.0000000000
59856  -14.285  -20.360  61.045 0.0000000000
59857  -14.711  -20.389  60.466 0.0000000000
59888  -15.454  -19.637  54.841 0.0000000000
59960  -10.059  -19.925  49.763 0.0000000000
59973  -5.283  -18.787  48.185 0.0000000000
59974  -5.907  -19.188  47.737 0.0000000000
59978  -9.657  -20.043  48.417 0.0000000000
59992  -4.820  -19.075  46.624 0.0000000000
60007  -4.715  -19.244  46.009 0.0000000000
60020  -4.407  -19.377  45.450 0.0000000000
60033  -4.166  -19.303  45.086 0.0000000000
60050  -4.154  -19.334  44.766 0.0000000000
60117  -7.562  -19.584  40.455 0.0000000000
60143  -8.344  -20.430  36.904 0.0000000000
60876  -10.286  -19.572  62.328 0.0000000000
60879  -8.114  -19.711  61.547 0.0000000000
60884  -13.757  -19.436  61.844 0.0000000000
60886  -7.898  -19.716  60.866 0.0000000000
60889  -7.889  -19.909  60.237 0.0000000000
60895  -16.059  -19.313  59.192 0.0000000000
60951  -10.670  -19.808  52.487 0.0000000000
60974  -10.668  -19.787  51.688 0.0000000000
61028  -7.360  -19.496  48.203 0.0000000000
61030  -8.920  -19.446  48.288 0.0000000000
61116  -3.979  -18.772  44.456 0.0000000000
61147  -4.577  -18.230  43.780 0.0000000000
61174  -7.901  -19.206  39.430 0.0000000000
61905  -8.511  -19.009  61.535 0.0000000000
61944  -10.284  -19.446  54.147 0.0000000000
62015  -4.235  -18.326  47.306 0.0000000000
62062  -3.635  -17.827  44.837 0.0000000000
62101  -5.215  -18.252  43.523 0.0000000000
62102  -6.009  -18.296  43.203 0.0000000000
62170  -7.330  -18.696  36.575 0.0000000000
62917  -9.730  -17.600  60.755 0.0000000000
62979  -36.060  -16.729  48.608 0.0000000000
62980  -4.169  -17.877  47.804 0.0000000000
63007  -3.521  -17.474  45.272 0.0000000000
63028  -4.275  -17.399  44.339 0.0000000000
63039  -4.587  -17.561  44.019 0.0000000000
63040  -5.394  -17.326  43.791 0.0000000000
63041  -6.081  -17.490  43.422 0.0000000000
63929  -9.468  -18.044  60.319 0.0000000000
63999  -31.815  -15.450  49.980 0.0000000000
64015  -37.068  -15.851  49.012 0.0000000000
64066  -4.247  -16.952  44.606 0.0000000000
64079  -4.743  -17.163  44.196 0.0000000000
64083  -6.739  -16.264  43.501 0.0000000000
64089  -37.192  -16.416  44.112 0.0000000000
64993  -10.604  -16.388  58.643 0.0000000000
65009  -9.750  -16.931  56.768 0.0000000000
65033  -22.305  -14.973  54.127 0.0000000000
65070  -26.008  -14.998  51.474 0.0000000000
65075  -30.713  -14.976  51.192 0.0000000000
65106  -26.656  -15.013  49.155 0.0000000000
65975  -10.543  -16.202  57.756 0.0000000000
66004  -29.676  -13.808  54.884 0.0000000000
66030  -33.747  -14.135  52.522 0.0000000000
67858  -30.338  -11.795  55.615 0.0000000000
67863  -30.798  -12.195  55.358 0.0000000000
67910  -39.142  -12.467  47.452 0.0000000000
68862  -36.094  -10.618  40.648 0.0000000000
68893  -35.312  -11.394  37.429 0.0000000000
69837  -37.781  -8.230  27.410 0.0000000000
70680  -34.384  -9.637  36.497 0.0000000000
70721  -39.246  -7.011  30.909 0.0000000000
70737  -39.500  -7.107  30.398 0.0000000000
70738  -39.899  -6.471  30.366 0.0000000000
70754  -39.615  -6.483  29.708 0.0000000000
70765  -39.235  -7.168  28.850 0.0000000000
70775  -38.888  -7.063  28.249 0.0000000000
70786  -38.548  -7.340  27.668 0.0000000000
71725  -38.794  -6.358  31.855 0.0000000000
71744  -39.112  -6.754  31.360 0.0000000000
71746  -40.922  -6.116  31.129 0.0000000000
71797  -37.981  -7.535  26.496 0.0000000000
72760  -40.822  -6.167  31.615 0.0000000000
73745  -40.195  -4.928  29.516 0.0000000000
73747  -39.065  -5.057  29.089 0.0000000000
74741  -39.976  -4.357  28.798 0.0000000000
76670  -43.435  -3.335  30.970 0.0000000000
76683  -41.104  -3.129  28.966 0.0000000000
78539  -41.968  -1.395  26.426 0.0000000000
79443  -44.451  -0.714  29.833 0.0000000000
80397  -44.676  0.937  24.429 0.0000000000
82963  -46.944  3.162  28.518 0.0000000000
85689  -46.359  6.880  20.751 0.0000000000
125806  -4.843  -23.264  52.525 0.0000000000
126057  -9.031  -19.041  62.071 0.0000000000
127808  -12.996  -23.868  60.897 0.0000000000
129462  -32.807  -14.884  52.442 0.0000000000
129520  -34.730  -10.534  36.490 0.0000000000
129781  -4.132  -18.572  46.558 0.0000000000
130218  -9.688  -19.128  62.189 0.0000000000
131212  -37.948  -12.606  49.046 0.0000000000
132533  -8.557  -21.978  62.149 0.0000000000
132719  -33.063  -15.262  51.258 0.0000000000
133401  -15.033  -21.080  59.626 0.0000000000
133552  -9.247  -21.361  52.982 0.0000000000
135337  -4.198  -18.434  44.066 0.0000000000
135752  -3.754  -18.422  44.710 0.0000000000
136272  -3.956  -18.232  44.287 0.0000000000
137098  -14.871  -24.303  53.165 0.0000000000
138075  -25.992  -14.483  52.612 0.0000000000
139303  -5.194  -19.850  43.563 0.0000000000
140165  -11.338  -23.378  62.093 0.0000000000
140295  -4.845  -25.104  37.712 0.0000000000
141169  -36.272  -11.686  39.396 0.0000000000
142287  -34.061  -11.887  40.335 0.0000000000
143190  -7.634  -21.921  44.146 0.0000000000
143276  -4.929  -17.550  43.865 0.0000000000
143368  -8.073  -16.564  41.222 0.0000000000
143467  -4.390  -19.653  44.685 0.0000000000
143804  -9.069  -18.189  57.769 0.0000000000
144045  -34.381  -9.803  28.540 0.0000000000
144359  -10.654  -19.718  50.996 0.0000000000
144826  -5.050  -18.986  47.284 0.0000000000
145453  -5.162  -19.871  45.452 0.0000000000
145525  -6.024  -26.745  40.584 0.0000000000
145890  -16.919  -17.569  54.179 0.0000000000
146416  -36.757  -11.936  37.730 0.0000000000
146660  -36.226  -15.559  49.901 0.0000000000
146916  -33.379  -11.051  34.272 0.0000000000
147097  -15.162  -21.493  57.798 0.0000000000
147106  -3.864  -28.546  46.615 0.0000000000
147371  -8.145  -22.537  62.017 0.0000000000
147637  -7.538  -21.646  37.165 0.0000000000
147643  -6.032  -19.145  49.254 0.0000000000
149606  -11.076  -23.977  62.041 0.0000000000
149695  -8.950  -27.159  43.780 0.0000000000
149782  -5.463  -22.775  51.611 0.0000000000
149837  -9.486  -20.424  62.284 0.0000000000
149858  -5.651  -19.018  43.111 0.0000000000
