#!ascii label  , from subject chris_t1_4 vox2ras=TkReg
818
55620  22.022  -24.738  57.700 0.0000000000
68477  39.195  -12.195  39.672 0.0000000000
68484  48.429  -12.085  38.020 0.0000000000
59500  39.407  -20.879  47.749 0.0000000000
54720  28.829  -26.395  53.211 0.0000000000
52619  26.138  -26.841  56.205 0.0000000000
68488  43.971  -12.237  39.306 0.0000000000
68408  42.492  -10.876  44.138 0.0000000000
55756  38.547  -23.451  49.425 0.0000000000
53703  32.734  -27.088  52.247 0.0000000000
75368  49.388  -4.261  29.473 0.0000000000
70441  49.257  -9.503  33.975 0.0000000000
63351  35.843  -17.611  48.724 0.0000000000
66321  39.786  -13.726  47.671 0.0000000000
55665  26.092  -25.012  55.655 0.0000000000
130735  24.542  -26.191  56.871 0.0000000000
148285  41.037  -11.916  39.342 0.0000000000
70378  43.818  -10.687  42.539 0.0000000000
129925  40.852  -10.976  42.218 0.0000000000
49772  37.763  -28.508  48.405 0.0000000000
53669  28.858  -26.929  54.919 0.0000000000
55721  31.142  -26.141  52.243 0.0000000000
51670  30.694  -28.137  53.560 0.0000000000
76331  48.479  -4.378  30.165 0.0000000000
142953  49.243  -6.072  31.294 0.0000000000
139082  48.902  -6.156  32.131 0.0000000000
69502  47.090  -11.808  36.526 0.0000000000
69527  48.026  -10.969  33.724 0.0000000000
70416  49.202  -10.600  35.692 0.0000000000
69516  50.989  -10.311  34.300 0.0000000000
67486  49.566  -12.204  35.452 0.0000000000
57571  39.346  -21.992  49.051 0.0000000000
59476  36.110  -20.051  50.308 0.0000000000
61304  37.187  -18.631  49.554 0.0000000000
140060  37.263  -14.966  48.845 0.0000000000
63347  39.393  -16.060  48.241 0.0000000000
65376  40.979  -14.547  47.364 0.0000000000
61339  40.048  -18.360  46.207 0.0000000000
124970  28.133  -25.609  55.612 0.0000000000
68518  45.013  -12.903  36.961 0.0000000000
69463  46.672  -12.348  38.616 0.0000000000
68454  44.908  -12.615  41.138 0.0000000000
67405  43.987  -12.863  42.068 0.0000000000
53751  36.307  -27.184  49.619 0.0000000000
52715  38.876  -27.028  49.255 0.0000000000
52733  40.142  -26.842  48.055 0.0000000000
54806  40.567  -24.694  47.131 0.0000000000
56708  40.468  -23.334  45.814 0.0000000000
54745  34.339  -26.839  50.216 0.0000000000
51686  34.599  -28.154  51.052 0.0000000000
75391  49.797  -4.604  27.899 0.0000000000
72397  47.977  -7.679  31.828 0.0000000000
71378  50.351  -8.153  33.680 0.0000000000
69534  52.013  -9.660  32.076 0.0000000000
68441  39.468  -12.390  43.054 0.0000000000
69398  41.317  -11.588  45.423 0.0000000000
130185  41.733  -13.684  45.259 0.0000000000
54608  22.005  -25.986  58.133 0.0000000000
55619  22.817  -25.597  57.293 0.0000000000
53632  23.459  -26.435  57.340 0.0000000000
122469  39.689  -11.839  39.751 0.0000000000
69457  41.063  -11.236  40.989 0.0000000000
68463  39.808  -11.584  40.895 0.0000000000
52651  29.654  -27.415  54.253 0.0000000000
75370  47.844  -4.618  30.134 0.0000000000
74356  48.799  -5.403  31.450 0.0000000000
74357  47.896  -5.738  31.383 0.0000000000
128835  47.702  -11.532  37.161 0.0000000000
69490  47.845  -11.424  36.474 0.0000000000
69489  49.057  -11.189  36.611 0.0000000000
135467  49.980  -11.449  35.901 0.0000000000
59490  39.438  -21.212  48.479 0.0000000000
59492  37.997  -20.087  49.198 0.0000000000
60418  38.125  -19.498  48.684 0.0000000000
63349  38.023  -17.064  49.226 0.0000000000
62349  38.627  -17.983  47.946 0.0000000000
61332  39.739  -17.330  47.029 0.0000000000
142635  39.309  -19.301  46.809 0.0000000000
55648  27.121  -24.979  56.499 0.0000000000
53658  27.199  -26.411  55.855 0.0000000000
52617  27.606  -27.090  55.668 0.0000000000
67446  42.959  -12.785  38.376 0.0000000000
67474  43.180  -13.316  37.037 0.0000000000
68487  44.650  -12.485  38.867 0.0000000000
140216  45.912  -12.489  38.137 0.0000000000
68470  45.444  -12.353  39.307 0.0000000000
69451  46.076  -12.557  39.331 0.0000000000
69453  44.630  -12.007  40.499 0.0000000000
69424  44.175  -10.001  43.531 0.0000000000
68447  43.754  -11.320  42.180 0.0000000000
68424  42.898  -11.161  43.139 0.0000000000
66376  43.922  -13.461  42.184 0.0000000000
67393  42.440  -11.907  43.419 0.0000000000
52700  36.958  -27.888  50.010 0.0000000000
52717  37.627  -27.525  49.639 0.0000000000
51691  37.447  -28.284  49.683 0.0000000000
51704  39.071  -27.685  48.064 0.0000000000
54783  40.305  -25.473  47.563 0.0000000000
54694  32.078  -26.547  52.558 0.0000000000
125704  32.561  -26.426  50.939 0.0000000000
123657  33.348  -26.828  51.374 0.0000000000
53718  34.570  -27.188  50.685 0.0000000000
52678  33.520  -27.302  51.628 0.0000000000
77291  49.303  -3.529  29.188 0.0000000000
75375  49.823  -4.284  28.715 0.0000000000
72396  50.128  -7.511  31.712 0.0000000000
69517  48.742  -10.278  34.085 0.0000000000
69536  47.860  -10.124  32.492 0.0000000000
70454  48.331  -9.373  32.701 0.0000000000
71405  47.662  -8.541  31.625 0.0000000000
71381  48.621  -8.496  32.810 0.0000000000
72381  49.033  -7.294  33.041 0.0000000000
71379  49.770  -8.067  33.643 0.0000000000
132904  50.641  -11.167  33.671 0.0000000000
69525  51.491  -10.179  33.086 0.0000000000
55776  38.640  -24.018  48.915 0.0000000000
56652  37.905  -23.229  49.484 0.0000000000
62332  35.681  -18.516  49.718 0.0000000000
135758  35.014  -19.438  49.884 0.0000000000
66309  38.638  -14.598  47.955 0.0000000000
144801  38.290  -14.977  46.979 0.0000000000
66349  39.090  -14.049  45.969 0.0000000000
66380  38.744  -13.869  43.716 0.0000000000
67379  39.745  -12.915  45.095 0.0000000000
68427  40.134  -12.117  44.577 0.0000000000
67362  40.608  -12.615  46.705 0.0000000000
63380  40.787  -15.492  46.131 0.0000000000
65384  41.804  -14.285  46.660 0.0000000000
64406  41.184  -15.153  45.791 0.0000000000
65399  41.069  -14.512  44.125 0.0000000000
55635  25.445  -25.449  56.903 0.0000000000
143668  24.681  -26.166  56.847 0.0000000000
51630  25.153  -27.287  56.475 0.0000000000
52604  24.694  -27.206  57.561 0.0000000000
142605  42.584  -12.066  39.523 0.0000000000
69454  43.589  -11.391  40.885 0.0000000000
69455  42.831  -11.224  40.891 0.0000000000
70380  42.212  -10.638  42.409 0.0000000000
70355  42.075  -9.964  44.030 0.0000000000
55661  29.332  -25.772  54.033 0.0000000000
54718  30.440  -26.297  52.526 0.0000000000
54662  30.050  -26.955  54.067 0.0000000000
54672  31.403  -26.921  53.276 0.0000000000
52666  31.375  -27.630  53.303 0.0000000000
51679  32.684  -28.036  52.400 0.0000000000
50681  30.878  -28.673  53.409 0.0000000000
76340  49.146  -3.888  29.661 0.0000000000
75369  49.091  -4.965  30.496 0.0000000000
75364  48.881  -4.825  30.750 0.0000000000
74351  49.254  -6.205  32.034 0.0000000000
73393  50.069  -6.995  32.436 0.0000000000
140754  46.224  -12.339  35.265 0.0000000000
68526  47.407  -11.632  35.171 0.0000000000
69507  48.660  -10.729  35.026 0.0000000000
70425  49.448  -9.929  34.690 0.0000000000
71358  49.783  -9.540  34.588 0.0000000000
70424  50.227  -10.306  35.305 0.0000000000
68524  50.619  -10.973  34.699 0.0000000000
56638  38.655  -22.982  49.690 0.0000000000
124813  37.195  -22.086  50.177 0.0000000000
58523  37.825  -20.983  49.703 0.0000000000
60402  36.857  -19.443  49.948 0.0000000000
63331  36.587  -17.485  49.490 0.0000000000
64374  36.740  -16.010  49.413 0.0000000000
125724  37.277  -16.394  49.813 0.0000000000
64372  38.734  -15.847  48.636 0.0000000000
138688  39.465  -15.221  48.238 0.0000000000
146123  40.426  -14.075  48.045 0.0000000000
64380  40.264  -15.132  47.932 0.0000000000
62348  40.114  -16.172  47.244 0.0000000000
61338  40.343  -17.987  45.782 0.0000000000
143368  26.373  -25.824  54.668 0.0000000000
54676  27.900  -25.927  54.655 0.0000000000
54675  28.804  -25.975  54.419 0.0000000000
53670  28.357  -26.461  55.412 0.0000000000
52635  27.903  -27.355  55.518 0.0000000000
68516  46.404  -12.231  36.504 0.0000000000
132610  47.171  -11.804  37.527 0.0000000000
69462  47.445  -12.063  38.331 0.0000000000
68459  47.189  -12.726  39.249 0.0000000000
67424  46.518  -12.938  39.679 0.0000000000
147199  45.609  -13.608  40.309 0.0000000000
69442  44.164  -11.655  41.297 0.0000000000
67404  44.300  -12.752  41.856 0.0000000000
129717  36.416  -26.621  48.758 0.0000000000
54763  37.889  -26.556  48.771 0.0000000000
54762  38.745  -26.202  48.820 0.0000000000
53773  39.014  -26.132  48.906 0.0000000000
50712  38.223  -28.196  49.008 0.0000000000
52714  39.198  -26.873  49.037 0.0000000000
55773  39.794  -24.775  48.658 0.0000000000
133540  40.110  -24.105  48.663 0.0000000000
57570  40.107  -23.003  48.080 0.0000000000
57583  40.225  -22.911  47.679 0.0000000000
58574  40.069  -21.842  47.128 0.0000000000
55844  40.616  -24.178  46.927 0.0000000000
53752  35.307  -27.040  49.861 0.0000000000
52689  35.056  -27.680  50.677 0.0000000000
50694  35.180  -28.801  50.601 0.0000000000
145932  33.368  -28.608  51.733 0.0000000000
123665  34.016  -29.539  50.879 0.0000000000
75390  50.502  -4.240  27.404 0.0000000000
73399  47.638  -6.776  31.464 0.0000000000
73394  48.691  -6.449  32.287 0.0000000000
73383  49.678  -6.851  33.046 0.0000000000
72379  51.414  -8.097  32.661 0.0000000000
71369  51.007  -8.817  33.740 0.0000000000
71377  51.690  -8.816  32.834 0.0000000000
70465  52.448  -9.059  31.951 0.0000000000
58526  35.900  -21.226  50.297 0.0000000000
67417  38.638  -13.606  42.127 0.0000000000
68456  39.387  -11.964  41.248 0.0000000000
68448  39.934  -11.723  42.744 0.0000000000
69415  41.128  -11.038  44.485 0.0000000000
69403  42.092  -10.463  44.969 0.0000000000
66320  41.082  -13.067  47.360 0.0000000000
128369  42.138  -12.991  46.373 0.0000000000
67378  41.879  -12.121  45.374 0.0000000000
142992  41.700  -12.766  44.149 0.0000000000
58595  40.376  -21.515  46.142 0.0000000000
60459  40.328  -19.811  45.494 0.0000000000
55603  22.059  -25.419  57.880 0.0000000000
128961  21.739  -25.480  58.223 0.0000000000
126960  21.722  -24.864  58.099 0.0000000000
54625  22.600  -25.898  57.632 0.0000000000
68476  40.003  -11.515  40.362 0.0000000000
123611  39.607  -11.765  40.250 0.0000000000
74362  47.692  -5.142  30.676 0.0000000000
144024  48.332  -11.730  37.691 0.0000000000
69477  48.496  -11.456  37.102 0.0000000000
69476  48.787  -11.667  37.284 0.0000000000
68500  49.259  -11.521  36.792 0.0000000000
68483  49.236  -12.092  37.314 0.0000000000
59501  39.050  -20.635  48.083 0.0000000000
59491  38.692  -20.579  48.669 0.0000000000
60429  38.682  -19.966  48.151 0.0000000000
61324  38.543  -19.094  47.900 0.0000000000
60428  39.045  -19.880  47.455 0.0000000000
61323  39.000  -18.562  47.181 0.0000000000
59513  39.505  -20.213  46.957 0.0000000000
54636  25.898  -25.635  56.611 0.0000000000
124750  26.773  -25.692  56.427 0.0000000000
53659  26.406  -26.275  56.121 0.0000000000
135322  26.799  -27.296  55.787 0.0000000000
139301  43.180  -12.323  39.049 0.0000000000
67445  43.963  -12.729  38.478 0.0000000000
68486  45.381  -12.439  38.808 0.0000000000
125466  44.738  -12.216  39.456 0.0000000000
68471  44.706  -12.100  39.831 0.0000000000
69412  43.537  -10.092  44.073 0.0000000000
69411  43.926  -10.455  43.459 0.0000000000
68425  43.212  -10.540  43.596 0.0000000000
67392  43.181  -12.014  42.699 0.0000000000
134516  42.642  -11.263  43.381 0.0000000000
50703  36.073  -29.196  50.089 0.0000000000
51692  36.741  -28.425  50.031 0.0000000000
50702  36.885  -28.882  49.665 0.0000000000
54693  32.264  -26.574  52.337 0.0000000000
54716  32.054  -26.380  52.207 0.0000000000
54715  32.618  -26.594  51.880 0.0000000000
54729  33.042  -26.637  51.393 0.0000000000
54692  32.830  -27.002  52.176 0.0000000000
53702  33.259  -26.931  51.655 0.0000000000
76339  49.609  -3.752  29.032 0.0000000000
77290  49.709  -3.473  28.578 0.0000000000
76346  50.064  -3.926  28.587 0.0000000000
69526  48.331  -10.151  33.213 0.0000000000
70453  48.893  -9.271  33.351 0.0000000000
71380  49.065  -8.375  33.258 0.0000000000
71372  49.439  -8.690  33.660 0.0000000000
67509  49.928  -11.643  33.833 0.0000000000
129758  50.458  -11.215  33.024 0.0000000000
55775  39.025  -24.275  48.989 0.0000000000
141079  35.873  -18.180  49.465 0.0000000000
62341  35.736  -18.034  49.041 0.0000000000
66322  39.369  -14.062  47.386 0.0000000000
66336  38.980  -14.357  46.739 0.0000000000
67349  39.556  -13.540  46.660 0.0000000000
67380  39.517  -13.376  45.867 0.0000000000
67363  40.123  -12.778  46.278 0.0000000000
67348  39.999  -13.167  47.233 0.0000000000
63390  40.797  -15.698  45.871 0.0000000000
140418  41.065  -15.183  46.063 0.0000000000
63400  40.779  -15.893  45.546 0.0000000000
55636  24.673  -25.985  56.892 0.0000000000
56577  24.831  -25.370  56.607 0.0000000000
55617  25.024  -25.811  57.221 0.0000000000
54623  25.010  -25.758  56.918 0.0000000000
140747  40.667  -12.184  38.818 0.0000000000
67448  41.156  -12.649  38.217 0.0000000000
68490  41.507  -12.266  38.841 0.0000000000
68489  42.346  -12.323  38.919 0.0000000000
68474  41.752  -11.944  39.621 0.0000000000
69466  42.426  -11.676  40.219 0.0000000000
69467  41.554  -11.499  40.255 0.0000000000
69446  40.956  -11.085  41.665 0.0000000000
69445  41.625  -10.862  41.657 0.0000000000
69434  41.463  -10.609  42.476 0.0000000000
70367  42.164  -10.395  43.318 0.0000000000
70368  41.662  -10.400  43.321 0.0000000000
54663  29.390  -26.819  54.513 0.0000000000
54674  29.921  -26.696  54.029 0.0000000000
51658  30.270  -27.938  53.746 0.0000000000
52650  30.269  -27.263  53.928 0.0000000000
52649  30.840  -27.379  53.627 0.0000000000
53693  31.372  -27.260  53.332 0.0000000000
51669  31.332  -28.171  53.248 0.0000000000
127531  48.107  -4.205  29.713 0.0000000000
126623  48.597  -3.875  29.673 0.0000000000
76341  48.909  -3.698  29.610 0.0000000000
76330  48.783  -4.283  30.073 0.0000000000
74350  49.599  -6.757  31.959 0.0000000000
74346  49.698  -6.741  32.598 0.0000000000
68527  46.812  -12.044  35.769 0.0000000000
69509  47.385  -11.663  35.870 0.0000000000
70417  48.630  -10.971  36.085 0.0000000000
69500  48.407  -11.075  35.834 0.0000000000
70426  48.929  -10.552  35.153 0.0000000000
125305  49.465  -10.176  35.050 0.0000000000
70415  49.762  -10.220  35.316 0.0000000000
68515  49.861  -11.778  35.706 0.0000000000
68514  50.279  -11.213  35.425 0.0000000000
68525  50.152  -11.572  35.078 0.0000000000
67501  49.816  -11.874  34.684 0.0000000000
57558  38.881  -22.345  49.491 0.0000000000
57559  38.076  -22.033  49.804 0.0000000000
58522  38.663  -21.570  49.373 0.0000000000
60419  37.519  -19.412  49.426 0.0000000000
59473  36.893  -19.671  50.071 0.0000000000
60401  36.873  -19.177  49.844 0.0000000000
134553  36.524  -18.803  49.694 0.0000000000
62330  37.097  -17.652  49.631 0.0000000000
63339  36.872  -16.771  49.784 0.0000000000
141234  37.269  -17.224  49.710 0.0000000000
63348  38.702  -16.593  48.697 0.0000000000
63336  38.355  -16.462  48.956 0.0000000000
64371  39.177  -16.047  48.425 0.0000000000
144790  39.587  -15.593  48.181 0.0000000000
65358  40.149  -15.094  48.047 0.0000000000
64370  39.821  -15.533  48.021 0.0000000000
143914  39.887  -18.084  46.531 0.0000000000
143041  40.137  -17.177  46.626 0.0000000000
62366  40.427  -17.071  46.157 0.0000000000
54678  25.829  -25.466  54.961 0.0000000000
54701  25.660  -26.204  54.276 0.0000000000
55683  26.706  -25.245  55.239 0.0000000000
55663  27.874  -25.149  55.875 0.0000000000
55682  27.505  -25.250  55.359 0.0000000000
55681  28.065  -25.825  55.025 0.0000000000
55662  28.274  -25.698  55.427 0.0000000000
124829  28.904  -25.979  54.761 0.0000000000
126983  28.481  -26.082  55.625 0.0000000000
67473  44.025  -13.167  37.027 0.0000000000
68529  45.180  -12.662  36.004 0.0000000000
68517  45.685  -12.519  36.506 0.0000000000
68485  45.986  -12.451  38.512 0.0000000000
68501  46.628  -12.143  37.731 0.0000000000
69480  46.730  -12.184  38.181 0.0000000000
69479  47.297  -11.871  37.931 0.0000000000
68468  47.582  -12.376  38.655 0.0000000000
68469  47.084  -12.505  38.986 0.0000000000
68461  45.459  -12.537  40.109 0.0000000000
68460  46.315  -12.763  39.602 0.0000000000
68453  45.625  -12.835  40.337 0.0000000000
67425  45.674  -13.256  40.379 0.0000000000
122402  43.646  -11.265  41.610 0.0000000000
130488  44.097  -11.566  41.276 0.0000000000
129836  43.796  -10.890  42.043 0.0000000000
68438  44.123  -12.230  42.038 0.0000000000
66374  44.824  -13.341  42.080 0.0000000000
66375  44.948  -13.942  42.750 0.0000000000
54764  37.008  -26.740  48.921 0.0000000000
53775  37.188  -26.937  49.322 0.0000000000
144381  38.531  -26.914  49.325 0.0000000000
53774  38.225  -26.896  49.284 0.0000000000
139294  38.855  -26.768  49.258 0.0000000000
53749  39.078  -26.863  49.207 0.0000000000
50721  38.016  -28.343  48.961 0.0000000000
50726  38.342  -28.213  48.474 0.0000000000
52749  39.675  -27.070  48.071 0.0000000000
51698  39.301  -27.292  48.451 0.0000000000
52734  39.584  -27.078  48.440 0.0000000000
53771  39.505  -26.626  48.633 0.0000000000
54760  39.784  -25.819  48.446 0.0000000000
54759  40.245  -25.659  48.031 0.0000000000
54782  40.609  -24.488  47.462 0.0000000000
133658  40.478  -24.173  48.146 0.0000000000
56663  41.181  -24.195  47.612 0.0000000000
56675  41.035  -24.245  47.397 0.0000000000
128057  40.614  -23.831  47.276 0.0000000000
55827  40.701  -24.380  47.394 0.0000000000
55722  30.745  -26.313  52.687 0.0000000000
54717  30.862  -26.223  52.022 0.0000000000
124882  34.020  -26.713  49.878 0.0000000000
54766  34.756  -26.668  49.404 0.0000000000
54744  35.101  -26.880  49.732 0.0000000000
54727  34.594  -26.986  50.311 0.0000000000
52690  34.266  -27.486  51.167 0.0000000000
51685  35.365  -28.242  50.598 0.0000000000
128122  34.404  -28.699  51.033 0.0000000000
123303  32.803  -28.517  52.174 0.0000000000
75383  50.264  -4.263  28.088 0.0000000000
147851  49.166  -5.632  31.177 0.0000000000
68534  47.367  -11.552  34.252 0.0000000000
68546  46.545  -11.620  32.814 0.0000000000
68540  47.267  -11.353  33.320 0.0000000000
72398  47.415  -7.818  31.202 0.0000000000
129106  47.119  -7.142  30.787 0.0000000000
148125  48.209  -6.252  31.854 0.0000000000
138991  48.269  -6.913  32.173 0.0000000000
72367  49.972  -7.333  33.405 0.0000000000
134043  49.473  -7.149  33.182 0.0000000000
73382  50.194  -7.011  32.985 0.0000000000
72366  50.681  -7.562  33.204 0.0000000000
70439  50.821  -9.560  34.293 0.0000000000
71370  50.279  -9.022  34.184 0.0000000000
124302  51.852  -9.481  32.595 0.0000000000
58507  36.612  -20.866  50.812 0.0000000000
58525  36.502  -21.584  50.309 0.0000000000
59483  35.653  -20.481  50.429 0.0000000000
131182  36.881  -15.446  48.868 0.0000000000
65392  37.908  -15.258  45.494 0.0000000000
67407  39.096  -13.144  43.388 0.0000000000
66395  38.747  -13.736  42.865 0.0000000000
67416  39.082  -12.981  42.375 0.0000000000
133538  39.116  -12.504  41.605 0.0000000000
68449  39.425  -12.135  42.129 0.0000000000
68411  41.021  -11.757  45.617 0.0000000000
69416  40.486  -11.547  44.233 0.0000000000
69405  41.188  -11.046  45.043 0.0000000000
127687  41.736  -10.338  44.827 0.0000000000
68410  41.655  -11.472  45.248 0.0000000000
65366  41.112  -14.325  47.623 0.0000000000
145934  40.937  -13.650  47.846 0.0000000000
66348  41.981  -13.633  46.183 0.0000000000
66334  41.859  -13.595  46.857 0.0000000000
140310  41.862  -12.852  45.411 0.0000000000
67394  41.896  -12.176  44.434 0.0000000000
57612  40.544  -23.009  46.733 0.0000000000
59511  40.023  -20.969  46.478 0.0000000000
135193  40.479  -22.287  46.309 0.0000000000
56567  23.483  -25.682  56.908 0.0000000000
55618  23.919  -25.815  56.891 0.0000000000
53648  24.055  -26.272  57.042 0.0000000000
54624  23.431  -25.787  57.219 0.0000000000
54607  22.861  -25.988  57.526 0.0000000000
68491  39.821  -12.137  38.921 0.0000000000
135983  40.366  -11.838  39.510 0.0000000000
137260  41.149  -11.335  40.457 0.0000000000
128594  40.241  -11.488  40.046 0.0000000000
69458  40.403  -11.368  40.949 0.0000000000
69447  40.360  -11.295  41.635 0.0000000000
52633  28.939  -27.085  54.759 0.0000000000
146121  29.611  -27.034  54.394 0.0000000000
51647  28.764  -27.625  54.690 0.0000000000
51659  29.609  -28.191  54.086 0.0000000000
75365  48.591  -4.771  30.763 0.0000000000
75366  47.978  -4.825  30.913 0.0000000000
126194  48.346  -5.112  31.219 0.0000000000
74352  48.580  -5.722  31.764 0.0000000000
69491  47.423  -11.601  36.890 0.0000000000
69501  47.714  -11.481  36.223 0.0000000000
144839  48.250  -11.313  36.597 0.0000000000
70412  48.770  -11.090  36.436 0.0000000000
70411  49.407  -10.757  36.024 0.0000000000
69488  49.617  -11.007  36.242 0.0000000000
67470  49.636  -12.015  36.127 0.0000000000
139802  39.575  -21.599  48.639 0.0000000000
59481  38.292  -20.760  49.215 0.0000000000
61315  37.705  -18.534  49.056 0.0000000000
62340  37.827  -17.999  49.130 0.0000000000
62339  38.252  -17.563  48.758 0.0000000000
62338  39.006  -16.942  48.250 0.0000000000
63360  39.628  -16.371  47.759 0.0000000000
141505  39.250  -17.451  47.518 0.0000000000
61333  39.558  -18.389  46.730 0.0000000000
60439  39.668  -19.267  46.398 0.0000000000
55664  27.033  -24.896  55.907 0.0000000000
55634  27.014  -25.214  56.713 0.0000000000
54635  27.388  -25.811  56.060 0.0000000000
54649  27.919  -26.023  55.753 0.0000000000
67457  42.634  -13.135  37.676 0.0000000000
67456  43.518  -13.084  37.733 0.0000000000
142770  44.334  -12.992  37.678 0.0000000000
68502  45.962  -12.476  37.280 0.0000000000
68503  45.082  -12.744  38.064 0.0000000000
69464  46.048  -12.427  38.879 0.0000000000
144528  45.856  -12.486  39.217 0.0000000000
69465  45.332  -12.347  39.646 0.0000000000
69452  45.299  -12.372  39.885 0.0000000000
69441  44.773  -12.178  40.673 0.0000000000
70365  44.057  -9.924  42.915 0.0000000000
69433  44.105  -10.404  42.804 0.0000000000
69423  44.312  -10.348  43.039 0.0000000000
144520  43.390  -11.349  42.734 0.0000000000
68439  43.680  -12.202  42.382 0.0000000000
67406  43.904  -12.937  42.103 0.0000000000
66361  42.796  -12.458  42.587 0.0000000000
66377  42.648  -12.624  42.566 0.0000000000
53732  36.653  -27.499  49.885 0.0000000000
53750  37.477  -27.246  49.581 0.0000000000
52699  37.578  -27.933  49.732 0.0000000000
52716  38.271  -27.421  49.412 0.0000000000
52748  39.818  -26.717  47.730 0.0000000000
53791  40.023  -26.235  47.981 0.0000000000
52763  39.758  -26.703  47.423 0.0000000000
52775  39.801  -26.478  46.976 0.0000000000
55702  31.517  -26.212  52.276 0.0000000000
55737  31.667  -26.178  51.905 0.0000000000
54747  32.703  -26.544  50.746 0.0000000000
54746  33.473  -26.701  50.732 0.0000000000
54728  33.845  -26.887  50.843 0.0000000000
53719  34.144  -27.048  50.821 0.0000000000
135554  33.831  -27.057  51.155 0.0000000000
51677  33.818  -27.852  51.573 0.0000000000
76345  50.759  -3.690  27.721 0.0000000000
76354  50.515  -3.967  28.021 0.0000000000
75384  49.621  -4.616  28.721 0.0000000000
73397  49.849  -7.074  31.912 0.0000000000
139699  47.765  -10.733  33.020 0.0000000000
70466  47.837  -9.231  32.076 0.0000000000
134989  48.246  -8.882  32.425 0.0000000000
71390  48.174  -8.412  32.186 0.0000000000
72382  48.529  -7.606  32.602 0.0000000000
72369  48.910  -7.838  33.073 0.0000000000
72368  49.388  -7.747  33.372 0.0000000000
68532  51.006  -10.729  33.872 0.0000000000
146847  51.271  -10.259  33.699 0.0000000000
68538  51.010  -10.776  33.254 0.0000000000
54784  38.956  -25.151  48.594 0.0000000000
60404  35.920  -19.332  50.081 0.0000000000
59477  35.501  -19.738  50.197 0.0000000000
143885  34.988  -18.972  49.956 0.0000000000
61306  35.194  -18.841  49.379 0.0000000000
126712  37.882  -14.895  48.398 0.0000000000
65369  37.979  -14.905  47.751 0.0000000000
143275  38.721  -14.627  47.453 0.0000000000
66337  38.439  -14.663  45.990 0.0000000000
66350  38.355  -14.465  45.039 0.0000000000
66364  38.218  -14.418  44.125 0.0000000000
66363  39.061  -13.810  45.161 0.0000000000
67396  39.096  -13.352  44.304 0.0000000000
67395  39.496  -12.588  44.016 0.0000000000
68412  40.502  -12.211  45.509 0.0000000000
68398  40.763  -12.022  46.031 0.0000000000
63369  40.999  -14.946  46.457 0.0000000000
64388  41.338  -14.616  46.853 0.0000000000
64396  41.412  -14.825  46.347 0.0000000000
65391  41.716  -14.451  45.941 0.0000000000
65398  41.508  -14.528  45.118 0.0000000000
64417  41.010  -15.258  45.026 0.0000000000
142241  25.413  -24.891  56.110 0.0000000000
55649  25.540  -24.994  56.755 0.0000000000
54637  25.627  -25.362  56.934 0.0000000000
53647  25.464  -26.187  56.532 0.0000000000
52602  25.320  -26.586  56.544 0.0000000000
51629  25.824  -27.186  56.247 0.0000000000
52603  24.876  -26.549  56.682 0.0000000000
133087  24.391  -26.974  56.817 0.0000000000
67447  42.062  -12.711  38.264 0.0000000000
68473  43.236  -11.974  39.786 0.0000000000
68472  44.003  -11.860  40.129 0.0000000000
144548  43.240  -11.610  40.403 0.0000000000
69443  43.047  -11.034  41.574 0.0000000000
69456  41.846  -11.239  40.863 0.0000000000
69444  42.458  -10.957  41.612 0.0000000000
70379  43.226  -10.890  42.472 0.0000000000
70366  42.987  -10.657  43.164 0.0000000000
70340  43.077  -9.994  44.159 0.0000000000
69413  42.552  -10.155  44.523 0.0000000000
50715  36.207  -29.671  49.442 0.0000000000
55705  29.408  -26.167  53.907 0.0000000000
54719  29.647  -26.289  52.895 0.0000000000
54696  29.921  -26.259  53.153 0.0000000000
55704  30.170  -26.422  53.427 0.0000000000
55680  30.753  -26.581  53.383 0.0000000000
53683  29.980  -27.276  54.253 0.0000000000
54673  30.763  -26.903  53.636 0.0000000000
54695  31.507  -26.683  53.083 0.0000000000
54671  32.002  -26.938  52.884 0.0000000000
53692  32.033  -27.140  52.852 0.0000000000
52665  31.999  -27.398  52.836 0.0000000000
52680  32.534  -27.601  52.497 0.0000000000
51668  31.979  -27.865  52.802 0.0000000000
50679  32.078  -28.379  52.649 0.0000000000
50680  31.520  -28.830  52.923 0.0000000000
136169  49.210  -4.309  29.912 0.0000000000
129679  49.069  -5.523  31.316 0.0000000000
74355  49.321  -6.284  31.692 0.0000000000
137684  50.346  -7.303  32.188 0.0000000000
138268  46.778  -12.029  34.833 0.0000000000
69508  48.000  -11.325  35.487 0.0000000000
69518  48.120  -11.160  34.623 0.0000000000
129828  49.232  -10.057  34.561 0.0000000000
70440  49.546  -9.367  34.212 0.0000000000
142916  50.226  -9.711  34.780 0.0000000000
132130  50.606  -10.062  34.799 0.0000000000
69499  50.147  -10.904  35.806 0.0000000000
69506  50.495  -10.623  35.064 0.0000000000
68533  50.431  -11.340  34.327 0.0000000000
55755  39.130  -23.690  49.287 0.0000000000
56639  37.844  -22.893  49.982 0.0000000000
127012  37.460  -21.262  50.024 0.0000000000
59475  36.607  -20.276  50.467 0.0000000000
59482  37.474  -20.060  49.754 0.0000000000
133508  36.808  -19.854  50.191 0.0000000000
60403  36.576  -19.675  50.079 0.0000000000
61296  35.845  -19.093  50.028 0.0000000000
62331  36.095  -17.977  49.461 0.0000000000
63341  35.798  -17.714  49.166 0.0000000000
63350  36.406  -16.973  49.135 0.0000000000
64365  36.754  -16.514  49.689 0.0000000000
126317  36.959  -15.993  49.962 0.0000000000
64373  37.280  -15.468  49.382 0.0000000000
63337  37.599  -16.841  49.547 0.0000000000
64363  37.864  -16.205  49.331 0.0000000000
65361  37.871  -14.985  49.001 0.0000000000
66298  38.587  -14.815  48.365 0.0000000000
66297  39.338  -14.757  48.130 0.0000000000
67336  40.147  -13.361  47.760 0.0000000000
65368  40.380  -14.549  48.061 0.0000000000
65367  40.544  -14.780  47.964 0.0000000000
64379  40.805  -15.008  47.796 0.0000000000
147582  39.956  -15.748  47.719 0.0000000000
63370  40.549  -15.500  46.879 0.0000000000
63381  40.463  -16.230  46.486 0.0000000000
127194  40.660  -16.129  46.011 0.0000000000
54699  27.466  -26.154  53.985 0.0000000000
54698  28.376  -26.137  53.874 0.0000000000
54697  29.182  -26.106  53.575 0.0000000000
145224  29.063  -25.766  54.442 0.0000000000
54664  28.985  -26.312  54.637 0.0000000000
54648  28.656  -26.355  55.080 0.0000000000
53671  28.091  -26.963  55.569 0.0000000000
52634  28.337  -27.217  55.242 0.0000000000
144005  46.710  -12.054  37.058 0.0000000000
69492  46.880  -11.917  37.037 0.0000000000
69478  47.830  -11.576  37.911 0.0000000000
69461  48.015  -11.918  38.226 0.0000000000
67444  48.425  -12.377  38.039 0.0000000000
68467  48.044  -12.357  38.462 0.0000000000
130545  47.809  -12.933  39.020 0.0000000000
67432  47.444  -12.954  39.403 0.0000000000
68462  44.205  -11.665  40.765 0.0000000000
69431  44.344  -11.985  41.472 0.0000000000
68446  44.352  -12.350  41.660 0.0000000000
67415  44.932  -12.829  41.165 0.0000000000
54786  37.333  -26.285  48.142 0.0000000000
132117  39.178  -25.352  48.725 0.0000000000
50713  37.671  -28.379  49.373 0.0000000000
51695  38.631  -27.393  49.163 0.0000000000
50720  38.668  -27.889  48.497 0.0000000000
51699  38.880  -27.508  48.738 0.0000000000
53772  39.102  -26.369  48.954 0.0000000000
54761  39.454  -25.548  48.677 0.0000000000
55774  39.386  -24.557  48.856 0.0000000000
56651  39.617  -23.908  48.950 0.0000000000
56637  39.341  -22.956  49.107 0.0000000000
56650  39.916  -23.332  48.598 0.0000000000
55772  40.334  -24.728  48.274 0.0000000000
56649  40.403  -23.798  48.227 0.0000000000
58540  39.707  -22.337  48.517 0.0000000000
139661  39.649  -21.645  48.387 0.0000000000
57584  39.836  -22.146  48.095 0.0000000000
58557  39.929  -22.039  47.650 0.0000000000
59499  39.725  -21.161  47.265 0.0000000000
57598  40.302  -22.694  47.297 0.0000000000
57597  40.436  -22.814  47.115 0.0000000000
56695  40.585  -23.826  46.682 0.0000000000
54839  40.148  -25.154  46.346 0.0000000000
55845  40.340  -24.497  46.245 0.0000000000
54733  29.924  -26.676  52.163 0.0000000000
141514  31.517  -26.257  51.720 0.0000000000
54765  35.586  -26.638  49.048 0.0000000000
54743  36.094  -26.909  49.337 0.0000000000
53734  34.789  -27.082  50.323 0.0000000000
53733  35.462  -27.338  50.119 0.0000000000
52701  36.023  -27.946  50.266 0.0000000000
51693  35.930  -28.576  50.404 0.0000000000
50704  35.251  -29.540  50.250 0.0000000000
52679  33.146  -27.663  52.088 0.0000000000
51678  33.315  -28.179  51.926 0.0000000000
51687  33.906  -28.409  51.462 0.0000000000
50696  33.798  -28.994  51.320 0.0000000000
50695  34.546  -29.211  50.750 0.0000000000
56569  21.904  -24.267  57.616 0.0000000000
75400  50.665  -4.320  26.626 0.0000000000
138327  48.735  -6.985  32.665 0.0000000000
73384  49.097  -6.918  32.865 0.0000000000
74347  49.249  -6.660  32.638 0.0000000000
72380  50.787  -7.532  32.515 0.0000000000
72394  51.770  -8.304  31.793 0.0000000000
71371  49.823  -8.748  33.967 0.0000000000
70452  51.402  -9.677  33.529 0.0000000000
136462  51.129  -8.131  33.380 0.0000000000
144991  52.133  -8.581  32.117 0.0000000000
70481  52.557  -8.836  31.076 0.0000000000
68478  38.746  -12.627  39.355 0.0000000000
57560  36.965  -22.672  50.021 0.0000000000
57561  36.070  -22.149  49.991 0.0000000000
66381  38.207  -14.309  43.265 0.0000000000
124571  38.555  -13.330  40.861 0.0000000000
67426  38.931  -12.556  40.809 0.0000000000
68464  39.340  -11.982  40.452 0.0000000000
68455  39.857  -11.606  41.806 0.0000000000
69436  40.444  -11.213  42.432 0.0000000000
68440  39.978  -11.915  43.674 0.0000000000
69425  40.615  -11.199  43.475 0.0000000000
69435  41.040  -10.674  42.927 0.0000000000
70342  41.942  -9.962  44.664 0.0000000000
69414  42.112  -9.999  45.003 0.0000000000
67347  40.533  -12.993  47.341 0.0000000000
67346  40.995  -12.531  46.749 0.0000000000
65375  41.444  -14.201  47.153 0.0000000000
66335  41.600  -13.128  46.938 0.0000000000
68397  41.387  -12.084  46.025 0.0000000000
68396  41.894  -12.125  46.024 0.0000000000
68409  41.997  -11.493  44.918 0.0000000000
67377  42.082  -11.567  44.308 0.0000000000
66378  41.754  -13.058  43.165 0.0000000000
65407  41.415  -13.676  44.234 0.0000000000
65408  41.255  -13.805  43.286 0.0000000000
59512  39.729  -20.343  46.592 0.0000000000
59528  39.877  -19.728  46.186 0.0000000000
135411  40.496  -21.853  45.680 0.0000000000
130066  40.299  -20.656  45.838 0.0000000000
60450  40.116  -19.159  45.796 0.0000000000
61346  40.344  -18.849  45.332 0.0000000000
50669  30.270  -28.400  53.684 0.0000000000
50688  32.982  -28.983  51.824 0.0000000000
50725  38.914  -27.812  48.007 0.0000000000
51696  38.069  -27.871  49.431 0.0000000000
52667  30.778  -27.699  53.601 0.0000000000
52735  39.100  -27.072  48.997 0.0000000000
52764  39.663  -27.006  47.676 0.0000000000
53657  27.806  -26.490  55.688 0.0000000000
53694  30.612  -27.184  53.748 0.0000000000
53770  39.999  -26.534  48.055 0.0000000000
53804  39.958  -26.252  47.442 0.0000000000
54650  27.617  -25.368  56.136 0.0000000000
54730  32.320  -26.397  51.792 0.0000000000
54807  40.329  -25.338  47.265 0.0000000000
55647  28.457  -25.931  55.238 0.0000000000
55703  31.093  -26.137  52.953 0.0000000000
55793  40.481  -25.023  47.736 0.0000000000
55810  41.012  -24.286  47.394 0.0000000000
55828  40.517  -24.651  46.919 0.0000000000
56684  40.721  -23.992  47.227 0.0000000000
57582  40.611  -23.787  47.395 0.0000000000
57621  40.551  -22.771  46.152 0.0000000000
58508  36.220  -20.817  50.878 0.0000000000
58524  37.019  -21.175  50.318 0.0000000000
58541  39.183  -21.252  48.932 0.0000000000
58558  39.636  -21.506  48.080 0.0000000000
58573  40.354  -22.227  46.765 0.0000000000
59474  37.027  -20.434  50.209 0.0000000000
59541  40.475  -20.433  45.249 0.0000000000
60405  35.322  -19.124  50.124 0.0000000000
60410  37.049  -19.411  49.819 0.0000000000
60411  35.024  -19.072  49.440 0.0000000000
61294  37.265  -18.362  49.629 0.0000000000
61295  36.898  -19.036  49.728 0.0000000000
61297  35.605  -18.888  50.006 0.0000000000
61305  35.323  -18.779  49.925 0.0000000000
61314  38.189  -18.525  48.446 0.0000000000
62324  36.892  -18.351  49.565 0.0000000000
62325  36.513  -18.159  49.502 0.0000000000
62326  35.739  -18.564  49.828 0.0000000000
62329  37.378  -17.602  49.544 0.0000000000
63330  37.156  -17.506  49.825 0.0000000000
63338  37.027  -16.837  49.901 0.0000000000
63340  36.528  -17.219  49.422 0.0000000000
63359  40.301  -15.315  47.694 0.0000000000
64364  37.407  -15.936  49.598 0.0000000000
64389  40.772  -14.896  47.196 0.0000000000
65354  37.944  -15.631  49.128 0.0000000000
65359  39.986  -14.777  48.066 0.0000000000
65360  38.622  -15.261  48.529 0.0000000000
66306  40.667  -14.154  48.028 0.0000000000
66307  39.769  -14.015  47.911 0.0000000000
66308  39.267  -14.306  47.926 0.0000000000
66319  41.328  -13.627  47.363 0.0000000000
66362  42.214  -12.242  43.394 0.0000000000
67335  40.570  -13.516  47.919 0.0000000000
67361  41.449  -12.635  46.562 0.0000000000
67427  38.805  -13.169  41.525 0.0000000000
67433  38.972  -12.409  40.034 0.0000000000
67454  49.317  -11.955  36.829 0.0000000000
68399  40.740  -12.314  46.082 0.0000000000
68426  40.808  -11.628  44.942 0.0000000000
68475  40.911  -11.485  39.957 0.0000000000
68499  49.664  -11.437  36.287 0.0000000000
69404  41.766  -10.813  44.970 0.0000000000
69432  44.180  -11.375  41.895 0.0000000000
69468  40.572  -11.367  40.414 0.0000000000
70341  42.434  -9.984  44.442 0.0000000000
70343  41.522  -10.570  43.953 0.0000000000
70352  44.297  -9.962  43.115 0.0000000000
70353  43.788  -9.892  43.634 0.0000000000
70354  42.843  -9.842  43.924 0.0000000000
70364  44.183  -10.136  42.774 0.0000000000
70406  48.172  -11.369  36.805 0.0000000000
70410  50.000  -10.687  35.780 0.0000000000
126204  40.549  -23.662  47.676 0.0000000000
126449  26.285  -24.868  56.415 0.0000000000
127721  44.818  -13.929  42.720 0.0000000000
128696  40.571  -23.547  46.724 0.0000000000
131286  39.869  -15.531  47.936 0.0000000000
132118  40.111  -20.083  45.946 0.0000000000
137001  36.548  -19.230  49.872 0.0000000000
138954  28.498  -26.879  55.244 0.0000000000
140856  41.169  -24.178  47.614 0.0000000000
144798  38.725  -14.003  44.458 0.0000000000
145880  40.693  -16.095  45.773 0.0000000000
146602  38.707  -14.291  45.512 0.0000000000
147356  48.731  -4.036  29.860 0.0000000000
147706  40.433  -21.105  45.615 0.0000000000
148260  39.433  -17.900  47.055 0.0000000000
