#!ascii label  , from subject chris_t1_4 vox2ras=TkReg
1077
123345  17.685  -20.405  47.773 0.0000000000
60386  28.860  -18.982  56.021 0.0000000000
72442  36.299  -6.995  26.178 0.0000000000
64479  26.708  -14.754  39.760 0.0000000000
63355  29.184  -16.369  49.831 0.0000000000
122454  48.033  0.561  18.460 0.0000000000
69601  37.562  -10.990  27.484 0.0000000000
66530  30.118  -11.213  29.718 0.0000000000
57609  12.126  -21.866  46.716 0.0000000000
57553  22.218  -21.197  51.260 0.0000000000
55782  24.860  -24.029  49.288 0.0000000000
57640  20.214  -20.923  44.247 0.0000000000
79270  42.085  0.661  23.534 0.0000000000
58471  19.948  -21.131  54.662 0.0000000000
57546  15.486  -21.352  52.855 0.0000000000
77331  40.716  -1.108  27.426 0.0000000000
142289  10.856  -19.849  51.827 0.0000000000
55733  7.222  -23.721  51.940 0.0000000000
66465  30.055  -12.656  36.075 0.0000000000
65396  27.221  -13.579  45.464 0.0000000000
58563  27.739  -21.977  48.975 0.0000000000
55778  28.618  -24.125  49.393 0.0000000000
68573  35.821  -9.961  29.466 0.0000000000
67569  33.431  -10.995  28.761 0.0000000000
67538  32.958  -10.427  30.131 0.0000000000
69589  38.748  -8.811  29.313 0.0000000000
58605  15.492  -21.113  44.530 0.0000000000
56721  13.326  -22.504  44.386 0.0000000000
57606  14.803  -20.701  46.786 0.0000000000
58549  19.935  -19.891  49.298 0.0000000000
57604  21.417  -20.831  47.375 0.0000000000
58602  18.478  -20.650  45.309 0.0000000000
58650  17.599  -20.778  42.385 0.0000000000
75419  35.174  -4.398  25.561 0.0000000000
73431  38.014  -6.664  26.852 0.0000000000
142897  38.032  -4.113  27.468 0.0000000000
77345  38.249  -1.580  26.160 0.0000000000
123346  14.730  -22.199  54.939 0.0000000000
58503  14.044  -20.539  52.368 0.0000000000
57521  12.767  -20.818  54.696 0.0000000000
57494  8.066  -21.821  56.559 0.0000000000
57522  8.527  -21.177  54.801 0.0000000000
56608  6.491  -22.928  54.194 0.0000000000
140601  5.445  -24.842  54.597 0.0000000000
55644  4.937  -23.583  56.779 0.0000000000
122750  29.619  -11.702  44.941 0.0000000000
63375  27.940  -15.435  48.653 0.0000000000
62353  26.411  -17.639  48.478 0.0000000000
61319  27.168  -18.594  49.911 0.0000000000
55855  24.281  -23.601  45.376 0.0000000000
54772  26.471  -24.349  49.001 0.0000000000
54863  25.487  -24.212  44.852 0.0000000000
127098  28.046  -24.470  45.305 0.0000000000
63486  28.998  -14.339  37.833 0.0000000000
64551  28.493  -14.222  35.304 0.0000000000
63518  27.428  -16.851  36.771 0.0000000000
81222  50.312  1.980  15.946 0.0000000000
79345  47.838  0.373  16.361 0.0000000000
70563  36.927  -8.971  25.991 0.0000000000
68619  34.343  -10.727  27.099 0.0000000000
71454  38.750  -7.735  28.179 0.0000000000
57512  25.224  -22.108  54.388 0.0000000000
133473  26.892  -22.308  54.014 0.0000000000
56643  23.845  -22.850  50.612 0.0000000000
138637  23.170  -22.300  46.213 0.0000000000
56748  22.077  -22.438  42.506 0.0000000000
79254  43.858  1.011  25.233 0.0000000000
79282  44.320  1.541  22.813 0.0000000000
79310  45.116  1.223  20.402 0.0000000000
130190  45.469  -0.281  18.018 0.0000000000
58533  18.575  -19.946  50.717 0.0000000000
123134  16.096  -20.764  49.926 0.0000000000
131297  17.636  -21.040  53.007 0.0000000000
58496  21.014  -20.868  52.190 0.0000000000
146162  41.460  0.308  25.253 0.0000000000
146120  14.235  -20.352  50.142 0.0000000000
57566  11.427  -20.691  49.303 0.0000000000
122813  9.447  -22.742  49.761 0.0000000000
58476  10.996  -20.286  54.563 0.0000000000
57549  8.911  -21.382  52.028 0.0000000000
141502  2.739  -24.164  58.707 0.0000000000
138846  30.841  -9.358  32.880 0.0000000000
65458  28.889  -13.379  40.074 0.0000000000
66402  29.000  -12.171  42.015 0.0000000000
65429  26.703  -13.438  42.531 0.0000000000
63396  25.498  -16.134  46.066 0.0000000000
59521  26.370  -20.938  47.532 0.0000000000
135514  30.565  -22.239  46.493 0.0000000000
57525  28.598  -22.211  53.141 0.0000000000
58509  29.039  -21.345  51.780 0.0000000000
59485  28.653  -20.382  51.146 0.0000000000
56654  29.176  -23.469  48.567 0.0000000000
56701  30.200  -24.038  45.006 0.0000000000
67524  29.539  -11.057  32.733 0.0000000000
65543  27.728  -14.233  32.468 0.0000000000
70507  36.025  -9.103  30.143 0.0000000000
139881  34.877  -10.052  29.846 0.0000000000
69558  33.996  -9.526  30.498 0.0000000000
69570  37.287  -9.392  29.790 0.0000000000
58592  16.797  -20.997  45.889 0.0000000000
58593  15.752  -21.097  45.498 0.0000000000
57605  15.990  -20.857  46.557 0.0000000000
123730  18.937  -19.909  48.096 0.0000000000
58580  19.497  -19.900  47.327 0.0000000000
58591  17.834  -20.543  46.114 0.0000000000
58603  17.507  -20.958  45.304 0.0000000000
74404  35.807  -5.138  26.315 0.0000000000
73439  37.702  -6.864  26.374 0.0000000000
141978  37.848  -5.506  27.259 0.0000000000
133458  37.458  -5.120  27.065 0.0000000000
75417  36.887  -4.252  26.862 0.0000000000
57486  7.599  -22.127  57.288 0.0000000000
56597  7.558  -22.120  55.832 0.0000000000
55677  5.939  -22.816  55.297 0.0000000000
130409  6.014  -23.270  54.539 0.0000000000
55657  5.438  -23.384  55.643 0.0000000000
55658  4.935  -23.905  56.060 0.0000000000
65382  29.162  -13.869  47.830 0.0000000000
63374  28.579  -15.332  49.160 0.0000000000
62352  27.781  -17.067  49.333 0.0000000000
62345  28.297  -17.473  49.872 0.0000000000
60390  29.241  -19.393  55.351 0.0000000000
55890  24.031  -23.467  43.694 0.0000000000
54864  24.795  -23.928  44.901 0.0000000000
125683  24.791  -24.064  43.245 0.0000000000
55888  25.624  -24.187  43.412 0.0000000000
64511  28.533  -14.793  38.348 0.0000000000
63505  28.341  -15.120  37.294 0.0000000000
123095  48.150  0.686  19.376 0.0000000000
79317  48.702  0.969  18.984 0.0000000000
79330  48.544  0.863  18.121 0.0000000000
79343  48.960  1.238  16.983 0.0000000000
79337  47.596  0.198  17.148 0.0000000000
69609  37.447  -10.435  26.763 0.0000000000
69611  35.606  -10.440  26.793 0.0000000000
68603  35.384  -11.174  27.244 0.0000000000
66553  31.967  -12.186  29.112 0.0000000000
135398  31.795  -11.709  28.557 0.0000000000
67571  30.873  -11.780  28.589 0.0000000000
69591  38.029  -9.999  28.333 0.0000000000
70534  38.814  -9.950  27.221 0.0000000000
71466  38.586  -8.820  26.334 0.0000000000
57630  12.859  -21.974  45.127 0.0000000000
57610  11.440  -22.195  46.930 0.0000000000
57530  23.695  -22.009  53.183 0.0000000000
57541  24.504  -22.200  52.687 0.0000000000
57552  22.602  -22.003  50.811 0.0000000000
129179  21.325  -20.844  45.650 0.0000000000
57603  22.236  -21.172  47.040 0.0000000000
57625  22.074  -21.186  45.475 0.0000000000
56718  22.697  -22.135  44.286 0.0000000000
56733  21.622  -21.738  43.002 0.0000000000
57666  19.688  -21.254  41.924 0.0000000000
62380  24.279  -17.899  44.678 0.0000000000
79261  43.061  0.895  24.070 0.0000000000
79267  44.341  1.506  23.726 0.0000000000
143785  43.368  1.239  23.260 0.0000000000
79312  43.561  0.831  20.600 0.0000000000
78362  44.577  0.410  19.067 0.0000000000
79319  46.088  0.576  19.511 0.0000000000
141511  19.389  -20.944  52.202 0.0000000000
58499  17.924  -21.002  52.066 0.0000000000
58485  18.500  -21.018  53.470 0.0000000000
58483  20.271  -21.077  53.809 0.0000000000
58512  19.770  -20.372  51.604 0.0000000000
77329  42.365  0.117  26.761 0.0000000000
77341  41.267  -0.316  26.627 0.0000000000
78318  38.621  -0.576  24.438 0.0000000000
58515  16.067  -20.812  51.560 0.0000000000
58553  15.251  -20.696  49.491 0.0000000000
58516  15.227  -20.788  51.241 0.0000000000
58504  12.293  -19.494  52.369 0.0000000000
124661  12.778  -19.690  50.739 0.0000000000
58538  11.380  -20.185  50.208 0.0000000000
147000  10.352  -21.769  49.406 0.0000000000
57554  10.334  -20.903  50.420 0.0000000000
58462  10.163  -21.004  55.608 0.0000000000
56616  7.307  -22.520  53.072 0.0000000000
57538  8.675  -21.178  53.062 0.0000000000
126708  8.213  -22.380  51.743 0.0000000000
56635  8.194  -22.993  51.023 0.0000000000
64492  29.751  -13.531  38.899 0.0000000000
66354  28.376  -12.687  45.200 0.0000000000
66385  29.226  -11.827  43.156 0.0000000000
66368  28.195  -12.241  44.071 0.0000000000
65428  28.083  -12.509  41.856 0.0000000000
65402  26.757  -13.422  44.583 0.0000000000
129428  25.740  -14.779  45.026 0.0000000000
64404  25.934  -15.131  45.963 0.0000000000
59495  26.300  -19.856  49.056 0.0000000000
60432  25.807  -19.417  48.486 0.0000000000
59506  26.730  -21.223  48.246 0.0000000000
59519  28.362  -21.582  46.895 0.0000000000
59504  28.459  -22.150  47.397 0.0000000000
55741  25.588  -23.515  51.225 0.0000000000
56611  27.325  -23.018  52.837 0.0000000000
55740  26.345  -23.924  51.143 0.0000000000
54771  27.192  -24.458  48.861 0.0000000000
55738  28.062  -23.672  50.869 0.0000000000
56640  29.013  -23.260  50.415 0.0000000000
132942  29.017  -21.042  51.196 0.0000000000
57562  29.030  -22.765  50.516 0.0000000000
58529  28.630  -21.421  50.807 0.0000000000
56655  29.166  -23.639  49.317 0.0000000000
56730  27.945  -24.174  42.816 0.0000000000
55852  28.770  -24.391  45.465 0.0000000000
68536  30.436  -10.342  34.612 0.0000000000
126513  30.100  -10.442  32.972 0.0000000000
66493  29.384  -12.320  34.563 0.0000000000
63532  27.913  -15.846  34.982 0.0000000000
64564  28.087  -14.898  33.938 0.0000000000
81232  51.031  2.441  14.364 0.0000000000
68582  36.983  -10.915  28.713 0.0000000000
68594  35.370  -11.197  27.850 0.0000000000
67556  35.003  -10.348  29.307 0.0000000000
67557  33.104  -10.678  29.727 0.0000000000
66511  31.768  -11.021  29.815 0.0000000000
69568  39.130  -8.614  30.385 0.0000000000
69582  37.514  -10.013  28.883 0.0000000000
57628  14.592  -21.453  44.155 0.0000000000
57629  13.899  -21.592  44.852 0.0000000000
57607  13.905  -20.581  47.058 0.0000000000
58547  21.546  -20.573  50.100 0.0000000000
130505  22.110  -21.373  49.564 0.0000000000
58579  20.567  -20.239  47.783 0.0000000000
58588  20.529  -20.422  46.866 0.0000000000
58616  19.389  -20.674  44.777 0.0000000000
127914  18.775  -20.989  42.544 0.0000000000
126047  18.057  -20.827  43.514 0.0000000000
58634  16.938  -20.763  43.221 0.0000000000
79287  40.475  0.147  22.390 0.0000000000
58457  19.594  -21.077  55.454 0.0000000000
75394  39.383  -4.159  28.820 0.0000000000
75404  38.448  -4.052  27.859 0.0000000000
76376  39.112  -2.764  27.958 0.0000000000
77343  39.766  -1.016  26.542 0.0000000000
76386  37.620  -2.608  26.604 0.0000000000
76387  36.836  -3.155  26.463 0.0000000000
57534  15.376  -22.060  53.585 0.0000000000
58502  14.818  -20.940  52.701 0.0000000000
57535  14.434  -21.960  53.635 0.0000000000
58489  13.530  -20.060  53.146 0.0000000000
58490  12.357  -19.670  53.488 0.0000000000
58463  9.376  -20.968  55.305 0.0000000000
57506  8.475  -21.348  55.768 0.0000000000
56607  7.075  -22.173  54.046 0.0000000000
55698  6.679  -23.126  53.486 0.0000000000
55699  6.234  -23.739  53.868 0.0000000000
65388  28.960  -13.604  46.958 0.0000000000
64402  27.608  -14.584  46.954 0.0000000000
63387  27.150  -15.490  47.135 0.0000000000
63376  27.298  -15.863  48.000 0.0000000000
61328  26.929  -17.929  49.223 0.0000000000
146643  27.072  -20.648  49.612 0.0000000000
55819  24.038  -23.754  47.125 0.0000000000
54795  25.358  -24.166  48.856 0.0000000000
138960  25.248  -24.130  47.194 0.0000000000
54828  26.101  -24.506  46.630 0.0000000000
54827  26.783  -24.753  46.342 0.0000000000
54825  28.101  -24.502  47.052 0.0000000000
55854  26.658  -24.523  44.971 0.0000000000
55903  27.070  -24.143  42.748 0.0000000000
64532  29.633  -13.796  37.429 0.0000000000
65509  29.088  -13.718  35.806 0.0000000000
63515  28.417  -14.776  36.499 0.0000000000
135145  27.970  -15.548  35.929 0.0000000000
80282  50.429  1.877  16.778 0.0000000000
80284  48.903  1.139  16.159 0.0000000000
71474  36.482  -7.963  26.125 0.0000000000
71476  34.226  -8.119  25.911 0.0000000000
70565  35.013  -8.798  26.366 0.0000000000
67595  34.388  -10.925  27.509 0.0000000000
67597  32.304  -11.162  27.917 0.0000000000
71432  40.157  -7.660  29.959 0.0000000000
71442  40.267  -6.947  29.825 0.0000000000
73416  39.376  -6.111  28.977 0.0000000000
72432  38.188  -6.927  27.368 0.0000000000
72440  38.043  -7.583  26.297 0.0000000000
58431  26.823  -21.010  56.117 0.0000000000
58448  27.909  -21.164  55.212 0.0000000000
57511  26.087  -22.152  54.197 0.0000000000
56622  25.031  -22.750  52.242 0.0000000000
55761  24.381  -23.300  50.202 0.0000000000
56658  22.535  -22.193  49.098 0.0000000000
56668  23.106  -22.902  48.635 0.0000000000
55820  23.532  -23.363  47.404 0.0000000000
56702  23.368  -22.608  45.497 0.0000000000
125515  23.425  -22.807  43.766 0.0000000000
55908  23.296  -23.170  42.550 0.0000000000
80255  45.998  1.814  22.654 0.0000000000
79300  43.700  1.204  21.763 0.0000000000
80256  45.273  1.638  22.025 0.0000000000
79297  46.044  1.447  21.012 0.0000000000
124483  46.722  1.145  20.449 0.0000000000
79318  46.777  0.551  19.513 0.0000000000
78373  46.623  0.038  17.948 0.0000000000
127921  47.091  -0.220  16.867 0.0000000000
122708  17.775  -20.203  49.112 0.0000000000
141128  17.182  -20.547  49.135 0.0000000000
135798  17.708  -20.051  50.606 0.0000000000
147391  16.718  -20.717  51.831 0.0000000000
58487  16.825  -21.165  52.922 0.0000000000
146756  18.241  -21.058  54.970 0.0000000000
57533  16.236  -22.106  53.960 0.0000000000
127356  15.642  -22.170  55.307 0.0000000000
60375  27.621  -18.859  56.822 0.0000000000
59454  26.329  -20.371  56.426 0.0000000000
134024  24.724  -21.179  55.488 0.0000000000
57531  22.988  -21.592  53.122 0.0000000000
123242  22.241  -21.073  54.011 0.0000000000
58510  21.658  -20.808  51.744 0.0000000000
58531  20.651  -20.063  50.749 0.0000000000
59488  19.201  -20.027  49.957 0.0000000000
79247  43.979  0.864  26.247 0.0000000000
78313  42.287  0.588  24.895 0.0000000000
78324  41.616  0.482  24.246 0.0000000000
77354  39.734  -0.564  25.710 0.0000000000
78316  40.457  -0.005  24.950 0.0000000000
79272  40.768  0.356  23.298 0.0000000000
123133  15.786  -20.790  48.995 0.0000000000
58570  14.777  -20.320  48.664 0.0000000000
57593  12.794  -20.783  47.946 0.0000000000
58518  13.816  -20.239  51.373 0.0000000000
57578  12.562  -20.419  48.713 0.0000000000
142715  12.097  -21.090  48.059 0.0000000000
57595  11.293  -21.813  47.945 0.0000000000
132712  9.718  -23.003  48.477 0.0000000000
58460  11.947  -21.009  55.073 0.0000000000
58491  11.283  -19.704  53.707 0.0000000000
57537  9.532  -20.606  52.857 0.0000000000
57548  9.816  -20.631  51.979 0.0000000000
56645  9.388  -22.237  50.369 0.0000000000
146795  3.852  -24.014  58.016 0.0000000000
134823  33.012  -8.663  31.240 0.0000000000
66448  30.798  -12.249  37.323 0.0000000000
64522  29.841  -13.641  38.195 0.0000000000
64493  29.203  -13.881  39.056 0.0000000000
64477  28.752  -13.972  39.392 0.0000000000
65444  29.532  -12.608  40.634 0.0000000000
65445  28.173  -12.989  40.991 0.0000000000
143180  26.793  -13.902  40.993 0.0000000000
64434  25.426  -14.570  42.895 0.0000000000
63410  24.776  -16.296  44.789 0.0000000000
62379  24.489  -18.089  45.558 0.0000000000
62369  25.654  -16.926  46.813 0.0000000000
61343  25.103  -18.814  47.050 0.0000000000
60456  25.246  -19.859  46.769 0.0000000000
59534  26.900  -21.196  46.696 0.0000000000
59517  29.838  -21.308  46.265 0.0000000000
62343  29.489  -16.817  50.316 0.0000000000
58447  28.722  -21.102  54.765 0.0000000000
134536  29.025  -21.342  54.018 0.0000000000
59470  29.559  -20.279  53.158 0.0000000000
55739  27.164  -23.966  51.054 0.0000000000
57540  29.017  -22.091  52.782 0.0000000000
59471  29.214  -20.532  52.430 0.0000000000
60406  29.306  -18.902  51.609 0.0000000000
146641  29.017  -18.453  51.079 0.0000000000
61317  28.635  -17.826  50.238 0.0000000000
60413  28.138  -19.773  50.741 0.0000000000
58545  28.014  -21.829  50.044 0.0000000000
125093  28.092  -22.625  48.749 0.0000000000
55836  28.675  -24.348  46.707 0.0000000000
55815  30.100  -23.609  47.249 0.0000000000
127270  30.070  -23.267  47.549 0.0000000000
56688  30.632  -23.330  46.618 0.0000000000
68549  31.891  -9.481  31.064 0.0000000000
67540  30.454  -10.430  31.520 0.0000000000
66513  29.368  -11.402  31.010 0.0000000000
65531  28.531  -13.521  34.102 0.0000000000
65542  28.410  -13.143  32.911 0.0000000000
147927  28.346  -12.459  31.104 0.0000000000
79338  47.289  -0.217  16.169 0.0000000000
70489  35.636  -8.578  30.599 0.0000000000
69557  35.041  -9.362  30.305 0.0000000000
70490  34.564  -8.795  30.658 0.0000000000
122942  17.057  -20.816  46.655 0.0000000000
58583  16.852  -20.870  47.519 0.0000000000
134158  18.136  -20.131  48.325 0.0000000000
58581  18.416  -20.035  47.524 0.0000000000
58582  17.740  -20.424  47.038 0.0000000000
73441  35.742  -6.054  26.220 0.0000000000
73442  34.801  -6.179  25.738 0.0000000000
131503  35.221  -6.781  25.982 0.0000000000
73440  36.998  -6.396  26.301 0.0000000000
74402  37.637  -6.096  26.822 0.0000000000
141991  36.436  -5.757  26.501 0.0000000000
56585  6.877  -22.602  56.842 0.0000000000
56598  6.773  -22.492  55.964 0.0000000000
56599  5.979  -22.579  56.145 0.0000000000
55643  5.354  -23.083  56.433 0.0000000000
64386  29.142  -14.903  49.341 0.0000000000
63365  29.000  -15.953  49.355 0.0000000000
62351  28.695  -16.771  49.521 0.0000000000
62307  29.413  -17.632  55.670 0.0000000000
60391  28.650  -19.824  55.827 0.0000000000
143869  23.805  -23.320  42.940 0.0000000000
129364  24.191  -23.633  43.060 0.0000000000
55906  24.480  -23.856  42.276 0.0000000000
64495  28.155  -14.628  39.102 0.0000000000
64512  27.715  -15.275  38.350 0.0000000000
79336  48.288  0.770  17.287 0.0000000000
79331  47.854  0.481  17.738 0.0000000000
68617  36.110  -11.135  27.037 0.0000000000
68602  36.764  -11.182  27.480 0.0000000000
66529  31.698  -11.737  29.152 0.0000000000
67570  31.998  -12.536  29.013 0.0000000000
66554  30.740  -11.471  28.876 0.0000000000
143893  29.737  -11.991  28.745 0.0000000000
66555  29.435  -11.726  29.570 0.0000000000
69592  37.600  -10.830  28.295 0.0000000000
69599  38.566  -9.827  27.859 0.0000000000
69600  38.219  -10.367  27.713 0.0000000000
69608  38.214  -10.396  26.925 0.0000000000
57619  12.481  -21.819  46.023 0.0000000000
56706  12.148  -22.602  45.416 0.0000000000
57620  11.723  -22.332  46.127 0.0000000000
127933  22.807  -21.849  51.704 0.0000000000
131258  23.640  -22.173  51.790 0.0000000000
57627  20.430  -20.650  45.164 0.0000000000
57626  21.384  -21.061  44.755 0.0000000000
56719  22.011  -21.536  44.002 0.0000000000
57639  21.054  -21.161  43.607 0.0000000000
57650  20.688  -21.403  42.474 0.0000000000
57651  19.943  -21.085  43.125 0.0000000000
61355  24.520  -18.884  44.968 0.0000000000
79269  42.765  0.946  23.425 0.0000000000
143940  44.489  -0.245  18.377 0.0000000000
58484  19.547  -21.004  53.008 0.0000000000
58498  18.625  -21.020  52.561 0.0000000000
124058  19.256  -21.037  54.019 0.0000000000
77323  40.844  -1.485  28.257 0.0000000000
77330  41.442  -0.675  27.437 0.0000000000
142096  41.951  -0.369  27.352 0.0000000000
58501  15.412  -20.904  52.109 0.0000000000
58519  11.854  -19.643  51.242 0.0000000000
58520  10.828  -20.191  50.929 0.0000000000
57547  10.080  -20.735  51.182 0.0000000000
58444  10.584  -21.086  56.199 0.0000000000
56615  8.046  -21.968  52.576 0.0000000000
56624  7.546  -22.851  52.255 0.0000000000
138471  7.746  -23.178  51.623 0.0000000000
65395  27.862  -13.347  45.821 0.0000000000
65401  27.562  -12.926  44.886 0.0000000000
65411  27.353  -12.724  43.741 0.0000000000
64414  26.525  -14.190  45.571 0.0000000000
59494  26.624  -20.571  49.073 0.0000000000
58564  27.105  -21.353  49.025 0.0000000000
59505  27.577  -21.834  47.956 0.0000000000
58562  28.779  -22.577  47.472 0.0000000000
131509  24.877  -23.910  49.975 0.0000000000
55723  26.192  -23.390  51.811 0.0000000000
141425  25.676  -24.014  50.435 0.0000000000
54770  27.999  -24.424  48.769 0.0000000000
55758  28.435  -23.919  50.164 0.0000000000
55757  29.056  -23.776  49.925 0.0000000000
125140  29.076  -23.341  49.952 0.0000000000
55797  28.826  -24.261  48.687 0.0000000000
135559  30.340  -11.090  35.362 0.0000000000
67507  29.944  -11.643  34.959 0.0000000000
66479  29.819  -12.338  35.429 0.0000000000
68572  36.837  -10.046  29.249 0.0000000000
68583  36.100  -10.487  28.971 0.0000000000
140967  33.911  -10.286  30.029 0.0000000000
66527  32.346  -11.159  29.606 0.0000000000
67539  32.141  -10.552  30.195 0.0000000000
146419  37.402  -9.696  29.363 0.0000000000
140396  14.795  -21.042  45.798 0.0000000000
57618  13.594  -21.211  46.068 0.0000000000
58548  20.789  -20.049  49.680 0.0000000000
57576  21.547  -20.622  49.134 0.0000000000
58565  20.704  -20.135  48.728 0.0000000000
138102  18.793  -20.242  45.934 0.0000000000
58589  19.629  -20.110  46.321 0.0000000000
58601  19.591  -20.377  45.538 0.0000000000
58617  18.405  -20.912  44.507 0.0000000000
58604  16.530  -21.066  44.961 0.0000000000
58618  17.383  -20.990  44.381 0.0000000000
58619  16.220  -20.955  43.943 0.0000000000
135750  38.448  -5.626  27.819 0.0000000000
75405  37.769  -4.690  27.315 0.0000000000
127753  38.088  -4.953  27.557 0.0000000000
76377  38.386  -3.094  27.475 0.0000000000
76385  38.272  -2.286  26.952 0.0000000000
75415  37.861  -3.526  27.202 0.0000000000
75418  36.025  -4.282  26.382 0.0000000000
75429  35.511  -3.593  25.408 0.0000000000
126538  14.827  -22.211  54.180 0.0000000000
57519  14.110  -22.098  54.283 0.0000000000
57536  13.966  -20.870  53.961 0.0000000000
58474  13.118  -20.443  54.117 0.0000000000
57493  8.742  -21.168  56.743 0.0000000000
56605  6.677  -22.378  54.997 0.0000000000
57507  7.679  -21.772  54.982 0.0000000000
55678  5.540  -23.791  54.875 0.0000000000
55700  5.775  -24.273  54.231 0.0000000000
54644  4.474  -24.385  56.693 0.0000000000
64394  28.606  -14.592  48.475 0.0000000000
64401  28.340  -14.149  47.491 0.0000000000
65389  28.051  -13.704  46.714 0.0000000000
63386  27.813  -14.993  47.800 0.0000000000
61327  27.559  -17.775  49.860 0.0000000000
60422  26.916  -19.742  49.701 0.0000000000
54829  24.299  -23.627  46.306 0.0000000000
55818  24.684  -23.894  46.845 0.0000000000
145094  24.757  -23.832  46.369 0.0000000000
54847  25.567  -24.236  45.653 0.0000000000
138708  26.853  -24.722  47.062 0.0000000000
54846  26.378  -24.625  45.741 0.0000000000
55870  26.005  -24.317  44.351 0.0000000000
55904  26.202  -24.090  42.668 0.0000000000
64523  29.200  -14.081  37.772 0.0000000000
64533  29.057  -14.273  36.990 0.0000000000
63504  28.638  -14.653  37.263 0.0000000000
63506  28.086  -15.874  37.249 0.0000000000
128887  28.095  -15.969  36.766 0.0000000000
63517  27.708  -16.414  36.104 0.0000000000
79344  48.417  0.829  16.584 0.0000000000
80285  48.295  0.586  15.689 0.0000000000
80295  48.920  0.919  15.235 0.0000000000
70564  36.018  -8.655  26.300 0.0000000000
70549  36.111  -9.536  26.525 0.0000000000
68618  35.132  -11.047  26.992 0.0000000000
69612  34.548  -10.368  26.892 0.0000000000
68620  33.399  -10.290  27.127 0.0000000000
67582  34.338  -10.995  28.199 0.0000000000
67583  33.201  -10.943  28.186 0.0000000000
67585  31.517  -11.879  28.689 0.0000000000
67598  31.528  -11.613  27.815 0.0000000000
68606  32.030  -10.980  27.241 0.0000000000
69579  39.216  -8.616  30.057 0.0000000000
70513  40.002  -8.088  30.223 0.0000000000
70514  39.398  -8.435  29.820 0.0000000000
70532  38.670  -8.568  28.201 0.0000000000
71444  39.101  -7.964  28.916 0.0000000000
71453  39.147  -7.366  28.930 0.0000000000
72421  39.552  -6.810  29.242 0.0000000000
72426  38.979  -6.840  28.645 0.0000000000
73422  38.855  -6.132  28.391 0.0000000000
71464  38.376  -7.717  27.370 0.0000000000
71467  37.938  -9.227  25.978 0.0000000000
71472  38.276  -8.389  26.065 0.0000000000
71473  37.555  -8.260  25.974 0.0000000000
57499  25.757  -22.058  55.012 0.0000000000
58450  26.493  -21.389  55.340 0.0000000000
56632  24.046  -22.703  51.298 0.0000000000
56623  24.338  -22.421  51.964 0.0000000000
56642  24.410  -23.113  50.856 0.0000000000
56656  23.723  -23.022  49.848 0.0000000000
57575  22.170  -21.379  48.667 0.0000000000
57589  22.174  -21.378  47.833 0.0000000000
56690  22.836  -21.745  46.617 0.0000000000
56681  22.846  -21.911  47.447 0.0000000000
56680  23.157  -22.737  47.784 0.0000000000
56689  23.279  -22.610  46.926 0.0000000000
55837  23.511  -22.799  46.228 0.0000000000
56732  22.423  -22.195  43.452 0.0000000000
130793  23.003  -22.500  43.812 0.0000000000
56731  22.907  -22.792  43.074 0.0000000000
124878  22.537  -22.937  42.052 0.0000000000
142873  18.079  -21.058  41.712 0.0000000000
79253  44.739  1.313  25.531 0.0000000000
80239  45.197  1.757  24.083 0.0000000000
80246  45.147  1.668  23.159 0.0000000000
80245  45.948  1.963  23.610 0.0000000000
128695  42.089  0.555  21.093 0.0000000000
79301  42.838  0.917  21.615 0.0000000000
79299  44.386  1.316  20.979 0.0000000000
79298  45.183  1.500  21.064 0.0000000000
79281  46.203  1.661  21.760 0.0000000000
79309  45.960  1.111  20.275 0.0000000000
126278  45.325  0.170  18.703 0.0000000000
78361  46.202  0.181  18.596 0.0000000000
78360  47.043  0.357  18.720 0.0000000000
58550  18.207  -20.091  49.876 0.0000000000
58514  17.305  -20.620  51.783 0.0000000000
128041  17.107  -20.904  52.363 0.0000000000
125396  19.003  -21.093  54.876 0.0000000000
58459  17.694  -21.135  55.349 0.0000000000
57532  17.058  -21.859  54.278 0.0000000000
57517  16.326  -22.081  54.735 0.0000000000
60387  27.420  -19.568  56.645 0.0000000000
58467  23.679  -21.298  54.385 0.0000000000
58482  21.385  -21.082  53.658 0.0000000000
144594  21.765  -20.888  52.578 0.0000000000
58481  22.315  -21.053  53.243 0.0000000000
58511  20.839  -20.575  51.627 0.0000000000
122836  18.905  -20.059  51.376 0.0000000000
58532  19.542  -19.939  50.787 0.0000000000
59496  18.855  -19.998  49.004 0.0000000000
70566  33.835  -9.017  26.131 0.0000000000
78305  41.711  0.227  25.648 0.0000000000
78304  42.334  0.360  25.786 0.0000000000
78314  41.706  0.458  24.847 0.0000000000
77344  38.989  -1.344  26.404 0.0000000000
77355  38.909  -0.862  25.507 0.0000000000
78317  39.580  -0.281  24.776 0.0000000000
78327  39.251  -0.116  23.732 0.0000000000
78326  40.238  0.147  24.046 0.0000000000
58552  16.637  -20.806  49.135 0.0000000000
58568  16.312  -20.872  48.350 0.0000000000
58554  14.448  -20.349  49.490 0.0000000000
57592  13.732  -20.337  47.815 0.0000000000
57577  13.606  -20.118  48.654 0.0000000000
57565  12.411  -20.028  49.631 0.0000000000
146860  11.979  -20.466  49.014 0.0000000000
57579  11.655  -20.966  48.601 0.0000000000
56659  9.969  -22.340  49.131 0.0000000000
56660  9.255  -23.204  48.960 0.0000000000
58461  11.003  -20.939  55.435 0.0000000000
58492  10.177  -19.994  53.729 0.0000000000
125562  8.473  -20.958  53.932 0.0000000000
57556  9.506  -21.328  51.366 0.0000000000
56634  8.925  -22.056  51.029 0.0000000000
142486  3.945  -23.640  59.059 0.0000000000
56564  2.919  -23.793  59.023 0.0000000000
134959  3.076  -24.010  59.101 0.0000000000
69522  30.651  -10.062  34.831 0.0000000000
65496  30.511  -12.938  37.561 0.0000000000
65487  30.163  -13.447  37.728 0.0000000000
65486  30.600  -13.066  38.292 0.0000000000
65472  29.623  -13.361  39.417 0.0000000000
64476  29.234  -13.709  39.319 0.0000000000
64494  28.881  -14.250  39.052 0.0000000000
65427  29.574  -12.284  41.365 0.0000000000
123467  27.306  -12.796  42.681 0.0000000000
126035  27.336  -13.045  41.733 0.0000000000
133261  27.462  -13.485  40.978 0.0000000000
65446  26.738  -13.620  41.661 0.0000000000
65430  26.063  -14.012  42.283 0.0000000000
65413  26.101  -13.845  43.207 0.0000000000
64415  25.290  -15.646  45.342 0.0000000000
64427  25.104  -15.416  44.447 0.0000000000
143374  24.998  -16.456  45.462 0.0000000000
63398  24.539  -17.172  45.129 0.0000000000
63397  25.016  -17.167  45.898 0.0000000000
63377  26.543  -16.329  47.439 0.0000000000
62362  26.098  -17.336  47.675 0.0000000000
60442  25.642  -20.205  47.659 0.0000000000
60443  25.329  -19.402  47.633 0.0000000000
60455  26.037  -20.725  46.762 0.0000000000
58577  30.100  -21.989  46.531 0.0000000000
139306  29.272  -21.322  46.466 0.0000000000
57615  30.982  -22.241  45.837 0.0000000000
58466  28.118  -21.655  54.554 0.0000000000
57510  27.514  -22.065  54.334 0.0000000000
56610  27.991  -22.644  53.134 0.0000000000
57526  28.321  -22.112  53.820 0.0000000000
57509  29.008  -21.977  53.625 0.0000000000
59468  29.232  -20.746  53.628 0.0000000000
58480  29.059  -21.486  53.340 0.0000000000
54794  26.004  -24.340  48.543 0.0000000000
54750  26.152  -24.172  49.696 0.0000000000
55780  26.921  -24.108  49.592 0.0000000000
56626  28.994  -22.505  51.904 0.0000000000
56627  28.527  -23.026  51.494 0.0000000000
127798  29.070  -22.011  52.143 0.0000000000
58495  29.090  -21.426  52.620 0.0000000000
59478  29.275  -19.729  52.022 0.0000000000
60407  29.016  -19.740  51.440 0.0000000000
60412  28.879  -19.326  51.034 0.0000000000
62336  29.071  -17.662  50.673 0.0000000000
61308  28.479  -18.594  50.641 0.0000000000
58544  28.544  -22.562  50.063 0.0000000000
59486  27.984  -20.845  50.588 0.0000000000
57588  28.703  -23.167  48.353 0.0000000000
54844  28.164  -24.482  46.134 0.0000000000
55817  28.823  -24.273  47.417 0.0000000000
55868  29.354  -24.291  44.800 0.0000000000
55835  29.418  -24.100  46.813 0.0000000000
55834  30.165  -23.840  46.528 0.0000000000
56679  30.612  -23.047  47.118 0.0000000000
55850  30.493  -23.726  45.868 0.0000000000
69542  31.919  -9.044  31.689 0.0000000000
139819  32.254  -9.280  31.116 0.0000000000
69543  31.315  -9.364  31.933 0.0000000000
67523  30.883  -9.826  31.861 0.0000000000
67541  29.644  -11.020  31.587 0.0000000000
65519  28.669  -13.620  34.997 0.0000000000
64563  28.328  -14.230  34.464 0.0000000000
64576  27.834  -14.836  33.195 0.0000000000
65532  28.139  -14.126  33.606 0.0000000000
66514  28.649  -12.284  31.686 0.0000000000
65552  27.916  -13.121  31.808 0.0000000000
81235  51.184  2.117  13.448 0.0000000000
82119  51.665  2.807  14.047 0.0000000000
78389  46.734  -0.707  16.145 0.0000000000
69571  36.427  -9.550  29.740 0.0000000000
69572  35.457  -9.697  29.925 0.0000000000
68560  34.481  -9.860  30.201 0.0000000000
68561  33.513  -9.943  30.402 0.0000000000
58584  15.723  -20.667  47.549 0.0000000000
58566  19.776  -19.874  48.356 0.0000000000
58590  18.611  -20.034  46.666 0.0000000000
126495  17.954  -20.973  44.925 0.0000000000
74405  34.811  -5.342  25.570 0.0000000000
73432  37.983  -6.808  26.665 0.0000000000
74394  38.098  -5.818  27.381 0.0000000000
138631  37.865  -6.145  27.030 0.0000000000
134243  37.680  -5.389  27.161 0.0000000000
75416  37.505  -4.154  27.117 0.0000000000
57490  14.933  -22.113  55.858 0.0000000000
124192  13.948  -22.105  54.925 0.0000000000
57503  14.140  -22.217  55.629 0.0000000000
64393  29.468  -14.277  48.709 0.0000000000
63366  28.216  -16.093  49.277 0.0000000000
61318  27.979  -18.195  50.225 0.0000000000
55872  24.161  -23.613  44.530 0.0000000000
55889  24.454  -23.851  43.959 0.0000000000
55871  25.137  -24.166  44.142 0.0000000000
55905  25.306  -24.072  42.382 0.0000000000
63487  28.466  -14.887  37.805 0.0000000000
63488  27.980  -15.527  37.770 0.0000000000
122435  47.492  0.591  19.645 0.0000000000
79307  48.042  1.001  20.196 0.0000000000
80279  49.834  1.486  17.220 0.0000000000
79335  49.222  1.259  17.765 0.0000000000
70548  37.287  -9.808  26.297 0.0000000000
69610  36.623  -10.364  26.773 0.0000000000
131095  34.764  -10.988  27.115 0.0000000000
66552  32.238  -12.137  29.374 0.0000000000
66569  32.387  -11.388  28.860 0.0000000000
66570  31.771  -11.926  29.002 0.0000000000
67586  30.842  -11.901  28.014 0.0000000000
69590  38.314  -9.351  28.703 0.0000000000
70522  38.923  -8.491  29.067 0.0000000000
70533  38.739  -9.368  27.554 0.0000000000
71455  38.640  -8.552  27.429 0.0000000000
71465  38.554  -8.337  26.768 0.0000000000
70546  38.879  -9.223  26.900 0.0000000000
144305  37.914  -10.047  26.219 0.0000000000
56692  11.153  -22.918  46.391 0.0000000000
56682  10.593  -22.790  47.210 0.0000000000
57529  24.634  -22.121  53.621 0.0000000000
143134  23.914  -22.096  52.380 0.0000000000
56644  23.172  -22.509  50.293 0.0000000000
134260  21.395  -20.795  46.600 0.0000000000
57616  22.106  -21.037  46.200 0.0000000000
56703  22.732  -21.805  45.725 0.0000000000
128378  22.898  -22.205  44.996 0.0000000000
56704  22.371  -21.583  44.879 0.0000000000
56749  21.266  -21.971  41.836 0.0000000000
57665  20.339  -21.728  41.334 0.0000000000
63425  24.263  -16.870  43.525 0.0000000000
79259  44.504  1.461  24.576 0.0000000000
79260  43.767  1.180  24.283 0.0000000000
79268  43.745  1.340  23.465 0.0000000000
79283  43.764  1.398  22.645 0.0000000000
140273  43.058  0.285  19.779 0.0000000000
79320  45.331  0.770  19.660 0.0000000000
125603  17.962  -20.165  51.478 0.0000000000
58513  18.761  -20.723  51.944 0.0000000000
126389  20.687  -21.015  52.893 0.0000000000
58497  20.199  -20.939  52.215 0.0000000000
78297  41.857  -0.100  26.623 0.0000000000
78306  41.148  -0.011  25.804 0.0000000000
77356  38.052  -1.138  25.126 0.0000000000
125058  15.871  -20.783  50.788 0.0000000000
58535  15.070  -20.723  50.289 0.0000000000
140070  13.186  -19.890  51.845 0.0000000000
57567  10.632  -21.151  49.647 0.0000000000
57568  9.914  -21.789  49.920 0.0000000000
58477  10.202  -20.801  54.954 0.0000000000
57523  7.853  -21.682  53.465 0.0000000000
64507  30.198  -13.313  38.690 0.0000000000
65479  30.771  -12.849  38.914 0.0000000000
65471  30.152  -13.027  39.487 0.0000000000
65457  29.574  -13.031  39.914 0.0000000000
66353  29.075  -12.361  45.552 0.0000000000
66367  29.015  -11.969  44.477 0.0000000000
66386  28.143  -12.266  42.897 0.0000000000
65412  26.710  -13.331  43.458 0.0000000000
64425  26.113  -14.045  44.655 0.0000000000
61329  26.128  -18.432  48.799 0.0000000000
61336  25.661  -18.406  47.963 0.0000000000
59507  26.115  -20.436  48.406 0.0000000000
59520  27.286  -21.505  47.219 0.0000000000
58578  29.452  -21.876  46.720 0.0000000000
56621  25.819  -22.966  52.467 0.0000000000
132318  27.133  -22.707  53.405 0.0000000000
146370  26.359  -23.118  52.313 0.0000000000
56620  26.947  -23.229  52.172 0.0000000000
56629  26.814  -23.662  51.521 0.0000000000
54793  26.666  -24.659  48.268 0.0000000000
55759  27.506  -24.021  50.280 0.0000000000
55779  27.772  -24.147  49.502 0.0000000000
56641  28.718  -23.411  50.625 0.0000000000
131996  29.047  -22.898  51.069 0.0000000000
57551  29.011  -22.252  51.426 0.0000000000
58528  29.019  -21.848  50.970 0.0000000000
57574  28.948  -23.183  49.501 0.0000000000
56666  29.389  -23.800  48.591 0.0000000000
55885  28.212  -24.338  43.748 0.0000000000
55869  28.500  -24.401  44.627 0.0000000000
55884  29.109  -24.300  43.845 0.0000000000
56728  29.707  -23.902  43.023 0.0000000000
129938  30.566  -9.779  33.924 0.0000000000
68543  30.298  -10.211  33.014 0.0000000000
67514  30.122  -10.790  34.230 0.0000000000
67515  29.668  -11.328  33.902 0.0000000000
131407  29.256  -11.884  33.543 0.0000000000
64552  28.187  -14.928  34.723 0.0000000000
64553  27.904  -15.796  34.082 0.0000000000
81229  50.157  1.898  14.803 0.0000000000
68593  36.965  -11.319  28.095 0.0000000000
134395  36.223  -11.238  28.405 0.0000000000
67581  35.263  -10.792  28.612 0.0000000000
67568  34.396  -10.762  28.865 0.0000000000
146304  34.438  -10.306  29.716 0.0000000000
126014  33.853  -10.618  29.425 0.0000000000
66551  32.713  -11.099  29.267 0.0000000000
66528  32.367  -12.292  29.404 0.0000000000
69567  39.640  -8.364  30.665 0.0000000000
69580  38.612  -8.964  29.581 0.0000000000
124000  37.920  -9.285  29.685 0.0000000000
131109  38.513  -9.024  29.807 0.0000000000
69581  38.120  -9.403  29.116 0.0000000000
57642  14.020  -22.160  43.942 0.0000000000
140392  14.861  -21.229  44.979 0.0000000000
57608  12.932  -21.186  47.059 0.0000000000
57564  22.096  -21.361  50.456 0.0000000000
57590  21.428  -20.802  48.227 0.0000000000
57617  20.603  -20.578  46.026 0.0000000000
58633  19.129  -20.993  43.835 0.0000000000
79286  41.243  0.439  22.448 0.0000000000
143082  41.868  0.666  22.878 0.0000000000
58438  20.172  -20.934  55.947 0.0000000000
74393  38.476  -5.026  27.953 0.0000000000
75395  38.965  -4.063  28.358 0.0000000000
76368  39.609  -3.095  28.579 0.0000000000
76375  40.008  -1.961  28.131 0.0000000000
77332  39.835  -1.522  27.370 0.0000000000
76384  38.946  -1.896  27.242 0.0000000000
76396  36.894  -2.196  25.600 0.0000000000
58488  14.880  -21.324  53.166 0.0000000000
142997  14.357  -20.855  53.296 0.0000000000
137040  11.472  -19.463  52.851 0.0000000000
58445  9.549  -21.037  56.225 0.0000000000
140600  7.838  -21.470  54.254 0.0000000000
55718  6.933  -23.429  52.701 0.0000000000
55719  6.543  -24.110  53.199 0.0000000000
66341  29.362  -12.830  46.491 0.0000000000
65394  28.588  -13.096  46.190 0.0000000000
64413  27.311  -14.010  46.242 0.0000000000
64403  26.902  -14.959  46.381 0.0000000000
62361  26.929  -16.835  48.100 0.0000000000
62360  27.476  -16.328  48.789 0.0000000000
146928  27.157  -17.178  48.743 0.0000000000
60431  26.449  -18.986  49.298 0.0000000000
129233  24.532  -24.010  48.532 0.0000000000
55798  24.608  -23.991  47.595 0.0000000000
131797  25.395  -24.170  48.003 0.0000000000
54814  25.833  -24.351  47.357 0.0000000000
54848  24.817  -23.828  45.839 0.0000000000
145540  25.621  -24.301  46.911 0.0000000000
135115  26.105  -24.397  47.940 0.0000000000
54813  26.444  -24.609  47.510 0.0000000000
146001  26.956  -24.828  47.731 0.0000000000
54812  27.463  -24.724  47.460 0.0000000000
54791  28.206  -24.465  47.966 0.0000000000
54826  27.418  -24.685  46.622 0.0000000000
54845  27.272  -24.663  45.674 0.0000000000
55853  27.552  -24.435  44.609 0.0000000000
55887  26.512  -24.266  43.522 0.0000000000
55886  27.359  -24.320  43.624 0.0000000000
65508  29.756  -13.284  36.297 0.0000000000
65518  29.367  -13.034  35.423 0.0000000000
64540  29.439  -13.819  36.628 0.0000000000
64541  28.783  -14.254  36.160 0.0000000000
64542  28.240  -14.853  35.629 0.0000000000
63516  28.200  -15.411  36.661 0.0000000000
63524  27.714  -16.354  35.439 0.0000000000
80283  49.655  1.517  16.506 0.0000000000
80294  49.529  1.483  15.582 0.0000000000
125914  35.598  -7.412  26.183 0.0000000000
71475  35.303  -8.026  26.290 0.0000000000
70550  34.829  -9.624  26.639 0.0000000000
133544  36.173  -11.354  27.683 0.0000000000
68604  34.001  -10.720  27.338 0.0000000000
67584  32.269  -11.296  28.374 0.0000000000
67596  33.169  -10.838  27.808 0.0000000000
68605  32.962  -10.635  27.504 0.0000000000
70521  39.582  -8.054  29.573 0.0000000000
71443  39.654  -7.488  29.412 0.0000000000
136616  39.214  -5.548  28.712 0.0000000000
73423  38.405  -6.175  27.803 0.0000000000
73430  38.098  -6.393  27.258 0.0000000000
72433  38.146  -7.383  26.812 0.0000000000
143034  38.178  -7.311  26.574 0.0000000000
72441  37.282  -7.337  26.015 0.0000000000
139817  27.927  -20.103  56.179 0.0000000000
144718  27.241  -21.178  55.491 0.0000000000
57498  26.673  -22.035  54.718 0.0000000000
57527  26.342  -22.499  53.568 0.0000000000
56614  25.245  -22.423  52.957 0.0000000000
56613  25.898  -22.657  53.120 0.0000000000
56630  25.501  -23.126  51.821 0.0000000000
55742  24.962  -23.519  50.693 0.0000000000
55783  24.231  -23.631  49.383 0.0000000000
57563  22.503  -22.130  49.971 0.0000000000
56657  23.023  -22.734  49.512 0.0000000000
56669  22.655  -22.143  48.240 0.0000000000
56667  23.564  -23.182  49.188 0.0000000000
55799  23.751  -23.551  48.611 0.0000000000
135181  23.903  -23.782  47.888 0.0000000000
136554  23.730  -23.308  46.658 0.0000000000
55856  23.829  -23.235  44.967 0.0000000000
56717  23.344  -22.665  44.502 0.0000000000
55873  23.812  -23.210  44.152 0.0000000000
55891  23.656  -23.128  43.330 0.0000000000
148348  23.012  -23.215  41.606 0.0000000000
64459  26.292  -14.442  40.550 0.0000000000
80254  46.851  1.948  22.228 0.0000000000
79285  42.480  0.925  22.707 0.0000000000
123096  44.374  1.481  21.893 0.0000000000
79280  46.862  1.499  21.197 0.0000000000
79296  47.260  1.168  20.598 0.0000000000
79308  47.094  0.821  20.165 0.0000000000
134019  46.595  0.832  20.030 0.0000000000
147309  47.637  0.436  18.793 0.0000000000
78381  47.317  0.217  17.802 0.0000000000
58567  17.221  -20.646  48.492 0.0000000000
58551  17.176  -20.323  49.830 0.0000000000
58534  16.837  -20.570  50.969 0.0000000000
58500  16.265  -21.059  52.413 0.0000000000
57545  16.192  -21.686  53.197 0.0000000000
58472  18.363  -21.012  54.315 0.0000000000
122535  17.674  -21.150  53.894 0.0000000000
58458  18.579  -21.099  55.660 0.0000000000
58473  17.670  -21.225  54.640 0.0000000000
58486  16.939  -21.562  53.543 0.0000000000
57518  15.545  -22.208  54.439 0.0000000000
57489  15.643  -22.056  56.158 0.0000000000
61273  28.959  -18.105  56.151 0.0000000000
59452  28.134  -19.316  56.329 0.0000000000
59453  27.118  -20.209  56.318 0.0000000000
58451  25.530  -21.308  55.443 0.0000000000
57500  24.979  -21.858  55.065 0.0000000000
57514  23.867  -21.939  53.953 0.0000000000
57543  22.615  -21.313  52.499 0.0000000000
130669  22.770  -21.152  53.665 0.0000000000
57544  22.281  -21.084  51.939 0.0000000000
58530  21.581  -20.605  50.999 0.0000000000
125969  20.052  -19.958  50.096 0.0000000000
126932  34.670  -7.398  25.919 0.0000000000
79246  44.971  1.126  26.543 0.0000000000
78303  43.117  0.546  25.966 0.0000000000
79255  43.066  0.750  25.017 0.0000000000
79262  42.239  0.632  24.184 0.0000000000
77342  40.561  -0.654  26.616 0.0000000000
78307  40.507  -0.251  25.784 0.0000000000
78325  41.045  0.347  24.220 0.0000000000
79271  41.467  0.512  23.491 0.0000000000
58569  15.490  -20.638  48.269 0.0000000000
57591  14.750  -20.370  47.688 0.0000000000
58517  14.584  -20.729  51.790 0.0000000000
58536  14.421  -20.493  50.895 0.0000000000
58537  13.609  -19.974  50.405 0.0000000000
58555  13.501  -20.016  49.493 0.0000000000
57594  12.114  -21.539  47.481 0.0000000000
57580  10.855  -21.693  48.956 0.0000000000
56670  10.315  -22.410  48.238 0.0000000000
58475  12.086  -20.182  54.329 0.0000000000
141187  9.995  -20.419  54.361 0.0000000000
58493  9.335  -20.576  53.723 0.0000000000
58505  10.408  -19.845  52.805 0.0000000000
57555  9.712  -21.578  50.757 0.0000000000
55629  4.673  -23.541  57.458 0.0000000000
55645  4.042  -24.089  57.580 0.0000000000
55631  3.465  -24.404  57.878 0.0000000000
55612  3.838  -24.024  58.694 0.0000000000
66464  30.292  -11.868  35.966 0.0000000000
138417  30.442  -12.274  36.596 0.0000000000
65497  30.000  -13.395  37.077 0.0000000000
144273  29.449  -13.835  38.216 0.0000000000
64508  29.679  -13.577  38.753 0.0000000000
64509  29.238  -13.921  38.732 0.0000000000
64510  28.979  -14.338  38.548 0.0000000000
64478  27.831  -14.300  39.595 0.0000000000
146998  29.240  -13.009  40.166 0.0000000000
122527  28.884  -12.559  41.134 0.0000000000
128956  28.873  -13.015  40.446 0.0000000000
65459  28.290  -13.621  40.245 0.0000000000
65460  27.252  -13.984  40.325 0.0000000000
65447  26.086  -14.209  41.388 0.0000000000
64444  25.374  -14.746  41.904 0.0000000000
64426  25.657  -14.518  43.967 0.0000000000
64435  24.920  -15.336  43.470 0.0000000000
63424  24.597  -16.163  43.936 0.0000000000
63411  24.322  -17.024  44.332 0.0000000000
136823  24.736  -19.073  46.063 0.0000000000
63388  26.268  -15.786  46.677 0.0000000000
62363  25.348  -17.883  47.267 0.0000000000
62370  24.957  -18.038  46.458 0.0000000000
137921  25.197  -19.862  45.929 0.0000000000
129734  25.926  -20.469  45.955 0.0000000000
59533  27.977  -21.121  46.324 0.0000000000
59463  28.311  -20.540  55.501 0.0000000000
59462  29.030  -20.261  55.151 0.0000000000
60394  29.529  -19.766  54.640 0.0000000000
58465  28.705  -21.657  54.131 0.0000000000
59466  29.188  -20.548  54.355 0.0000000000
143560  30.088  -19.118  52.868 0.0000000000
55781  25.459  -24.124  49.580 0.0000000000
56628  27.570  -23.370  51.533 0.0000000000
56618  28.567  -22.506  52.423 0.0000000000
137322  29.219  -20.888  53.046 0.0000000000
139315  29.680  -19.718  52.691 0.0000000000
60398  29.756  -19.026  52.319 0.0000000000
59479  29.026  -20.430  51.651 0.0000000000
61307  29.388  -17.878  51.460 0.0000000000
62344  29.033  -17.260  49.922 0.0000000000
60421  27.721  -19.182  50.266 0.0000000000
59487  27.541  -20.255  50.131 0.0000000000
58546  27.507  -21.186  49.833 0.0000000000
138673  28.994  -24.240  48.091 0.0000000000
55796  29.394  -24.030  48.454 0.0000000000
55816  29.541  -24.039  47.764 0.0000000000
128110  28.932  -24.342  46.169 0.0000000000
55795  29.797  -23.719  48.017 0.0000000000
57587  29.629  -23.199  47.710 0.0000000000
58561  29.562  -22.651  47.116 0.0000000000
57602  30.274  -22.716  47.029 0.0000000000
56687  30.920  -22.738  46.640 0.0000000000
139322  30.810  -23.557  45.226 0.0000000000
56700  31.126  -23.066  45.881 0.0000000000
70491  33.271  -9.125  30.848 0.0000000000
69559  32.950  -9.547  30.678 0.0000000000
68562  32.532  -9.916  30.530 0.0000000000
67522  31.513  -9.968  30.864 0.0000000000
147808  31.273  -10.513  30.415 0.0000000000
66512  30.537  -10.868  30.260 0.0000000000
65530  28.897  -13.066  34.618 0.0000000000
140471  28.877  -12.682  33.757 0.0000000000
66504  29.020  -11.911  32.498 0.0000000000
137978  29.010  -11.802  30.560 0.0000000000
78401  47.224  -0.971  15.448 0.0000000000
54773  25.888  -24.265  49.147 0.0000000000
54792  27.394  -24.741  48.194 0.0000000000
54862  26.004  -24.441  45.135 0.0000000000
55760  26.606  -24.049  50.376 0.0000000000
55777  29.234  -24.009  49.149 0.0000000000
55800  23.454  -23.328  48.052 0.0000000000
55851  29.624  -24.150  45.802 0.0000000000
56612  26.538  -23.002  52.900 0.0000000000
56619  27.890  -23.011  52.288 0.0000000000
56631  24.835  -23.042  51.441 0.0000000000
56633  23.382  -22.282  51.053 0.0000000000
56678  30.680  -22.657  46.898 0.0000000000
56716  29.972  -24.120  44.084 0.0000000000
57513  24.390  -21.844  54.459 0.0000000000
57515  23.312  -21.414  53.764 0.0000000000
57528  25.575  -22.237  53.619 0.0000000000
57542  23.184  -21.998  52.491 0.0000000000
58432  26.036  -21.050  56.116 0.0000000000
58449  27.354  -21.692  55.014 0.0000000000
59464  27.586  -20.802  55.920 0.0000000000
64491  30.168  -13.190  39.088 0.0000000000
65403  26.245  -13.779  43.980 0.0000000000
65507  30.275  -12.818  36.821 0.0000000000
68530  30.586  -10.656  35.673 0.0000000000
69602  36.928  -10.924  27.040 0.0000000000
70547  38.533  -9.672  26.505 0.0000000000
72427  38.523  -6.929  27.937 0.0000000000
72434  38.393  -8.005  26.434 0.0000000000
74403  36.864  -5.329  26.769 0.0000000000
76388  36.213  -3.530  26.174 0.0000000000
78315  41.170  0.297  25.003 0.0000000000
79284  43.195  1.212  22.590 0.0000000000
124526  26.818  -24.372  44.229 0.0000000000
126965  25.282  -24.094  46.492 0.0000000000
128438  23.929  -23.180  45.837 0.0000000000
136620  38.830  -5.498  28.281 0.0000000000
140493  32.057  -12.555  29.044 0.0000000000
145588  21.369  -20.784  46.118 0.0000000000
145928  27.590  -22.370  53.750 0.0000000000
146333  29.680  -23.540  48.068 0.0000000000
