#!ascii label  , from subject chris_t1_4 vox2ras=TkReg
1192
65289  9.498  -14.525  57.818 0.0000000000
136068  3.578  -24.948  44.454 0.0000000000
62270  2.675  -18.599  57.560 0.0000000000
63346  3.585  -15.939  49.943 0.0000000000
63479  5.340  -17.299  40.133 0.0000000000
64285  4.965  -15.779  59.965 0.0000000000
68278  4.016  -13.487  55.443 0.0000000000
62258  13.164  -18.203  59.015 0.0000000000
60342  8.213  -19.130  60.371 0.0000000000
126963  4.721  -20.823  59.235 0.0000000000
68406  5.228  -12.061  47.168 0.0000000000
62382  2.926  -16.446  45.546 0.0000000000
66405  7.553  -13.811  43.166 0.0000000000
58464  1.897  -21.741  55.757 0.0000000000
60408  2.610  -20.341  52.081 0.0000000000
63321  2.780  -16.584  54.873 0.0000000000
145101  4.028  -12.584  51.602 0.0000000000
60446  4.943  -19.659  47.724 0.0000000000
59573  7.158  -20.583  41.221 0.0000000000
136406  3.809  -20.867  36.468 0.0000000000
63535  5.444  -16.177  34.441 0.0000000000
123269  7.039  -15.741  57.165 0.0000000000
67242  6.596  -13.666  55.905 0.0000000000
64300  11.853  -15.650  57.539 0.0000000000
61251  10.261  -18.604  59.948 0.0000000000
63269  9.316  -16.936  58.277 0.0000000000
63247  6.757  -16.728  58.946 0.0000000000
67403  6.098  -12.716  45.368 0.0000000000
134128  1.655  -20.332  57.032 0.0000000000
61278  2.485  -19.391  55.928 0.0000000000
63299  2.492  -17.297  56.257 0.0000000000
70277  6.004  -11.980  54.612 0.0000000000
145674  4.068  -12.604  53.744 0.0000000000
136361  3.385  -19.237  58.434 0.0000000000
58389  3.371  -21.592  58.323 0.0000000000
59436  2.464  -20.467  57.544 0.0000000000
57480  1.953  -22.076  56.799 0.0000000000
61289  3.702  -18.376  52.518 0.0000000000
60425  2.751  -20.038  49.759 0.0000000000
62346  5.134  -17.880  49.734 0.0000000000
129847  3.654  -16.527  43.020 0.0000000000
61380  4.559  -18.609  43.997 0.0000000000
60493  4.729  -18.779  41.409 0.0000000000
57710  5.373  -21.068  38.588 0.0000000000
61413  4.551  -19.102  38.909 0.0000000000
63264  3.514  -17.534  58.620 0.0000000000
128242  2.833  -16.014  57.157 0.0000000000
66210  4.204  -15.262  57.476 0.0000000000
69292  6.210  -12.789  55.630 0.0000000000
59417  13.814  -19.918  59.686 0.0000000000
58427  12.513  -21.180  57.254 0.0000000000
59432  11.595  -20.333  59.187 0.0000000000
58402  9.080  -20.869  59.064 0.0000000000
58385  6.235  -20.111  60.232 0.0000000000
62244  5.228  -17.954  59.511 0.0000000000
67345  2.879  -13.686  48.058 0.0000000000
63379  2.301  -16.175  47.353 0.0000000000
66360  2.688  -14.409  46.199 0.0000000000
126464  4.144  -14.661  43.624 0.0000000000
64464  5.722  -15.717  41.373 0.0000000000
67229  10.918  -13.286  59.866 0.0000000000
58409  16.132  -21.013  58.374 0.0000000000
61255  17.054  -18.264  59.310 0.0000000000
142619  14.725  -16.804  60.126 0.0000000000
64281  13.000  -15.081  59.230 0.0000000000
135811  -0.046  -23.560  54.206 0.0000000000
57550  1.690  -22.876  52.812 0.0000000000
59472  2.232  -21.350  53.663 0.0000000000
61284  2.948  -18.935  53.752 0.0000000000
64359  3.565  -15.890  53.228 0.0000000000
67255  2.750  -14.709  55.302 0.0000000000
67284  3.379  -14.103  53.706 0.0000000000
66296  3.349  -14.115  51.002 0.0000000000
68374  4.415  -12.188  49.058 0.0000000000
143850  2.303  -22.133  50.016 0.0000000000
59527  2.998  -21.919  47.879 0.0000000000
58624  4.018  -22.171  44.457 0.0000000000
61345  5.207  -18.053  46.544 0.0000000000
59545  6.681  -19.906  45.338 0.0000000000
56753  5.776  -23.727  42.533 0.0000000000
55969  6.067  -24.480  38.726 0.0000000000
56841  5.228  -23.829  36.561 0.0000000000
65461  9.117  -14.545  40.848 0.0000000000
64499  7.358  -16.386  39.129 0.0000000000
64534  8.021  -15.627  36.272 0.0000000000
62470  5.807  -18.185  37.157 0.0000000000
128698  3.926  -18.891  35.296 0.0000000000
64332  8.018  -15.275  56.729 0.0000000000
66224  7.614  -14.393  56.564 0.0000000000
66206  8.467  -13.739  58.576 0.0000000000
64314  10.528  -15.580  57.087 0.0000000000
63279  10.324  -16.521  57.059 0.0000000000
63297  9.657  -16.128  56.854 0.0000000000
63282  8.050  -16.499  57.860 0.0000000000
54892  3.739  -25.522  43.515 0.0000000000
55929  4.127  -25.102  42.896 0.0000000000
60373  2.382  -19.753  57.135 0.0000000000
61272  2.433  -19.296  56.725 0.0000000000
62285  2.490  -18.637  57.040 0.0000000000
57491  13.737  -22.155  56.277 0.0000000000
61253  2.957  -19.107  58.089 0.0000000000
60356  2.783  -19.794  58.064 0.0000000000
129669  2.635  -19.625  57.742 0.0000000000
59437  2.072  -20.894  57.045 0.0000000000
63334  4.008  -16.449  52.235 0.0000000000
62337  4.558  -17.578  51.217 0.0000000000
63356  4.187  -16.645  50.675 0.0000000000
63452  4.203  -16.469  42.073 0.0000000000
61389  4.148  -17.609  42.537 0.0000000000
61396  4.551  -17.850  40.858 0.0000000000
60498  4.659  -18.771  40.264 0.0000000000
62444  4.961  -17.979  39.820 0.0000000000
64286  4.963  -16.596  59.036 0.0000000000
65275  4.314  -16.434  58.503 0.0000000000
136785  4.760  -15.673  57.779 0.0000000000
68262  5.940  -13.580  55.801 0.0000000000
69307  6.979  -11.751  55.693 0.0000000000
61248  13.336  -18.804  59.498 0.0000000000
59431  12.528  -20.391  59.128 0.0000000000
60353  11.732  -19.376  59.658 0.0000000000
61252  9.347  -18.752  60.303 0.0000000000
141392  9.514  -19.664  60.171 0.0000000000
126797  8.860  -19.829  60.202 0.0000000000
60343  7.435  -19.257  60.127 0.0000000000
64273  5.337  -15.790  59.823 0.0000000000
62243  5.602  -17.786  59.332 0.0000000000
63250  5.127  -16.732  59.457 0.0000000000
62251  4.498  -17.775  59.284 0.0000000000
68394  3.459  -13.113  47.838 0.0000000000
67360  2.736  -13.822  47.464 0.0000000000
67375  4.128  -13.091  46.854 0.0000000000
66389  6.196  -13.623  44.082 0.0000000000
66371  4.671  -13.820  44.895 0.0000000000
65415  5.604  -14.335  43.491 0.0000000000
65434  4.614  -15.025  42.954 0.0000000000
65449  6.701  -15.130  42.147 0.0000000000
62256  15.290  -17.308  60.221 0.0000000000
57524  1.261  -22.847  55.008 0.0000000000
127509  1.407  -22.572  54.200 0.0000000000
58479  1.892  -22.119  55.030 0.0000000000
124414  2.567  -17.866  55.723 0.0000000000
61280  2.634  -19.017  54.797 0.0000000000
62312  2.870  -17.525  54.853 0.0000000000
62317  3.396  -17.449  53.829 0.0000000000
63325  3.187  -16.236  54.133 0.0000000000
67246  3.347  -14.564  56.519 0.0000000000
66230  2.655  -14.874  56.021 0.0000000000
145589  3.062  -13.947  55.704 0.0000000000
69369  3.978  -12.536  52.939 0.0000000000
68326  3.472  -13.416  53.368 0.0000000000
68343  3.536  -13.359  52.679 0.0000000000
143325  3.576  -14.114  52.371 0.0000000000
69384  3.592  -12.945  51.183 0.0000000000
68375  3.598  -12.825  49.629 0.0000000000
69383  4.278  -12.345  50.411 0.0000000000
124506  11.125  -21.025  56.860 0.0000000000
143136  11.647  -20.992  55.635 0.0000000000
58392  5.278  -21.384  60.197 0.0000000000
56561  4.934  -23.085  59.180 0.0000000000
135464  4.497  -22.216  59.881 0.0000000000
57471  3.188  -22.221  57.988 0.0000000000
56556  3.473  -23.049  58.032 0.0000000000
58430  1.809  -21.886  56.680 0.0000000000
57496  1.582  -22.686  55.937 0.0000000000
59480  2.266  -21.504  52.618 0.0000000000
58539  2.328  -22.143  51.483 0.0000000000
59489  2.679  -21.171  50.778 0.0000000000
60435  3.615  -19.808  48.717 0.0000000000
60449  3.203  -20.504  48.661 0.0000000000
59524  3.491  -20.530  47.480 0.0000000000
58608  3.815  -22.117  46.503 0.0000000000
59537  4.618  -20.563  46.491 0.0000000000
63389  2.277  -16.219  46.701 0.0000000000
62365  3.810  -17.138  47.714 0.0000000000
122622  3.202  -17.046  46.043 0.0000000000
60486  6.173  -19.559  42.649 0.0000000000
60476  6.575  -19.191  44.382 0.0000000000
59562  7.567  -20.423  43.033 0.0000000000
58638  7.177  -21.620  43.628 0.0000000000
57688  7.651  -22.423  41.343 0.0000000000
56801  6.278  -24.153  40.512 0.0000000000
57706  7.173  -22.542  39.489 0.0000000000
57722  4.597  -21.320  37.358 0.0000000000
56823  5.483  -22.337  37.349 0.0000000000
57742  5.147  -22.413  36.467 0.0000000000
66428  10.086  -13.871  39.524 0.0000000000
64480  8.178  -15.514  40.142 0.0000000000
64513  9.461  -15.068  38.730 0.0000000000
65512  5.950  -14.243  34.868 0.0000000000
137924  6.519  -16.479  35.191 0.0000000000
62491  7.247  -17.107  36.105 0.0000000000
62493  5.782  -17.601  35.370 0.0000000000
62482  4.874  -18.475  36.173 0.0000000000
62495  4.449  -18.136  34.910 0.0000000000
64295  5.520  -15.606  58.719 0.0000000000
65281  5.327  -15.652  58.134 0.0000000000
65299  5.966  -15.174  56.593 0.0000000000
62281  12.517  -17.168  57.705 0.0000000000
62259  12.159  -18.389  58.902 0.0000000000
62268  10.942  -17.774  58.290 0.0000000000
62269  9.852  -17.332  58.673 0.0000000000
62261  8.906  -17.671  59.198 0.0000000000
127219  7.980  -18.121  59.020 0.0000000000
63261  8.398  -17.135  58.934 0.0000000000
64293  6.591  -16.343  58.967 0.0000000000
68405  5.932  -11.812  46.645 0.0000000000
67389  5.517  -12.797  45.995 0.0000000000
68437  6.773  -11.919  45.367 0.0000000000
67402  7.246  -11.966  44.839 0.0000000000
67412  8.074  -12.248  43.837 0.0000000000
136818  1.181  -21.047  56.782 0.0000000000
135780  2.276  -20.485  55.769 0.0000000000
60388  2.424  -19.932  56.240 0.0000000000
62308  2.508  -17.943  55.798 0.0000000000
146238  2.504  -16.744  55.811 0.0000000000
70270  5.182  -12.705  54.868 0.0000000000
69311  4.086  -13.241  54.868 0.0000000000
70289  4.966  -12.312  53.916 0.0000000000
70300  5.154  -12.318  53.059 0.0000000000
69368  5.113  -12.477  52.225 0.0000000000
69381  5.465  -12.062  50.614 0.0000000000
60339  4.200  -19.708  58.998 0.0000000000
58388  4.241  -20.871  58.806 0.0000000000
59415  3.330  -20.153  58.430 0.0000000000
58390  2.891  -20.625  58.126 0.0000000000
57475  2.371  -22.085  57.361 0.0000000000
56566  2.061  -22.932  57.159 0.0000000000
58406  2.258  -21.135  57.219 0.0000000000
58419  1.266  -21.082  56.812 0.0000000000
61302  2.910  -19.510  52.223 0.0000000000
60415  2.960  -19.983  50.809 0.0000000000
61311  3.416  -19.170  51.397 0.0000000000
61321  4.298  -19.128  50.252 0.0000000000
61331  5.207  -18.979  48.949 0.0000000000
136498  3.157  -16.404  44.176 0.0000000000
148144  3.611  -17.184  44.905 0.0000000000
61383  3.882  -17.419  43.538 0.0000000000
60488  4.854  -19.025  42.629 0.0000000000
59575  5.540  -19.971  41.443 0.0000000000
58672  5.927  -21.080  40.137 0.0000000000
58675  5.190  -19.809  39.830 0.0000000000
127967  4.469  -19.848  38.777 0.0000000000
60515  3.981  -19.903  37.391 0.0000000000
64555  4.925  -15.676  33.919 0.0000000000
63537  3.934  -16.714  33.544 0.0000000000
64568  3.820  -15.978  32.913 0.0000000000
133506  2.983  -18.237  58.169 0.0000000000
64297  2.659  -17.440  57.408 0.0000000000
65285  3.164  -16.501  57.858 0.0000000000
66212  3.370  -15.701  57.479 0.0000000000
67245  3.870  -14.327  56.529 0.0000000000
127685  4.764  -14.544  56.560 0.0000000000
67243  4.969  -14.057  55.947 0.0000000000
68268  4.964  -13.600  55.626 0.0000000000
70268  5.923  -12.088  55.099 0.0000000000
58397  13.832  -21.022  58.889 0.0000000000
58426  13.113  -21.207  57.670 0.0000000000
141377  13.029  -21.057  58.546 0.0000000000
60354  10.800  -19.305  60.027 0.0000000000
59433  10.629  -20.285  59.364 0.0000000000
58416  9.454  -21.014  58.476 0.0000000000
57466  5.736  -21.530  60.176 0.0000000000
58386  5.394  -20.688  60.070 0.0000000000
61234  6.546  -18.294  59.342 0.0000000000
60336  5.698  -18.946  59.643 0.0000000000
59407  5.084  -19.637  59.567 0.0000000000
61238  4.058  -18.874  58.957 0.0000000000
62253  3.581  -18.477  58.692 0.0000000000
65365  3.046  -15.125  48.995 0.0000000000
63358  2.997  -15.895  48.863 0.0000000000
132450  2.157  -14.965  47.627 0.0000000000
129797  1.950  -15.077  46.834 0.0000000000
64416  2.474  -15.489  45.541 0.0000000000
66357  4.579  -13.598  45.726 0.0000000000
123307  3.400  -14.305  45.270 0.0000000000
134698  2.862  -15.167  44.526 0.0000000000
64449  3.529  -15.845  43.063 0.0000000000
64466  4.542  -15.900  42.076 0.0000000000
64484  5.596  -16.236  40.798 0.0000000000
65271  9.261  -14.226  59.635 0.0000000000
132970  15.172  -21.483  57.363 0.0000000000
62280  17.566  -18.357  57.536 0.0000000000
127511  17.089  -17.468  58.180 0.0000000000
60358  17.477  -18.995  58.617 0.0000000000
144823  17.109  -19.626  59.017 0.0000000000
59427  16.218  -19.943  59.315 0.0000000000
58396  14.764  -20.974  58.983 0.0000000000
135022  14.155  -18.722  60.027 0.0000000000
62257  13.888  -17.924  59.617 0.0000000000
63258  13.797  -16.059  59.876 0.0000000000
63259  13.331  -15.947  59.317 0.0000000000
64299  12.655  -15.789  57.903 0.0000000000
64292  11.353  -15.072  58.535 0.0000000000
58506  2.040  -21.993  53.116 0.0000000000
60400  2.431  -20.513  53.174 0.0000000000
60395  2.471  -20.102  54.653 0.0000000000
61286  2.563  -19.734  54.294 0.0000000000
61292  2.679  -19.603  53.209 0.0000000000
62323  3.240  -18.485  53.574 0.0000000000
63328  3.713  -16.935  53.163 0.0000000000
64362  3.806  -15.583  51.986 0.0000000000
64319  2.497  -16.856  56.217 0.0000000000
134317  2.485  -16.298  55.837 0.0000000000
65325  2.601  -15.746  55.299 0.0000000000
68293  3.272  -13.762  54.553 0.0000000000
66242  2.995  -14.395  54.761 0.0000000000
65334  3.308  -15.207  54.204 0.0000000000
65342  3.590  -14.892  53.221 0.0000000000
65348  3.603  -14.814  52.150 0.0000000000
65357  3.388  -14.771  50.328 0.0000000000
137091  3.260  -13.902  49.264 0.0000000000
144501  3.442  -13.012  48.924 0.0000000000
124118  4.390  -12.254  48.120 0.0000000000
68372  5.766  -11.698  49.206 0.0000000000
136022  5.589  -11.716  48.550 0.0000000000
68392  6.024  -11.692  47.332 0.0000000000
55630  4.269  -23.500  58.430 0.0000000000
57469  4.155  -22.264  58.917 0.0000000000
60438  2.972  -20.723  49.654 0.0000000000
58571  2.495  -22.005  49.001 0.0000000000
57657  4.258  -23.283  44.832 0.0000000000
62357  3.261  -16.564  48.188 0.0000000000
62364  4.920  -17.476  48.025 0.0000000000
61337  5.678  -18.595  47.644 0.0000000000
61359  4.173  -18.098  45.230 0.0000000000
61367  6.230  -18.854  45.592 0.0000000000
59536  5.584  -20.194  46.320 0.0000000000
58623  5.023  -21.643  44.903 0.0000000000
58640  4.812  -21.905  44.071 0.0000000000
56755  4.608  -24.335  43.361 0.0000000000
56803  5.020  -24.818  41.750 0.0000000000
57719  5.885  -22.226  38.138 0.0000000000
56832  5.697  -23.967  37.355 0.0000000000
66403  9.255  -13.291  42.333 0.0000000000
67430  10.003  -12.817  41.885 0.0000000000
65431  8.775  -14.170  41.865 0.0000000000
134864  7.309  -15.308  41.422 0.0000000000
64482  6.661  -15.948  40.507 0.0000000000
63477  6.318  -16.652  39.823 0.0000000000
63491  8.418  -16.121  37.776 0.0000000000
62455  6.701  -17.443  38.104 0.0000000000
63495  5.810  -17.620  39.007 0.0000000000
62472  4.978  -18.794  37.654 0.0000000000
61425  4.142  -19.499  37.069 0.0000000000
60538  3.489  -19.828  35.853 0.0000000000
135472  3.229  -19.204  34.286 0.0000000000
123969  8.846  -14.781  57.142 0.0000000000
66223  8.229  -14.473  57.032 0.0000000000
65290  8.633  -14.267  57.804 0.0000000000
65288  10.163  -15.082  57.372 0.0000000000
64315  9.904  -15.603  56.981 0.0000000000
65296  9.497  -15.070  57.127 0.0000000000
64316  8.861  -15.458  56.992 0.0000000000
55911  3.674  -25.183  44.046 0.0000000000
124907  3.943  -25.242  43.103 0.0000000000
56780  3.931  -24.865  43.741 0.0000000000
61257  2.643  -19.048  57.474 0.0000000000
128062  14.071  -22.125  56.803 0.0000000000
142561  14.338  -22.152  56.314 0.0000000000
61254  2.798  -19.068  57.833 0.0000000000
135887  2.837  -19.680  58.189 0.0000000000
63345  3.899  -16.152  51.013 0.0000000000
63463  4.829  -16.733  41.174 0.0000000000
62418  4.322  -17.253  41.635 0.0000000000
63480  4.958  -17.420  40.510 0.0000000000
61402  4.793  -18.021  40.146 0.0000000000
65274  5.106  -16.186  58.668 0.0000000000
60352  12.686  -19.383  59.466 0.0000000000
61249  12.383  -18.940  59.233 0.0000000000
61239  8.734  -18.681  60.292 0.0000000000
60341  8.961  -19.232  60.539 0.0000000000
59422  8.385  -19.538  60.412 0.0000000000
131326  8.091  -20.008  60.231 0.0000000000
59409  7.746  -19.629  60.340 0.0000000000
135593  5.199  -15.729  60.106 0.0000000000
63249  5.351  -16.303  59.545 0.0000000000
64274  5.257  -15.817  59.779 0.0000000000
64275  4.986  -16.186  59.535 0.0000000000
68407  4.432  -12.586  47.324 0.0000000000
67358  3.730  -13.091  47.337 0.0000000000
67374  4.782  -12.591  46.880 0.0000000000
66406  6.856  -13.732  43.611 0.0000000000
65414  6.297  -14.208  43.416 0.0000000000
65433  6.065  -14.793  42.835 0.0000000000
65432  6.845  -14.392  42.930 0.0000000000
57508  1.640  -22.441  55.662 0.0000000000
63322  2.641  -17.227  55.414 0.0000000000
62313  2.688  -18.125  55.210 0.0000000000
67250  3.544  -14.065  56.208 0.0000000000
67251  3.013  -14.215  56.077 0.0000000000
68270  3.487  -13.764  55.723 0.0000000000
124153  4.096  -12.582  52.207 0.0000000000
131973  3.788  -12.744  52.641 0.0000000000
69377  3.846  -12.764  51.845 0.0000000000
69378  3.701  -12.936  52.203 0.0000000000
128476  3.922  -12.608  50.996 0.0000000000
146317  3.957  -12.521  50.350 0.0000000000
58387  5.026  -21.128  59.794 0.0000000000
57468  4.818  -21.734  60.127 0.0000000000
57464  4.557  -21.529  59.268 0.0000000000
56557  2.972  -23.100  57.710 0.0000000000
58446  1.809  -21.906  56.041 0.0000000000
141790  1.673  -22.462  56.199 0.0000000000
129668  1.281  -23.219  55.687 0.0000000000
60409  2.379  -20.852  52.484 0.0000000000
133393  2.323  -21.520  51.958 0.0000000000
60417  2.486  -20.995  51.620 0.0000000000
60447  3.815  -19.888  47.862 0.0000000000
60448  3.114  -20.200  48.210 0.0000000000
59523  4.158  -20.097  47.130 0.0000000000
59538  3.716  -20.828  46.706 0.0000000000
63399  2.609  -16.142  45.933 0.0000000000
62373  2.625  -16.787  46.628 0.0000000000
62388  3.259  -16.824  45.542 0.0000000000
59566  6.751  -20.092  42.094 0.0000000000
60485  7.008  -19.583  42.923 0.0000000000
59572  7.566  -20.579  41.918 0.0000000000
58653  7.777  -20.931  42.395 0.0000000000
58661  7.732  -21.203  41.336 0.0000000000
57700  7.611  -22.348  40.632 0.0000000000
58670  7.558  -21.746  40.561 0.0000000000
58710  4.137  -21.082  36.965 0.0000000000
57732  4.639  -21.731  36.718 0.0000000000
57743  4.753  -21.944  36.064 0.0000000000
66427  10.189  -13.280  39.081 0.0000000000
139086  10.057  -13.910  38.821 0.0000000000
65480  9.823  -14.459  39.090 0.0000000000
65488  9.691  -14.329  38.209 0.0000000000
64545  6.160  -15.066  34.891 0.0000000000
63526  6.000  -16.818  34.913 0.0000000000
62492  6.613  -17.250  35.631 0.0000000000
62505  5.313  -17.139  34.608 0.0000000000
62494  5.047  -17.906  35.179 0.0000000000
62506  4.631  -17.335  34.339 0.0000000000
64303  6.172  -15.639  57.691 0.0000000000
64304  5.437  -15.411  57.703 0.0000000000
64318  6.773  -15.389  56.630 0.0000000000
67240  8.191  -13.382  57.322 0.0000000000
63277  12.278  -16.340  57.547 0.0000000000
62267  11.960  -17.875  58.163 0.0000000000
62282  11.699  -17.178  57.536 0.0000000000
62284  9.995  -16.909  57.750 0.0000000000
137916  9.346  -17.729  59.258 0.0000000000
63260  9.030  -17.143  59.155 0.0000000000
129153  7.777  -15.944  57.191 0.0000000000
63271  7.491  -16.758  58.781 0.0000000000
64302  7.052  -16.102  58.257 0.0000000000
64294  6.127  -15.859  59.069 0.0000000000
122939  6.515  -11.666  46.050 0.0000000000
68445  7.839  -11.702  44.532 0.0000000000
67413  7.338  -12.429  44.314 0.0000000000
59461  1.926  -20.127  56.917 0.0000000000
60385  2.221  -20.015  56.818 0.0000000000
62303  2.480  -17.881  56.284 0.0000000000
62304  2.478  -18.539  56.384 0.0000000000
63310  2.498  -17.226  55.982 0.0000000000
70278  5.559  -12.353  54.688 0.0000000000
70279  5.158  -12.416  54.375 0.0000000000
70288  5.425  -12.164  54.237 0.0000000000
69354  5.760  -12.050  53.354 0.0000000000
69374  5.621  -12.295  51.538 0.0000000000
132654  3.678  -19.727  58.632 0.0000000000
59414  3.883  -20.246  58.718 0.0000000000
59426  2.731  -20.258  58.027 0.0000000000
58394  2.645  -21.176  57.730 0.0000000000
60362  2.155  -20.147  57.046 0.0000000000
59441  1.821  -20.510  56.888 0.0000000000
146882  1.460  -20.445  57.042 0.0000000000
59451  1.271  -20.481  56.931 0.0000000000
61290  3.117  -18.925  52.851 0.0000000000
61301  3.155  -19.187  51.963 0.0000000000
61300  3.888  -18.670  51.772 0.0000000000
62347  4.761  -17.298  50.282 0.0000000000
61309  4.778  -18.299  50.611 0.0000000000
61320  5.025  -18.664  49.721 0.0000000000
61330  5.319  -18.236  49.000 0.0000000000
63438  3.305  -16.262  43.575 0.0000000000
132010  3.595  -16.862  44.062 0.0000000000
62397  3.765  -16.966  43.262 0.0000000000
60489  4.433  -18.236  42.148 0.0000000000
61388  4.227  -18.036  42.974 0.0000000000
60492  4.689  -18.722  42.316 0.0000000000
59569  5.095  -19.384  42.111 0.0000000000
59576  5.014  -19.295  41.484 0.0000000000
59583  5.368  -19.661  40.640 0.0000000000
59577  4.970  -19.318  40.598 0.0000000000
60501  4.580  -19.247  39.303 0.0000000000
59585  4.692  -19.396  39.606 0.0000000000
60505  4.403  -19.662  38.360 0.0000000000
59597  4.240  -20.133  37.923 0.0000000000
65521  5.104  -14.430  33.956 0.0000000000
64566  4.618  -15.115  33.548 0.0000000000
64556  4.319  -15.925  33.478 0.0000000000
64567  4.163  -15.281  33.089 0.0000000000
147400  3.230  -17.905  58.431 0.0000000000
63265  2.957  -17.749  58.141 0.0000000000
64288  3.344  -17.095  58.358 0.0000000000
65283  4.331  -15.866  58.040 0.0000000000
66211  3.844  -15.536  57.680 0.0000000000
66220  3.700  -15.000  57.078 0.0000000000
66219  4.206  -14.683  56.882 0.0000000000
65291  5.290  -15.133  57.023 0.0000000000
65292  4.970  -15.257  57.305 0.0000000000
66218  5.478  -14.521  56.274 0.0000000000
69280  5.659  -13.336  55.622 0.0000000000
68264  4.638  -13.974  56.003 0.0000000000
69293  5.362  -13.158  55.388 0.0000000000
69309  5.169  -12.954  55.132 0.0000000000
69308  5.832  -12.711  55.286 0.0000000000
59429  14.241  -20.420  59.247 0.0000000000
59430  13.401  -20.429  59.174 0.0000000000
59419  12.116  -19.829  59.507 0.0000000000
58399  12.119  -21.006  58.857 0.0000000000
62260  11.130  -18.243  59.210 0.0000000000
61250  11.344  -18.832  59.530 0.0000000000
59434  9.578  -20.227  59.591 0.0000000000
59421  10.308  -19.813  60.038 0.0000000000
58401  10.053  -20.916  59.057 0.0000000000
58418  7.663  -21.324  58.568 0.0000000000
140263  5.791  -20.826  60.330 0.0000000000
147455  5.751  -20.259  60.086 0.0000000000
136562  7.266  -17.521  58.751 0.0000000000
62249  7.268  -18.226  59.130 0.0000000000
142636  6.713  -17.775  58.940 0.0000000000
139248  5.929  -18.346  59.486 0.0000000000
61235  5.451  -18.438  59.584 0.0000000000
60338  5.235  -19.025  59.630 0.0000000000
61236  4.976  -18.573  59.590 0.0000000000
138659  4.687  -19.233  59.383 0.0000000000
61237  4.427  -18.714  59.276 0.0000000000
63252  4.010  -17.483  58.943 0.0000000000
62252  3.942  -17.913  59.061 0.0000000000
63253  3.441  -17.967  58.613 0.0000000000
62262  3.072  -18.585  58.215 0.0000000000
146986  3.065  -14.451  48.880 0.0000000000
139584  2.444  -15.237  48.116 0.0000000000
132824  2.577  -14.697  48.255 0.0000000000
142639  2.584  -14.280  46.648 0.0000000000
65383  2.084  -14.789  47.147 0.0000000000
65390  2.281  -14.686  46.574 0.0000000000
142846  2.229  -15.158  46.278 0.0000000000
65397  2.507  -14.808  45.748 0.0000000000
67390  4.753  -13.066  46.470 0.0000000000
66370  5.440  -13.514  45.302 0.0000000000
66391  4.383  -14.227  44.277 0.0000000000
124949  4.016  -14.056  45.054 0.0000000000
65404  3.740  -14.466  44.438 0.0000000000
66372  3.178  -14.721  44.661 0.0000000000
141846  3.222  -15.254  43.955 0.0000000000
64436  2.956  -15.703  43.973 0.0000000000
65436  3.586  -15.411  43.340 0.0000000000
64446  5.178  -15.507  42.223 0.0000000000
64447  4.529  -15.503  42.513 0.0000000000
148683  4.949  -15.758  41.987 0.0000000000
146781  5.181  -15.929  41.434 0.0000000000
132462  5.684  -15.933  40.987 0.0000000000
66204  9.834  -14.180  60.288 0.0000000000
67230  10.040  -13.264  60.307 0.0000000000
66200  10.385  -13.686  60.651 0.0000000000
58423  16.424  -21.062  57.592 0.0000000000
146717  16.587  -21.144  56.920 0.0000000000
57481  15.835  -21.528  56.980 0.0000000000
58424  15.642  -21.175  57.750 0.0000000000
141065  17.099  -17.329  59.107 0.0000000000
61268  17.268  -18.353  58.459 0.0000000000
126268  17.014  -18.907  59.376 0.0000000000
60360  15.954  -19.503  59.854 0.0000000000
58395  15.625  -20.776  59.043 0.0000000000
59428  15.475  -20.023  59.613 0.0000000000
134111  14.588  -17.705  60.105 0.0000000000
136137  14.154  -16.909  60.020 0.0000000000
64271  13.559  -14.443  59.211 0.0000000000
64280  13.571  -15.187  59.228 0.0000000000
64290  12.947  -15.599  58.933 0.0000000000
64282  12.501  -15.035  59.528 0.0000000000
66199  11.303  -13.550  59.862 0.0000000000
64283  11.571  -14.947  59.707 0.0000000000
65270  10.714  -14.309  59.991 0.0000000000
123540  9.996  -14.348  59.505 0.0000000000
56617  0.382  -23.497  53.612 0.0000000000
58494  1.921  -22.081  53.839 0.0000000000
135139  2.314  -21.143  53.078 0.0000000000
130178  2.374  -20.777  53.536 0.0000000000
60392  2.407  -20.038  55.873 0.0000000000
59467  2.368  -20.530  55.199 0.0000000000
139080  2.459  -19.889  55.389 0.0000000000
62319  2.870  -18.521  54.525 0.0000000000
61285  2.716  -19.354  53.997 0.0000000000
61293  2.532  -19.963  53.512 0.0000000000
61291  2.896  -19.266  52.952 0.0000000000
63329  3.433  -16.556  53.674 0.0000000000
63335  3.781  -16.144  52.688 0.0000000000
64305  2.747  -16.764  57.310 0.0000000000
64306  2.589  -16.876  56.793 0.0000000000
132598  2.647  -16.384  56.772 0.0000000000
66231  2.650  -14.788  55.807 0.0000000000
66227  2.559  -15.544  56.133 0.0000000000
65311  2.562  -15.550  55.539 0.0000000000
137474  2.505  -16.270  55.634 0.0000000000
66243  2.787  -14.970  55.133 0.0000000000
69324  3.974  -13.022  54.353 0.0000000000
133421  3.773  -13.324  54.593 0.0000000000
68292  3.655  -13.182  54.075 0.0000000000
125379  3.386  -13.809  53.798 0.0000000000
141149  3.257  -14.157  54.233 0.0000000000
66255  3.212  -14.640  54.402 0.0000000000
66266  3.461  -14.472  53.579 0.0000000000
127133  3.591  -13.912  51.830 0.0000000000
66287  3.593  -14.230  51.909 0.0000000000
134652  3.438  -14.557  51.308 0.0000000000
66305  3.292  -14.338  49.779 0.0000000000
67326  3.332  -13.728  50.306 0.0000000000
69389  4.025  -12.431  49.761 0.0000000000
122683  3.813  -12.557  49.007 0.0000000000
68383  4.141  -12.364  48.460 0.0000000000
68382  4.814  -11.996  48.402 0.0000000000
69387  5.308  -11.845  49.815 0.0000000000
128745  12.583  -21.324  56.618 0.0000000000
56562  4.190  -23.202  59.222 0.0000000000
57465  3.921  -21.554  58.641 0.0000000000
57470  3.651  -22.275  58.365 0.0000000000
56606  0.563  -23.640  55.068 0.0000000000
55701  -0.173  -24.432  54.578 0.0000000000
58556  2.364  -22.163  50.632 0.0000000000
57569  2.280  -22.672  51.008 0.0000000000
57581  2.325  -22.593  50.109 0.0000000000
58572  2.376  -22.319  49.481 0.0000000000
60414  2.663  -19.862  50.614 0.0000000000
60427  2.874  -20.623  50.391 0.0000000000
60426  2.793  -20.119  50.006 0.0000000000
59526  3.232  -21.277  48.312 0.0000000000
129114  2.844  -21.653  48.624 0.0000000000
58585  2.688  -22.266  48.268 0.0000000000
133138  2.875  -22.508  47.533 0.0000000000
58607  4.165  -22.072  45.733 0.0000000000
122761  4.010  -22.550  45.892 0.0000000000
58625  4.362  -22.636  45.105 0.0000000000
57643  4.174  -23.049  45.070 0.0000000000
58642  3.816  -22.167  44.176 0.0000000000
63368  2.558  -15.928  48.111 0.0000000000
144137  2.964  -16.060  48.628 0.0000000000
63378  2.636  -16.307  47.696 0.0000000000
62371  4.532  -17.597  47.115 0.0000000000
144490  5.353  -17.959  47.409 0.0000000000
62354  5.388  -17.957  48.217 0.0000000000
61370  4.020  -18.145  44.523 0.0000000000
61369  4.875  -18.374  44.837 0.0000000000
60475  6.947  -19.767  44.506 0.0000000000
148184  6.289  -18.880  44.970 0.0000000000
141421  6.552  -19.337  45.139 0.0000000000
60457  6.138  -19.222  46.313 0.0000000000
59546  6.084  -20.309  45.746 0.0000000000
59557  6.089  -20.841  44.989 0.0000000000
57653  6.774  -22.491  43.167 0.0000000000
58639  6.139  -21.928  43.844 0.0000000000
57654  5.567  -22.655  43.643 0.0000000000
57673  4.925  -23.452  43.837 0.0000000000
56754  5.099  -24.001  43.029 0.0000000000
136595  4.883  -24.535  42.598 0.0000000000
56777  5.343  -24.373  42.172 0.0000000000
56814  6.598  -24.059  39.501 0.0000000000
55970  5.532  -24.910  38.398 0.0000000000
58687  5.550  -20.877  39.312 0.0000000000
57708  5.991  -21.839  38.867 0.0000000000
57709  5.674  -21.452  38.728 0.0000000000
56834  5.422  -23.040  36.684 0.0000000000
132429  5.525  -23.383  37.029 0.0000000000
56833  5.350  -23.741  36.803 0.0000000000
144566  5.065  -24.363  36.552 0.0000000000
66414  10.260  -13.105  40.943 0.0000000000
66415  9.617  -13.671  41.398 0.0000000000
65448  8.216  -14.909  41.333 0.0000000000
136413  7.769  -15.914  39.610 0.0000000000
64481  7.345  -15.788  40.298 0.0000000000
64500  7.154  -16.079  40.006 0.0000000000
64501  6.457  -16.285  40.213 0.0000000000
63476  6.903  -16.477  39.551 0.0000000000
65510  7.084  -14.985  35.490 0.0000000000
66449  7.972  -14.116  36.287 0.0000000000
139249  8.541  -14.981  36.606 0.0000000000
64525  8.920  -15.438  37.424 0.0000000000
63509  8.409  -15.948  36.856 0.0000000000
62469  6.416  -17.831  37.261 0.0000000000
144310  7.022  -17.561  37.251 0.0000000000
62456  6.126  -17.727  38.348 0.0000000000
62457  5.674  -18.242  37.975 0.0000000000
143367  5.544  -18.140  38.510 0.0000000000
62471  5.248  -18.540  37.534 0.0000000000
62483  4.386  -18.649  35.704 0.0000000000
61435  4.379  -19.041  36.613 0.0000000000
61436  3.834  -19.392  36.149 0.0000000000
133731  3.639  -19.296  35.353 0.0000000000
63538  3.690  -17.273  33.607 0.0000000000
64317  7.544  -15.489  56.747 0.0000000000
141380  7.482  -15.040  56.420 0.0000000000
66215  8.126  -14.086  57.403 0.0000000000
67237  8.776  -13.159  58.001 0.0000000000
63295  11.055  -15.794  57.126 0.0000000000
63278  11.296  -16.331  57.112 0.0000000000
63296  10.500  -16.005  56.920 0.0000000000
63280  9.482  -16.602  57.274 0.0000000000
63270  8.500  -16.907  58.658 0.0000000000
63298  8.712  -16.172  57.079 0.0000000000
55950  4.509  -25.445  42.089 0.0000000000
55949  5.093  -25.159  41.256 0.0000000000
60374  2.288  -19.960  56.831 0.0000000000
62286  2.404  -18.998  56.876 0.0000000000
62298  2.459  -18.590  56.636 0.0000000000
62297  2.476  -17.940  56.640 0.0000000000
136634  3.006  -19.393  58.178 0.0000000000
60347  3.269  -19.688  58.390 0.0000000000
60357  2.620  -20.003  57.912 0.0000000000
60361  2.351  -20.089  57.296 0.0000000000
62321  3.953  -17.407  52.596 0.0000000000
61299  4.174  -17.915  51.964 0.0000000000
63344  4.236  -16.916  51.753 0.0000000000
146576  3.780  -16.326  42.615 0.0000000000
62406  3.999  -17.056  42.454 0.0000000000
61391  4.354  -17.650  41.660 0.0000000000
60494  4.503  -18.282  41.358 0.0000000000
60497  4.747  -19.050  40.525 0.0000000000
133260  4.557  -18.193  40.839 0.0000000000
61403  4.657  -18.666  40.080 0.0000000000
61412  4.788  -18.538  39.346 0.0000000000
64287  4.088  -16.973  58.737 0.0000000000
69279  6.808  -13.004  56.133 0.0000000000
69291  7.007  -12.206  56.227 0.0000000000
125677  6.562  -12.164  55.691 0.0000000000
124931  7.340  -11.840  56.197 0.0000000000
60351  13.512  -19.366  59.764 0.0000000000
59418  13.013  -19.867  59.494 0.0000000000
60355  9.857  -19.222  60.238 0.0000000000
59435  8.551  -20.338  59.554 0.0000000000
59410  6.965  -19.863  60.402 0.0000000000
60344  6.619  -19.416  60.011 0.0000000000
63248  5.982  -16.365  59.038 0.0000000000
62250  6.364  -17.155  58.752 0.0000000000
63243  5.742  -17.173  58.936 0.0000000000
63244  5.319  -17.137  59.162 0.0000000000
63245  5.065  -17.512  59.363 0.0000000000
62245  4.707  -18.146  59.452 0.0000000000
63251  4.941  -17.172  59.195 0.0000000000
130794  4.397  -17.492  59.129 0.0000000000
68395  3.094  -13.473  47.793 0.0000000000
67359  3.167  -13.524  47.349 0.0000000000
66346  3.333  -13.626  46.754 0.0000000000
67391  2.934  -14.013  46.543 0.0000000000
66369  6.051  -13.459  44.890 0.0000000000
66390  5.254  -13.894  44.314 0.0000000000
65416  4.808  -14.493  43.532 0.0000000000
133886  5.281  -14.927  42.835 0.0000000000
65450  5.868  -15.393  42.108 0.0000000000
58408  16.924  -20.877  58.032 0.0000000000
61247  15.176  -18.445  60.176 0.0000000000
65268  12.697  -14.623  59.489 0.0000000000
56609  0.658  -23.109  54.241 0.0000000000
146597  1.919  -22.108  54.351 0.0000000000
135884  2.199  -21.461  54.519 0.0000000000
62314  2.553  -18.711  55.509 0.0000000000
61281  2.523  -19.477  55.117 0.0000000000
62318  3.187  -17.995  54.255 0.0000000000
133553  3.153  -17.005  54.369 0.0000000000
66221  3.083  -15.235  56.860 0.0000000000
65300  2.667  -15.618  56.435 0.0000000000
140885  2.872  -14.827  56.403 0.0000000000
67254  2.827  -14.325  55.599 0.0000000000
69356  3.808  -12.719  53.349 0.0000000000
69340  3.585  -13.078  53.616 0.0000000000
69370  3.561  -12.974  52.919 0.0000000000
124643  3.434  -13.830  53.039 0.0000000000
128661  3.458  -14.131  53.035 0.0000000000
67299  3.572  -13.720  52.354 0.0000000000
68357  3.596  -13.333  51.798 0.0000000000
128428  3.409  -13.298  50.764 0.0000000000
68365  3.483  -13.010  50.292 0.0000000000
68364  3.719  -12.726  50.342 0.0000000000
58428  11.702  -21.059  57.509 0.0000000000
123656  11.954  -21.089  56.743 0.0000000000
58443  11.423  -21.067  56.133 0.0000000000
57474  5.366  -22.436  59.732 0.0000000000
57467  4.933  -21.990  60.215 0.0000000000
56553  4.554  -22.733  59.875 0.0000000000
56554  4.089  -22.809  59.282 0.0000000000
57487  1.786  -22.799  56.589 0.0000000000
58521  2.175  -22.134  52.360 0.0000000000
57557  2.146  -22.765  51.946 0.0000000000
129602  2.495  -21.656  51.124 0.0000000000
59498  2.457  -21.756  50.336 0.0000000000
60424  3.387  -19.724  49.618 0.0000000000
60437  2.807  -20.101  49.254 0.0000000000
60436  2.857  -20.140  48.981 0.0000000000
59525  3.374  -20.920  47.944 0.0000000000
59540  3.363  -21.567  47.581 0.0000000000
59550  3.600  -21.689  47.000 0.0000000000
59539  3.490  -21.204  47.196 0.0000000000
59549  3.789  -21.364  46.439 0.0000000000
59548  3.866  -21.131  45.850 0.0000000000
145308  2.425  -16.533  47.226 0.0000000000
137797  2.700  -16.703  47.295 0.0000000000
144047  2.238  -16.722  46.926 0.0000000000
62372  3.417  -17.202  46.806 0.0000000000
62381  4.040  -17.790  46.059 0.0000000000
129400  5.116  -18.982  43.556 0.0000000000
61379  5.702  -18.762  44.355 0.0000000000
60480  6.180  -19.193  43.456 0.0000000000
60479  7.022  -19.568  43.701 0.0000000000
59555  7.313  -20.245  43.743 0.0000000000
59556  6.948  -20.443  44.502 0.0000000000
58637  7.608  -20.958  43.275 0.0000000000
58654  7.599  -21.742  42.793 0.0000000000
57671  6.601  -23.074  42.364 0.0000000000
57690  6.472  -23.565  41.813 0.0000000000
57689  7.147  -23.067  41.585 0.0000000000
56800  7.042  -23.577  40.167 0.0000000000
56813  7.118  -23.275  39.358 0.0000000000
58699  4.677  -20.877  37.916 0.0000000000
57720  5.517  -21.823  38.025 0.0000000000
57721  5.093  -21.424  37.824 0.0000000000
57731  5.146  -22.146  37.056 0.0000000000
56842  5.233  -23.188  36.316 0.0000000000
66420  10.286  -13.185  39.971 0.0000000000
65473  9.594  -14.497  39.923 0.0000000000
65462  8.470  -15.129  40.654 0.0000000000
64498  8.708  -15.529  39.338 0.0000000000
64515  8.147  -16.075  38.752 0.0000000000
64544  6.699  -15.640  35.229 0.0000000000
64543  7.445  -15.714  35.735 0.0000000000
63519  7.723  -16.441  36.331 0.0000000000
63525  7.135  -16.544  35.615 0.0000000000
62480  6.132  -17.845  36.279 0.0000000000
133791  5.368  -18.398  36.980 0.0000000000
62481  5.438  -18.136  36.155 0.0000000000
62496  3.989  -18.271  34.610 0.0000000000
64284  5.481  -15.673  59.792 0.0000000000
65273  5.305  -15.708  59.471 0.0000000000
66226  5.800  -14.569  56.270 0.0000000000
65298  6.841  -14.832  56.211 0.0000000000
67248  6.361  -13.955  55.967 0.0000000000
62266  12.955  -17.701  58.185 0.0000000000
62283  10.745  -17.074  57.600 0.0000000000
122955  10.130  -17.969  59.340 0.0000000000
62247  9.294  -18.202  59.921 0.0000000000
62248  8.630  -18.229  59.495 0.0000000000
61240  7.960  -18.673  59.703 0.0000000000
63246  8.159  -17.533  58.781 0.0000000000
145630  7.408  -17.153  58.667 0.0000000000
63262  6.798  -16.597  58.991 0.0000000000
63263  6.063  -16.046  59.079 0.0000000000
68423  5.354  -12.332  46.559 0.0000000000
68422  5.877  -12.029  46.187 0.0000000000
67388  6.143  -12.104  45.794 0.0000000000
68436  7.636  -11.459  45.098 0.0000000000
67414  6.656  -12.697  44.732 0.0000000000
131633  6.908  -13.127  44.149 0.0000000000
66388  7.432  -13.063  43.739 0.0000000000
136346  1.941  -21.035  56.067 0.0000000000
61275  2.444  -19.275  56.547 0.0000000000
62309  2.535  -18.389  55.778 0.0000000000
63316  2.538  -17.162  55.813 0.0000000000
142441  2.561  -16.527  55.511 0.0000000000
141068  4.375  -13.283  55.188 0.0000000000
147421  4.336  -13.100  54.802 0.0000000000
70280  4.592  -12.605  54.231 0.0000000000
70290  4.396  -12.509  53.843 0.0000000000
70296  5.274  -12.154  53.741 0.0000000000
70297  4.692  -12.382  53.511 0.0000000000
69355  4.174  -12.494  53.412 0.0000000000
140394  4.479  -12.458  52.816 0.0000000000
122453  4.605  -12.549  51.994 0.0000000000
69376  4.366  -12.446  51.283 0.0000000000
69375  4.989  -12.291  51.343 0.0000000000
59413  4.464  -20.294  59.108 0.0000000000
137045  3.501  -20.850  58.464 0.0000000000
59425  2.884  -20.107  58.200 0.0000000000
147388  3.057  -20.528  58.263 0.0000000000
58393  2.953  -21.231  58.073 0.0000000000
57472  2.704  -22.121  57.669 0.0000000000
134307  2.395  -23.148  57.428 0.0000000000
57476  2.146  -22.050  57.128 0.0000000000
58407  2.046  -21.118  56.962 0.0000000000
61303  2.733  -19.775  52.488 0.0000000000
61313  2.873  -19.918  51.705 0.0000000000
61312  2.968  -19.710  51.343 0.0000000000
138814  2.889  -19.632  51.206 0.0000000000
61322  3.167  -19.614  50.633 0.0000000000
140154  4.360  -18.315  51.371 0.0000000000
61310  4.098  -18.891  51.081 0.0000000000
60423  4.502  -19.305  49.360 0.0000000000
60434  4.708  -19.481  48.530 0.0000000000
60433  5.411  -19.191  48.196 0.0000000000
63412  2.776  -16.160  44.878 0.0000000000
62389  3.297  -16.668  44.804 0.0000000000
61372  3.736  -17.275  44.307 0.0000000000
61381  4.204  -18.266  43.864 0.0000000000
60482  4.475  -18.439  43.239 0.0000000000
60481  4.605  -18.772  43.321 0.0000000000
60487  5.260  -19.256  42.741 0.0000000000
59567  5.588  -19.951  42.083 0.0000000000
59574  6.171  -20.221  41.307 0.0000000000
59581  6.382  -20.788  40.620 0.0000000000
58662  5.910  -20.411  40.670 0.0000000000
58673  5.700  -20.769  40.069 0.0000000000
126012  5.191  -20.470  39.199 0.0000000000
59584  4.872  -19.488  39.884 0.0000000000
59590  4.707  -20.045  39.157 0.0000000000
58688  4.926  -20.696  38.494 0.0000000000
58689  4.519  -20.362  38.311 0.0000000000
58700  4.320  -20.677  37.598 0.0000000000
59603  3.929  -20.452  37.163 0.0000000000
64554  5.621  -15.026  34.448 0.0000000000
63536  4.373  -16.587  33.844 0.0000000000
64578  3.899  -15.174  32.627 0.0000000000
56736  3.365  -24.516  45.043 0.0000000000
62263  2.868  -18.745  57.972 0.0000000000
63272  2.694  -18.054  57.663 0.0000000000
63266  2.817  -18.351  57.928 0.0000000000
64296  2.900  -17.118  57.895 0.0000000000
65276  3.675  -16.629  58.394 0.0000000000
67249  4.030  -13.828  56.054 0.0000000000
65282  5.273  -15.823  58.240 0.0000000000
141179  4.518  -15.069  57.215 0.0000000000
144596  5.492  -14.130  55.974 0.0000000000
67244  4.374  -14.178  56.320 0.0000000000
68269  4.414  -13.542  55.604 0.0000000000
69294  4.751  -13.273  55.309 0.0000000000
70269  5.550  -12.620  55.006 0.0000000000
58412  13.776  -21.184  58.073 0.0000000000
57483  13.717  -21.559  57.378 0.0000000000
58413  12.324  -21.068  58.109 0.0000000000
58398  12.979  -20.992  58.988 0.0000000000
58429  10.789  -21.078  57.661 0.0000000000
59420  11.223  -19.844  59.816 0.0000000000
58415  10.425  -21.029  58.441 0.0000000000
126403  9.845  -21.026  57.728 0.0000000000
58417  8.492  -21.062  58.446 0.0000000000
57473  6.200  -22.088  59.396 0.0000000000
59412  4.988  -20.338  59.530 0.0000000000
61241  7.014  -18.824  59.634 0.0000000000
61242  6.261  -18.896  59.665 0.0000000000
62242  6.108  -17.732  59.123 0.0000000000
60345  5.908  -19.570  59.839 0.0000000000
60337  5.483  -19.427  59.663 0.0000000000
59408  4.743  -19.911  59.379 0.0000000000
60340  4.148  -19.188  58.980 0.0000000000
60346  3.708  -19.272  58.657 0.0000000000
62246  4.091  -18.390  59.108 0.0000000000
61243  3.729  -18.926  58.737 0.0000000000
61244  3.296  -18.968  58.376 0.0000000000
130053  3.145  -15.797  49.062 0.0000000000
64378  2.659  -15.675  48.414 0.0000000000
64387  2.185  -15.512  47.666 0.0000000000
66333  2.443  -14.304  47.699 0.0000000000
134939  1.921  -15.145  47.228 0.0000000000
64395  2.001  -15.499  47.067 0.0000000000
64405  2.237  -15.524  46.453 0.0000000000
66358  3.856  -13.528  46.252 0.0000000000
66359  3.189  -14.080  46.057 0.0000000000
142327  3.702  -13.894  45.676 0.0000000000
124319  2.921  -14.512  45.534 0.0000000000
66373  2.761  -14.774  45.092 0.0000000000
65405  2.564  -15.089  45.038 0.0000000000
63426  2.874  -16.092  44.031 0.0000000000
140521  3.200  -15.981  43.476 0.0000000000
64450  3.525  -16.136  43.004 0.0000000000
65435  4.048  -15.162  43.125 0.0000000000
64448  3.962  -15.631  42.736 0.0000000000
64467  3.897  -16.039  42.485 0.0000000000
64486  4.464  -16.260  41.898 0.0000000000
64485  4.997  -16.257  41.330 0.0000000000
63462  5.443  -16.704  40.560 0.0000000000
65279  9.578  -14.360  58.874 0.0000000000
65272  8.880  -14.171  59.495 0.0000000000
129145  9.111  -14.162  59.948 0.0000000000
68245  10.115  -13.191  59.745 0.0000000000
58425  15.016  -21.220  57.872 0.0000000000
59440  16.529  -20.392  58.648 0.0000000000
60359  16.536  -19.206  59.644 0.0000000000
58410  15.310  -21.033  58.494 0.0000000000
58411  14.514  -21.083  58.396 0.0000000000
60350  14.697  -19.187  60.040 0.0000000000
139194  14.134  -19.447  60.002 0.0000000000
126799  14.790  -15.109  59.550 0.0000000000
63257  14.347  -15.816  60.059 0.0000000000
146687  13.933  -15.417  59.831 0.0000000000
62265  13.593  -17.077  59.090 0.0000000000
63268  13.044  -16.511  58.189 0.0000000000
64291  12.361  -15.295  58.478 0.0000000000
64301  10.923  -15.284  57.561 0.0000000000
65278  10.358  -14.656  58.341 0.0000000000
57539  0.856  -23.082  53.693 0.0000000000
133574  1.434  -22.661  53.458 0.0000000000
60399  2.527  -20.164  52.809 0.0000000000
134893  2.127  -21.209  55.521 0.0000000000
59469  2.364  -20.727  54.192 0.0000000000
60397  2.460  -20.295  53.843 0.0000000000
62322  3.587  -17.937  53.245 0.0000000000
129328  3.871  -15.946  51.352 0.0000000000
142220  3.737  -15.771  50.732 0.0000000000
134419  2.545  -18.013  57.192 0.0000000000
63283  2.559  -17.244  56.922 0.0000000000
65293  2.533  -16.336  56.236 0.0000000000
64333  2.480  -16.785  55.884 0.0000000000
147614  2.553  -16.125  55.419 0.0000000000
64348  2.718  -16.119  54.838 0.0000000000
68279  3.662  -13.523  55.097 0.0000000000
68280  3.148  -13.833  55.299 0.0000000000
67257  2.944  -14.103  55.001 0.0000000000
68307  3.467  -13.548  53.977 0.0000000000
67268  3.200  -14.034  54.357 0.0000000000
65335  2.870  -15.370  54.835 0.0000000000
133971  2.917  -15.634  54.683 0.0000000000
64347  3.005  -15.967  54.424 0.0000000000
64354  3.420  -15.564  53.729 0.0000000000
131443  3.660  -15.318  52.864 0.0000000000
127845  3.548  -14.342  52.717 0.0000000000
65353  3.492  -15.172  51.070 0.0000000000
64369  3.497  -15.461  49.928 0.0000000000
67334  3.246  -13.548  48.734 0.0000000000
137518  3.379  -13.311  49.673 0.0000000000
68385  3.290  -13.263  48.278 0.0000000000
68384  3.646  -12.785  48.381 0.0000000000
123968  4.015  -12.570  47.881 0.0000000000
68393  4.702  -12.170  47.777 0.0000000000
69382  4.835  -12.105  50.499 0.0000000000
69388  4.651  -12.050  49.749 0.0000000000
68373  5.111  -11.852  49.110 0.0000000000
125905  5.417  -11.797  47.861 0.0000000000
123056  6.634  -11.619  46.771 0.0000000000
66205  8.741  -13.987  59.652 0.0000000000
57484  13.182  -21.887  56.922 0.0000000000
57492  12.965  -21.779  56.130 0.0000000000
57505  12.943  -21.233  55.320 0.0000000000
58442  12.228  -21.169  55.969 0.0000000000
56563  3.575  -23.497  59.024 0.0000000000
126149  2.130  -23.315  51.544 0.0000000000
60416  2.787  -20.498  51.247 0.0000000000
59497  2.681  -21.286  49.999 0.0000000000
59508  3.134  -20.943  49.017 0.0000000000
59509  2.751  -21.423  49.323 0.0000000000
57596  2.486  -22.578  48.729 0.0000000000
122990  2.335  -23.183  48.363 0.0000000000
58594  3.303  -22.193  47.121 0.0000000000
57675  3.949  -24.068  44.620 0.0000000000
63357  3.447  -16.035  49.773 0.0000000000
63367  3.920  -16.596  49.417 0.0000000000
127103  4.742  -17.282  49.444 0.0000000000
62356  4.277  -17.107  48.655 0.0000000000
62355  5.088  -17.616  48.866 0.0000000000
140497  5.480  -18.581  48.431 0.0000000000
60445  5.592  -19.331  47.388 0.0000000000
61360  3.672  -17.571  45.203 0.0000000000
61358  5.050  -18.178  45.667 0.0000000000
61368  5.767  -18.525  45.256 0.0000000000
61357  5.835  -18.395  46.028 0.0000000000
61344  5.715  -18.435  46.779 0.0000000000
60458  5.817  -19.550  46.664 0.0000000000
59522  5.149  -19.857  46.949 0.0000000000
59547  4.997  -20.957  45.643 0.0000000000
58606  4.374  -21.828  45.276 0.0000000000
127589  5.780  -21.603  44.482 0.0000000000
135857  4.214  -21.907  44.332 0.0000000000
57656  4.528  -22.865  44.557 0.0000000000
57674  4.475  -23.810  44.287 0.0000000000
56756  4.086  -24.572  44.005 0.0000000000
56779  4.182  -24.879  43.115 0.0000000000
56778  4.639  -24.826  42.526 0.0000000000
55948  5.083  -25.129  41.129 0.0000000000
58684  7.084  -21.790  39.860 0.0000000000
57707  6.631  -22.229  39.145 0.0000000000
56821  6.208  -23.491  37.844 0.0000000000
56822  5.780  -22.771  37.442 0.0000000000
55979  5.932  -24.408  38.036 0.0000000000
55980  5.698  -24.620  37.900 0.0000000000
67411  8.861  -11.678  43.496 0.0000000000
67423  8.733  -12.743  43.119 0.0000000000
66404  8.368  -13.648  42.707 0.0000000000
122528  7.687  -14.524  42.248 0.0000000000
64463  6.434  -15.618  41.205 0.0000000000
65463  7.760  -15.433  40.782 0.0000000000
64462  7.060  -15.672  40.803 0.0000000000
64483  6.144  -15.970  40.720 0.0000000000
64502  6.103  -16.280  40.450 0.0000000000
63478  5.950  -16.740  40.062 0.0000000000
64514  8.936  -15.618  38.320 0.0000000000
63492  7.691  -16.574  38.243 0.0000000000
63510  7.905  -16.626  37.281 0.0000000000
62468  7.345  -17.132  37.711 0.0000000000
63493  7.011  -16.885  38.657 0.0000000000
63494  6.466  -17.071  39.031 0.0000000000
138961  6.280  -17.050  39.391 0.0000000000
134183  5.736  -17.205  39.759 0.0000000000
62443  5.059  -18.120  39.395 0.0000000000
62459  4.969  -18.528  38.739 0.0000000000
138682  4.672  -18.970  38.537 0.0000000000
126557  4.442  -19.450  37.989 0.0000000000
59608  3.622  -20.212  36.594 0.0000000000
139223  3.585  -20.600  35.854 0.0000000000
62507  3.986  -17.428  34.027 0.0000000000
61447  3.442  -18.884  34.529 0.0000000000
60548  3.443  -19.542  34.922 0.0000000000
134938  3.740  -20.997  35.260 0.0000000000
55928  4.617  -25.155  42.203 0.0000000000
55981  5.364  -24.432  37.163 0.0000000000
56757  3.673  -24.616  44.541 0.0000000000
56774  7.375  -23.026  40.783 0.0000000000
56775  6.768  -23.632  41.051 0.0000000000
56776  6.187  -23.926  41.629 0.0000000000
56799  7.381  -22.866  40.043 0.0000000000
56820  6.671  -23.539  38.654 0.0000000000
57655  4.814  -22.697  44.064 0.0000000000
57669  7.820  -21.754  41.842 0.0000000000
57670  7.430  -22.485  42.218 0.0000000000
57672  5.218  -23.282  43.378 0.0000000000
57705  7.415  -22.224  40.067 0.0000000000
57718  6.455  -22.667  38.435 0.0000000000
58621  7.231  -20.929  43.932 0.0000000000
58622  6.682  -21.260  44.294 0.0000000000
58641  3.950  -22.213  44.366 0.0000000000
58671  7.226  -21.231  40.573 0.0000000000
58674  5.537  -20.271  39.907 0.0000000000
58685  6.310  -21.560  39.532 0.0000000000
58686  5.787  -21.217  39.415 0.0000000000
59411  5.426  -19.981  59.753 0.0000000000
59510  2.420  -21.852  49.681 0.0000000000
59535  6.150  -19.729  46.034 0.0000000000
59565  7.470  -20.213  42.612 0.0000000000
59568  5.180  -19.607  42.080 0.0000000000
59582  5.740  -20.042  40.724 0.0000000000
60444  5.957  -18.941  46.861 0.0000000000
60469  6.374  -19.282  45.791 0.0000000000
60484  7.350  -19.899  43.173 0.0000000000
60526  3.726  -19.767  36.626 0.0000000000
61356  6.088  -18.797  46.205 0.0000000000
61371  3.852  -17.751  44.422 0.0000000000
61382  4.000  -17.911  43.771 0.0000000000
61424  4.639  -19.135  37.775 0.0000000000
62374  2.434  -16.793  46.196 0.0000000000
62430  4.675  -17.553  40.758 0.0000000000
62458  5.299  -18.316  38.563 0.0000000000
62467  7.433  -17.182  36.823 0.0000000000
62479  6.860  -17.550  36.490 0.0000000000
63281  8.813  -16.660  57.696 0.0000000000
63453  3.999  -16.711  42.273 0.0000000000
63464  4.450  -16.980  41.455 0.0000000000
63496  5.505  -17.749  39.244 0.0000000000
63534  6.072  -15.878  34.801 0.0000000000
64276  4.695  -17.067  59.011 0.0000000000
64279  13.992  -14.927  59.106 0.0000000000
64428  2.681  -15.648  44.616 0.0000000000
64465  5.328  -15.787  41.556 0.0000000000
64497  9.377  -14.969  39.459 0.0000000000
65263  10.801  -14.083  60.271 0.0000000000
65280  8.920  -14.329  58.958 0.0000000000
65284  3.722  -16.085  58.080 0.0000000000
65297  8.120  -14.884  56.766 0.0000000000
65417  3.603  -14.882  43.815 0.0000000000
65437  3.274  -15.689  43.523 0.0000000000
65474  8.979  -15.115  40.102 0.0000000000
65498  7.696  -14.934  36.004 0.0000000000
66201  9.492  -13.685  60.342 0.0000000000
66209  8.516  -14.131  58.726 0.0000000000
66216  7.835  -13.725  56.839 0.0000000000
66225  6.805  -14.187  56.025 0.0000000000
66347  2.430  -14.291  47.064 0.0000000000
66387  8.042  -13.128  43.354 0.0000000000
67318  3.470  -13.657  51.367 0.0000000000
67376  2.796  -13.919  46.937 0.0000000000
68263  5.141  -13.725  55.736 0.0000000000
69310  4.697  -12.999  54.934 0.0000000000
69323  4.360  -12.930  54.564 0.0000000000
69338  4.175  -12.726  54.119 0.0000000000
69339  3.850  -12.846  53.889 0.0000000000
70271  4.765  -12.744  54.602 0.0000000000
123808  10.801  -14.679  59.305 0.0000000000
127387  8.187  -13.829  57.869 0.0000000000
127484  11.457  -14.242  59.993 0.0000000000
128525  6.566  -21.311  40.119 0.0000000000
131552  5.538  -22.900  36.937 0.0000000000
132800  5.327  -19.696  41.580 0.0000000000
133551  4.786  -18.732  36.723 0.0000000000
135226  8.179  -15.651  56.861 0.0000000000
135331  4.879  -16.563  34.176 0.0000000000
137824  7.487  -16.955  58.732 0.0000000000
138455  2.849  -14.057  48.451 0.0000000000
138595  5.851  -23.008  42.960 0.0000000000
139100  4.234  -21.430  36.379 0.0000000000
142831  7.011  -22.856  38.854 0.0000000000
142861  7.811  -21.863  41.100 0.0000000000
144388  3.475  -16.553  43.658 0.0000000000
146100  5.956  -17.177  39.571 0.0000000000
148110  4.176  -19.464  58.962 0.0000000000
148555  4.836  -24.941  42.012 0.0000000000
