#!ascii label  , from subject chris_t1_4 vox2ras=TkReg
983
93518  42.676  16.628  16.676 0.0000000000
148109  48.075  12.793  8.524 0.0000000000
92932  45.642  15.225  5.417 0.0000000000
85737  47.127  6.507  -0.790 0.0000000000
89098  41.803  11.013  14.528 0.0000000000
94204  45.724  17.736  12.247 0.0000000000
89984  49.979  11.654  1.131 0.0000000000
92978  41.414  15.603  1.100 0.0000000000
92839  51.990  15.343  14.821 0.0000000000
92149  46.320  14.277  13.951 0.0000000000
133637  44.366  8.738  9.279 0.0000000000
126893  40.430  18.110  2.834 0.0000000000
92289  45.405  15.039  -0.731 0.0000000000
92902  52.668  15.475  7.562 0.0000000000
92285  50.486  14.022  -0.650 0.0000000000
141186  38.914  16.698  -1.249 0.0000000000
93515  47.170  16.893  17.334 0.0000000000
92099  44.979  14.909  17.455 0.0000000000
88254  43.273  9.763  12.018 0.0000000000
93585  42.694  17.093  8.028 0.0000000000
123647  41.765  20.375  4.967 0.0000000000
129655  42.619  16.732  4.858 0.0000000000
93644  43.447  16.524  1.114 0.0000000000
92964  45.480  15.683  1.839 0.0000000000
91434  50.399  13.170  12.086 0.0000000000
92865  52.492  15.219  11.193 0.0000000000
91462  51.487  13.911  7.914 0.0000000000
87510  52.001  9.422  -0.576 0.0000000000
90779  53.006  13.274  0.224 0.0000000000
139673  49.166  10.025  -1.647 0.0000000000
89197  47.116  10.481  -0.908 0.0000000000
86642  46.020  7.499  -1.009 0.0000000000
84823  43.130  5.331  0.919 0.0000000000
92815  40.836  15.502  16.181 0.0000000000
90644  43.070  12.913  17.301 0.0000000000
92885  45.388  15.654  9.646 0.0000000000
129282  46.156  10.637  5.239 0.0000000000
90750  48.857  12.460  4.641 0.0000000000
89177  48.225  10.309  1.711 0.0000000000
86620  52.288  7.979  0.601 0.0000000000
95413  50.109  19.498  16.032 0.0000000000
94146  49.321  18.115  18.394 0.0000000000
92135  49.277  14.631  14.299 0.0000000000
90695  48.123  11.816  11.852 0.0000000000
90683  43.760  12.355  13.587 0.0000000000
89111  45.381  10.626  11.644 0.0000000000
89932  45.719  11.075  8.577 0.0000000000
88293  44.760  8.980  6.301 0.0000000000
93532  38.455  16.506  15.435 0.0000000000
96908  41.989  21.260  1.657 0.0000000000
126135  39.419  19.228  0.361 0.0000000000
94268  40.900  16.581  -0.110 0.0000000000
92278  43.441  15.417  0.133 0.0000000000
90768  44.736  12.514  2.724 0.0000000000
93555  48.925  16.421  13.790 0.0000000000
92163  48.918  14.789  10.193 0.0000000000
124270  48.336  14.729  6.356 0.0000000000
91500  52.814  13.916  3.774 0.0000000000
92239  52.050  14.756  2.782 0.0000000000
92241  48.443  14.492  2.961 0.0000000000
92275  47.288  14.512  -0.445 0.0000000000
89985  46.354  12.256  1.011 0.0000000000
94278  38.155  17.857  -1.132 0.0000000000
94896  38.765  19.111  -1.811 0.0000000000
93506  45.035  16.650  18.270 0.0000000000
92813  43.855  15.643  17.501 0.0000000000
92908  43.735  16.012  7.435 0.0000000000
93602  42.329  16.912  6.560 0.0000000000
93609  44.485  15.830  5.077 0.0000000000
92956  44.710  15.934  3.273 0.0000000000
92954  46.026  15.160  3.638 0.0000000000
131050  48.849  12.823  9.685 0.0000000000
91442  50.539  13.483  9.412 0.0000000000
91451  49.384  13.324  8.217 0.0000000000
86638  49.955  7.892  -1.175 0.0000000000
136505  51.475  9.944  -1.264 0.0000000000
140036  48.541  8.890  -1.590 0.0000000000
87514  47.699  8.909  -1.508 0.0000000000
85744  46.469  7.043  -1.092 0.0000000000
144737  44.835  5.734  -0.685 0.0000000000
84839  45.835  5.296  -0.737 0.0000000000
131593  40.869  13.681  16.534 0.0000000000
94213  44.264  17.483  10.614 0.0000000000
93573  45.478  16.672  11.507 0.0000000000
88302  45.967  9.679  4.060 0.0000000000
129685  47.269  10.688  3.300 0.0000000000
88317  46.897  9.497  2.488 0.0000000000
86614  50.878  7.337  1.406 0.0000000000
85723  51.910  6.807  1.322 0.0000000000
85733  52.179  7.589  0.429 0.0000000000
92828  46.319  15.998  15.779 0.0000000000
92827  48.297  15.907  15.520 0.0000000000
92148  47.458  14.031  13.597 0.0000000000
136517  48.221  13.371  13.275 0.0000000000
90679  47.535  12.485  12.733 0.0000000000
90661  42.807  12.123  16.255 0.0000000000
90660  43.333  12.601  15.710 0.0000000000
89896  42.444  11.533  14.363 0.0000000000
87423  43.893  8.948  10.822 0.0000000000
89106  44.429  10.627  12.006 0.0000000000
88261  45.039  9.872  10.204 0.0000000000
89120  46.149  10.798  10.348 0.0000000000
88276  45.048  9.851  8.475 0.0000000000
138880  45.076  9.803  7.637 0.0000000000
138989  44.515  8.886  8.065 0.0000000000
85690  44.615  6.335  6.017 0.0000000000
95481  40.597  19.368  4.138 0.0000000000
96142  41.340  20.540  3.202 0.0000000000
96149  40.539  20.052  2.877 0.0000000000
96157  40.361  20.521  1.030 0.0000000000
95491  39.754  19.002  2.109 0.0000000000
94270  39.661  17.812  -0.165 0.0000000000
94258  40.334  17.786  1.638 0.0000000000
92992  44.104  15.483  0.001 0.0000000000
92993  43.294  15.740  -0.082 0.0000000000
92277  44.076  15.023  -0.118 0.0000000000
92256  44.260  14.451  1.847 0.0000000000
91516  45.147  14.226  1.219 0.0000000000
94176  50.810  17.563  16.361 0.0000000000
94187  49.071  17.495  14.793 0.0000000000
93542  50.780  16.528  14.891 0.0000000000
92881  52.372  15.257  9.412 0.0000000000
146785  50.806  15.236  11.112 0.0000000000
92177  50.734  15.207  8.982 0.0000000000
92179  48.964  14.713  8.668 0.0000000000
92904  50.172  15.198  7.124 0.0000000000
89966  49.314  12.107  3.005 0.0000000000
146874  50.574  13.117  4.177 0.0000000000
90757  50.991  13.033  2.953 0.0000000000
143024  52.062  13.733  -0.691 0.0000000000
91512  53.181  14.207  1.293 0.0000000000
128043  52.080  14.489  0.810 0.0000000000
139782  50.155  14.608  3.515 0.0000000000
92263  49.134  14.370  1.014 0.0000000000
127949  47.796  14.572  0.820 0.0000000000
92286  49.136  13.955  -0.795 0.0000000000
89198  46.307  10.120  -0.543 0.0000000000
89188  46.689  11.103  -0.264 0.0000000000
89190  44.917  10.118  0.693 0.0000000000
89179  44.519  10.584  1.597 0.0000000000
95434  47.034  19.068  13.183 0.0000000000
93658  38.967  16.272  -0.646 0.0000000000
92980  39.706  15.914  -0.488 0.0000000000
94777  46.686  18.262  19.198 0.0000000000
94149  46.187  17.481  18.969 0.0000000000
92802  45.404  15.621  17.836 0.0000000000
92120  45.296  14.660  15.389 0.0000000000
89108  42.154  10.174  12.909 0.0000000000
95465  41.713  18.954  6.884 0.0000000000
94236  41.302  17.788  5.369 0.0000000000
94248  41.949  17.236  3.614 0.0000000000
94256  41.930  17.226  2.701 0.0000000000
93625  43.321  16.569  3.105 0.0000000000
93643  44.165  16.371  1.596 0.0000000000
92974  45.482  15.632  0.626 0.0000000000
91418  51.631  14.423  13.427 0.0000000000
92858  52.310  15.058  13.149 0.0000000000
91432  52.303  14.585  11.831 0.0000000000
91448  52.245  14.610  9.201 0.0000000000
140940  53.010  15.045  7.784 0.0000000000
89185  52.306  10.019  -0.352 0.0000000000
90780  52.350  12.559  0.362 0.0000000000
89992  52.234  11.061  -0.503 0.0000000000
90006  51.821  11.761  -1.140 0.0000000000
90794  49.999  12.585  -1.462 0.0000000000
90795  49.032  12.508  -1.446 0.0000000000
136314  48.318  10.964  -1.428 0.0000000000
88341  46.913  9.637  -1.048 0.0000000000
87506  44.754  7.818  -0.379 0.0000000000
83936  43.637  4.705  0.401 0.0000000000
141516  41.440  15.954  16.340 0.0000000000
92110  42.745  14.729  17.143 0.0000000000
133784  41.604  13.845  16.841 0.0000000000
90645  42.490  12.602  17.292 0.0000000000
89885  41.837  11.100  16.430 0.0000000000
94839  43.180  18.685  9.203 0.0000000000
93583  43.982  16.265  9.028 0.0000000000
92906  45.352  15.510  7.937 0.0000000000
90734  46.942  12.019  6.912 0.0000000000
90732  48.403  12.697  6.254 0.0000000000
89960  47.489  11.543  4.483 0.0000000000
89977  47.975  11.140  2.914 0.0000000000
89176  48.994  11.067  1.599 0.0000000000
86623  48.635  7.873  0.851 0.0000000000
88323  49.356  9.243  0.508 0.0000000000
88333  50.999  9.399  0.286 0.0000000000
87494  52.476  8.799  0.087 0.0000000000
86630  50.928  7.396  -0.513 0.0000000000
85736  49.007  6.671  -0.667 0.0000000000
125573  46.273  4.617  -0.530 0.0000000000
143788  49.888  18.708  17.376 0.0000000000
93512  51.290  16.486  16.643 0.0000000000
93504  47.902  17.374  17.954 0.0000000000
147823  49.887  16.598  17.029 0.0000000000
92840  51.084  14.926  15.105 0.0000000000
91419  50.505  13.732  13.336 0.0000000000
90694  48.837  12.284  11.647 0.0000000000
124214  48.164  12.320  10.163 0.0000000000
91379  43.975  13.929  17.346 0.0000000000
91396  44.221  13.685  15.619 0.0000000000
91423  44.825  13.362  13.748 0.0000000000
146077  43.498  11.031  12.684 0.0000000000
89902  44.314  11.890  12.856 0.0000000000
90689  46.199  12.084  12.569 0.0000000000
89913  46.830  11.274  11.589 0.0000000000
89922  46.623  11.514  9.814 0.0000000000
90711  46.705  12.039  8.878 0.0000000000
89948  45.904  10.921  6.839 0.0000000000
89149  45.654  10.158  5.632 0.0000000000
87466  45.307  8.279  4.382 0.0000000000
86569  44.299  7.473  7.228 0.0000000000
86584  44.618  7.058  5.459 0.0000000000
93530  40.182  16.777  15.661 0.0000000000
93531  39.378  16.447  15.539 0.0000000000
92833  37.255  15.588  15.364 0.0000000000
96891  43.567  21.413  2.206 0.0000000000
96921  41.702  21.331  -0.350 0.0000000000
94890  39.048  18.433  -1.708 0.0000000000
93664  39.907  16.222  -0.939 0.0000000000
92987  41.233  15.869  -0.418 0.0000000000
93646  41.694  16.718  0.412 0.0000000000
124787  42.037  15.807  -0.390 0.0000000000
92977  41.902  15.610  0.267 0.0000000000
93557  47.164  17.006  13.362 0.0000000000
92860  50.393  15.493  12.656 0.0000000000
92861  49.046  15.551  12.460 0.0000000000
92863  46.974  15.918  12.051 0.0000000000
92883  46.972  15.126  9.936 0.0000000000
92181  46.869  15.074  8.117 0.0000000000
92205  46.964  14.840  5.989 0.0000000000
91475  49.867  13.355  6.710 0.0000000000
91474  51.905  13.851  5.976 0.0000000000
91472  53.442  14.885  5.782 0.0000000000
132040  53.033  13.929  1.945 0.0000000000
91506  53.194  14.625  3.590 0.0000000000
92930  52.158  15.422  5.290 0.0000000000
122409  50.630  15.105  4.863 0.0000000000
92217  48.787  14.690  5.139 0.0000000000
92945  46.760  14.790  4.397 0.0000000000
92255  46.806  14.856  2.338 0.0000000000
92264  46.859  14.929  1.130 0.0000000000
91532  46.076  14.800  -0.777 0.0000000000
91530  47.897  13.225  -1.255 0.0000000000
90788  47.293  13.258  -0.775 0.0000000000
144151  46.118  13.837  -0.171 0.0000000000
90767  45.318  12.357  2.179 0.0000000000
129261  42.515  5.949  1.350 0.0000000000
95507  38.394  19.256  -1.604 0.0000000000
144632  38.669  19.685  -2.004 0.0000000000
94165  43.258  17.270  17.009 0.0000000000
93507  44.132  16.755  17.566 0.0000000000
93517  43.381  16.410  17.112 0.0000000000
92919  45.149  15.284  6.294 0.0000000000
128278  44.361  15.665  5.998 0.0000000000
140388  44.958  15.504  5.518 0.0000000000
122790  45.188  15.572  4.774 0.0000000000
92946  45.884  15.152  4.566 0.0000000000
128070  48.687  13.062  8.800 0.0000000000
91443  49.550  13.283  9.110 0.0000000000
90709  48.514  13.046  7.976 0.0000000000
86639  48.844  7.484  -1.189 0.0000000000
129353  48.726  8.223  -1.511 0.0000000000
132757  47.967  7.831  -1.462 0.0000000000
86640  47.431  8.191  -1.415 0.0000000000
85743  47.241  7.467  -1.186 0.0000000000
85738  46.165  6.153  -0.950 0.0000000000
95439  45.933  18.997  12.047 0.0000000000
94826  45.497  18.355  11.929 0.0000000000
94210  45.250  17.502  11.698 0.0000000000
88309  45.674  8.789  3.751 0.0000000000
88308  46.306  9.356  3.213 0.0000000000
136803  46.485  8.781  2.601 0.0000000000
84826  51.684  6.235  1.261 0.0000000000
84827  51.453  5.782  0.882 0.0000000000
92968  41.538  15.666  2.309 0.0000000000
128965  45.949  14.993  14.686 0.0000000000
92137  46.969  14.840  14.339 0.0000000000
91422  46.643  13.488  13.414 0.0000000000
89897  42.239  11.476  15.599 0.0000000000
90672  42.864  12.091  15.080 0.0000000000
87429  44.119  8.646  9.982 0.0000000000
88262  44.510  9.393  10.502 0.0000000000
88268  44.618  9.293  9.698 0.0000000000
88267  45.014  9.862  9.339 0.0000000000
88277  44.624  9.212  8.784 0.0000000000
139198  44.737  9.387  8.035 0.0000000000
94870  40.286  18.810  3.513 0.0000000000
130805  40.427  19.514  3.460 0.0000000000
95485  40.087  19.279  2.867 0.0000000000
95490  40.037  19.679  2.153 0.0000000000
145382  40.025  18.713  2.725 0.0000000000
94871  39.949  18.387  1.987 0.0000000000
92991  45.039  15.201  -0.512 0.0000000000
128582  44.580  15.127  -0.335 0.0000000000
92266  44.417  14.666  0.497 0.0000000000
92265  44.975  14.688  -0.296 0.0000000000
93528  51.629  16.257  15.778 0.0000000000
94185  51.254  16.762  15.695 0.0000000000
93541  51.689  16.121  15.151 0.0000000000
138121  52.611  15.361  8.174 0.0000000000
92882  51.791  15.408  9.297 0.0000000000
92889  51.840  15.553  7.983 0.0000000000
92890  50.688  15.279  8.047 0.0000000000
92903  51.531  15.481  7.233 0.0000000000
89975  49.550  11.828  2.122 0.0000000000
90766  50.254  12.454  2.584 0.0000000000
90774  50.506  12.356  1.577 0.0000000000
91527  51.048  13.633  -0.901 0.0000000000
92271  52.702  14.323  0.201 0.0000000000
92272  51.300  14.325  0.128 0.0000000000
92262  50.686  14.420  1.143 0.0000000000
92273  49.809  14.251  0.095 0.0000000000
88343  45.244  9.001  -0.269 0.0000000000
88334  45.475  9.723  -0.046 0.0000000000
88335  44.600  9.391  0.384 0.0000000000
88325  44.021  9.815  1.123 0.0000000000
94277  38.692  17.478  -1.392 0.0000000000
94271  38.462  17.207  -1.024 0.0000000000
141389  39.460  16.275  -1.053 0.0000000000
94778  45.767  18.204  18.752 0.0000000000
94779  45.049  18.292  18.223 0.0000000000
92803  44.841  15.288  17.815 0.0000000000
93505  45.314  16.008  18.179 0.0000000000
92812  45.524  15.420  17.019 0.0000000000
92108  45.151  14.753  16.561 0.0000000000
95461  42.526  19.089  8.125 0.0000000000
95464  42.083  19.001  7.453 0.0000000000
94221  42.153  17.735  7.647 0.0000000000
93611  42.430  16.773  5.659 0.0000000000
94228  41.797  17.288  6.030 0.0000000000
94235  41.987  17.126  5.104 0.0000000000
94242  41.593  17.457  4.409 0.0000000000
131683  42.404  16.911  4.147 0.0000000000
93626  42.573  16.862  3.223 0.0000000000
147404  42.891  16.670  3.662 0.0000000000
92955  45.398  15.578  2.927 0.0000000000
93632  44.124  16.363  2.684 0.0000000000
92965  44.827  16.063  2.243 0.0000000000
92975  44.804  16.021  1.076 0.0000000000
91428  51.191  13.748  12.744 0.0000000000
91427  51.972  14.363  12.422 0.0000000000
91433  51.474  13.776  11.987 0.0000000000
91449  51.491  13.942  8.849 0.0000000000
91441  51.551  13.947  9.746 0.0000000000
92176  52.660  14.993  8.643 0.0000000000
122826  52.680  14.541  7.391 0.0000000000
88340  52.847  9.437  -0.148 0.0000000000
89195  52.391  9.928  -0.395 0.0000000000
132143  52.272  9.937  -0.573 0.0000000000
131298  50.154  9.954  -1.646 0.0000000000
89204  50.895  10.501  -1.532 0.0000000000
90007  50.870  11.223  -1.488 0.0000000000
137438  50.646  11.963  -1.277 0.0000000000
89205  49.689  10.704  -1.619 0.0000000000
132129  48.936  11.102  -1.539 0.0000000000
89206  48.697  10.433  -1.548 0.0000000000
87515  47.013  8.526  -1.281 0.0000000000
131176  47.165  9.096  -1.319 0.0000000000
87516  46.345  8.213  -0.971 0.0000000000
87505  45.885  8.607  -0.651 0.0000000000
138625  45.577  7.964  -0.742 0.0000000000
86632  45.221  7.241  -0.799 0.0000000000
84841  44.488  5.105  -0.478 0.0000000000
92111  41.814  14.940  16.620 0.0000000000
92112  40.864  14.485  16.341 0.0000000000
90652  41.358  13.017  17.023 0.0000000000
90646  41.794  12.178  17.427 0.0000000000
89862  42.108  11.809  17.273 0.0000000000
89874  41.648  10.987  17.160 0.0000000000
92879  44.876  16.103  10.116 0.0000000000
93580  44.225  16.503  9.786 0.0000000000
92886  44.682  15.898  9.363 0.0000000000
92893  44.559  15.742  8.555 0.0000000000
92892  45.306  15.546  8.877 0.0000000000
89954  46.551  11.307  5.637 0.0000000000
89953  47.254  11.731  5.280 0.0000000000
89154  46.750  11.127  4.840 0.0000000000
89167  47.544  10.354  2.488 0.0000000000
89968  47.741  11.360  3.688 0.0000000000
89166  48.285  10.875  2.278 0.0000000000
89976  48.743  11.459  2.564 0.0000000000
87488  47.691  8.118  1.248 0.0000000000
86615  49.252  7.282  1.261 0.0000000000
86621  51.424  8.000  0.717 0.0000000000
86622  49.849  7.839  0.660 0.0000000000
87496  50.417  8.553  0.479 0.0000000000
135889  50.047  10.091  0.407 0.0000000000
87495  52.052  8.625  0.396 0.0000000000
88332  52.435  9.382  0.026 0.0000000000
86619  52.292  8.079  0.479 0.0000000000
84834  51.023  6.285  0.284 0.0000000000
85734  51.487  6.919  0.093 0.0000000000
85735  50.396  6.730  -0.365 0.0000000000
86631  49.781  7.257  -0.760 0.0000000000
84836  48.589  5.848  -0.381 0.0000000000
134018  49.453  19.343  18.987 0.0000000000
125798  49.772  19.447  18.026 0.0000000000
94785  49.646  18.478  18.104 0.0000000000
94164  50.544  17.717  17.362 0.0000000000
93502  50.948  17.024  17.353 0.0000000000
93496  47.086  17.164  18.494 0.0000000000
130473  47.912  17.786  18.903 0.0000000000
92842  48.780  15.359  14.781 0.0000000000
93529  49.064  16.366  16.281 0.0000000000
92826  49.518  15.738  15.591 0.0000000000
92825  50.699  15.540  15.724 0.0000000000
92841  50.039  15.133  14.982 0.0000000000
92134  50.495  14.625  14.499 0.0000000000
92146  49.817  14.135  13.774 0.0000000000
91430  48.300  12.705  12.797 0.0000000000
146595  49.082  12.740  12.619 0.0000000000
90686  48.604  12.295  12.261 0.0000000000
90698  48.225  11.936  11.090 0.0000000000
92102  43.160  14.044  17.446 0.0000000000
92805  43.505  14.802  17.450 0.0000000000
91380  43.373  13.622  17.327 0.0000000000
90671  43.438  12.576  14.565 0.0000000000
91397  43.695  13.196  16.184 0.0000000000
91409  43.753  13.196  15.087 0.0000000000
91408  44.389  13.597  14.586 0.0000000000
90670  44.055  13.024  14.096 0.0000000000
126672  42.889  10.184  12.458 0.0000000000
89102  42.925  10.853  12.909 0.0000000000
89107  43.584  10.525  12.315 0.0000000000
89909  44.868  11.292  12.321 0.0000000000
90690  45.235  12.042  12.690 0.0000000000
89908  45.786  11.378  12.216 0.0000000000
89907  46.635  11.504  12.134 0.0000000000
89914  46.206  11.068  11.776 0.0000000000
89923  45.864  11.000  9.437 0.0000000000
129351  46.124  11.545  9.001 0.0000000000
89931  46.226  11.605  8.227 0.0000000000
89939  46.361  11.527  7.321 0.0000000000
89940  45.795  11.021  7.699 0.0000000000
88284  45.127  9.693  6.802 0.0000000000
89143  45.557  10.278  6.413 0.0000000000
148504  45.046  9.054  5.670 0.0000000000
87460  45.411  9.441  5.311 0.0000000000
140959  45.119  8.711  5.088 0.0000000000
85681  44.351  6.559  6.910 0.0000000000
86591  44.943  6.974  4.660 0.0000000000
94178  40.332  17.404  15.627 0.0000000000
94180  38.950  17.313  15.451 0.0000000000
144384  38.790  15.854  15.478 0.0000000000
92832  38.071  15.725  15.465 0.0000000000
96893  41.887  20.990  2.619 0.0000000000
96892  42.647  21.318  2.417 0.0000000000
96907  43.039  21.431  1.282 0.0000000000
96920  42.461  21.377  0.267 0.0000000000
96932  42.781  21.197  -1.771 0.0000000000
136992  41.631  21.299  0.768 0.0000000000
96170  39.635  20.023  0.418 0.0000000000
95503  39.258  19.331  -1.092 0.0000000000
95506  38.980  19.138  -1.866 0.0000000000
94265  40.312  17.419  0.276 0.0000000000
94269  39.973  16.722  -0.889 0.0000000000
92996  40.610  16.024  -0.678 0.0000000000
93657  40.785  16.093  -0.577 0.0000000000
93634  42.786  16.752  2.043 0.0000000000
93635  41.880  17.056  1.466 0.0000000000
93645  42.600  16.590  0.543 0.0000000000
92279  43.179  15.690  -0.042 0.0000000000
92994  42.599  15.868  -0.316 0.0000000000
92986  42.705  15.663  -0.058 0.0000000000
92976  42.878  15.313  0.721 0.0000000000
92966  42.719  15.269  1.874 0.0000000000
92257  43.362  14.913  1.797 0.0000000000
91508  44.773  13.600  2.318 0.0000000000
94812  49.588  19.378  15.179 0.0000000000
93543  49.489  16.801  14.537 0.0000000000
94188  48.302  17.768  14.469 0.0000000000
93544  48.426  17.041  14.272 0.0000000000
94197  47.600  17.552  13.907 0.0000000000
93556  47.898  16.694  13.577 0.0000000000
124622  52.441  15.121  12.063 0.0000000000
92859  51.925  15.374  12.723 0.0000000000
92866  52.102  15.427  11.643 0.0000000000
92162  49.917  14.968  10.349 0.0000000000
92867  49.818  15.184  11.832 0.0000000000
92868  48.609  15.264  11.658 0.0000000000
92862  47.906  15.664  12.292 0.0000000000
92869  47.555  15.436  11.506 0.0000000000
92876  47.243  15.231  10.738 0.0000000000
92164  47.910  14.887  10.074 0.0000000000
141887  48.319  14.734  8.089 0.0000000000
92180  47.544  14.854  8.488 0.0000000000
130308  47.589  14.835  7.671 0.0000000000
92195  46.979  14.997  7.399 0.0000000000
90742  48.619  12.603  5.448 0.0000000000
90731  49.254  13.082  5.996 0.0000000000
90741  49.537  12.938  5.181 0.0000000000
91493  51.618  13.502  4.404 0.0000000000
91485  51.719  13.615  5.224 0.0000000000
91484  52.898  14.262  5.495 0.0000000000
91491  53.376  14.634  4.964 0.0000000000
133702  52.672  13.238  0.734 0.0000000000
90772  52.461  13.431  1.329 0.0000000000
91513  53.179  13.778  0.926 0.0000000000
92251  52.963  14.494  2.039 0.0000000000
92250  52.977  14.419  2.472 0.0000000000
92228  52.787  15.142  3.668 0.0000000000
92944  53.067  15.274  4.488 0.0000000000
92229  51.880  15.238  4.352 0.0000000000
92215  50.771  15.284  5.807 0.0000000000
145512  50.899  15.031  4.265 0.0000000000
92240  49.193  14.555  3.663 0.0000000000
122899  48.964  14.644  4.376 0.0000000000
92231  48.278  14.542  3.812 0.0000000000
124127  48.172  14.564  4.538 0.0000000000
92232  47.508  14.621  4.005 0.0000000000
92243  46.755  14.804  3.375 0.0000000000
92242  47.534  14.596  3.140 0.0000000000
134278  46.818  14.957  0.234 0.0000000000
92276  46.330  14.901  -0.715 0.0000000000
92288  46.856  14.367  -0.735 0.0000000000
90010  48.051  11.597  -1.230 0.0000000000
91539  48.509  13.161  -1.388 0.0000000000
90787  47.779  12.356  -0.978 0.0000000000
89995  46.713  11.915  0.301 0.0000000000
90001  47.273  12.117  -0.342 0.0000000000
90781  46.763  12.686  0.109 0.0000000000
91521  46.535  13.647  -0.405 0.0000000000
90775  45.839  12.669  1.647 0.0000000000
89986  45.442  11.630  1.667 0.0000000000
89180  43.566  10.130  1.951 0.0000000000
89987  44.593  11.198  2.235 0.0000000000
142595  43.032  5.933  0.756 0.0000000000
83927  42.741  5.184  1.642 0.0000000000
94892  37.967  18.738  -1.115 0.0000000000
94891  38.449  18.379  -1.569 0.0000000000
94155  44.654  17.632  17.970 0.0000000000
123570  44.651  15.792  17.927 0.0000000000
92804  44.221  14.989  17.684 0.0000000000
126247  43.305  16.473  7.904 0.0000000000
93593  42.358  17.166  7.286 0.0000000000
93592  43.000  16.589  7.149 0.0000000000
92933  43.780  16.122  5.558 0.0000000000
93617  43.893  16.215  4.617 0.0000000000
93624  43.997  16.301  3.678 0.0000000000
92947  44.606  15.884  4.199 0.0000000000
130706  45.306  15.536  3.899 0.0000000000
90696  49.980  13.028  10.781 0.0000000000
91438  50.700  13.420  10.305 0.0000000000
90701  49.727  13.147  10.017 0.0000000000
91450  50.419  13.508  8.484 0.0000000000
91463  50.242  13.480  7.576 0.0000000000
87512  50.623  8.461  -1.179 0.0000000000
88346  50.709  9.186  -1.397 0.0000000000
87513  49.571  8.670  -1.497 0.0000000000
88347  49.334  9.394  -1.616 0.0000000000
88348  48.382  9.632  -1.540 0.0000000000
146905  48.008  8.430  -1.577 0.0000000000
86641  46.770  7.838  -1.165 0.0000000000
85740  44.954  6.447  -0.740 0.0000000000
85739  45.693  6.706  -1.004 0.0000000000
84840  45.131  5.159  -0.798 0.0000000000
134148  44.957  4.522  -0.697 0.0000000000
92122  40.082  14.982  15.935 0.0000000000
92113  40.063  13.932  16.108 0.0000000000
95453  44.174  18.785  10.321 0.0000000000
94833  44.437  18.225  10.836 0.0000000000
93574  44.773  17.023  11.152 0.0000000000
92878  45.584  15.788  10.384 0.0000000000
89155  46.352  10.425  4.454 0.0000000000
89160  46.990  10.930  4.055 0.0000000000
89161  46.575  10.214  3.664 0.0000000000
89168  46.834  10.082  2.985 0.0000000000
88316  47.535  9.586  1.834 0.0000000000
85724  51.370  6.720  1.675 0.0000000000
86613  52.005  7.368  1.209 0.0000000000
86612  52.184  7.488  0.831 0.0000000000
85729  51.987  6.780  0.772 0.0000000000
94774  49.173  18.563  19.057 0.0000000000
93516  46.666  16.391  16.397 0.0000000000
141519  47.781  16.494  16.335 0.0000000000
134807  47.174  16.000  15.595 0.0000000000
92843  47.619  15.438  14.839 0.0000000000
92136  48.098  14.710  14.208 0.0000000000
92147  48.644  14.060  13.643 0.0000000000
91421  47.496  13.082  13.133 0.0000000000
90687  47.905  12.029  12.387 0.0000000000
90651  42.695  12.286  17.060 0.0000000000
90650  43.238  12.677  16.732 0.0000000000
89895  43.068  11.995  13.996 0.0000000000
88258  43.609  9.329  11.460 0.0000000000
89113  43.972  10.033  11.724 0.0000000000
88257  44.295  9.639  11.186 0.0000000000
89114  44.967  9.946  11.022 0.0000000000
137343  45.600  10.323  10.730 0.0000000000
89121  45.523  10.360  9.841 0.0000000000
89128  45.382  10.462  8.973 0.0000000000
89135  45.429  10.416  8.092 0.0000000000
88285  44.625  9.098  7.271 0.0000000000
84787  44.932  5.718  5.824 0.0000000000
95477  40.791  19.233  4.970 0.0000000000
127735  41.532  20.447  4.056 0.0000000000
96143  40.806  20.039  3.760 0.0000000000
96148  41.193  20.718  2.331 0.0000000000
96156  41.056  20.963  1.451 0.0000000000
126525  40.459  20.361  1.947 0.0000000000
95497  39.940  20.047  1.447 0.0000000000
94880  39.532  18.614  1.021 0.0000000000
94259  39.811  17.999  1.063 0.0000000000
93653  44.022  16.135  0.425 0.0000000000
134483  43.262  16.305  0.227 0.0000000000
93654  43.363  15.988  -0.090 0.0000000000
92290  43.813  15.431  0.046 0.0000000000
92267  43.688  14.908  0.614 0.0000000000
142515  45.286  13.607  1.841 0.0000000000
94802  49.921  18.522  15.847 0.0000000000
94186  50.213  17.250  15.276 0.0000000000
93554  50.215  16.174  14.086 0.0000000000
92873  52.464  15.244  10.632 0.0000000000
122924  52.004  15.489  10.906 0.0000000000
92168  51.062  15.198  10.003 0.0000000000
92169  49.675  14.905  9.443 0.0000000000
92170  48.540  14.744  9.398 0.0000000000
92178  49.832  15.012  8.579 0.0000000000
92192  49.332  14.877  7.779 0.0000000000
122557  49.151  14.919  6.781 0.0000000000
90759  49.100  12.303  3.834 0.0000000000
90749  49.741  12.752  4.378 0.0000000000
90758  50.151  12.639  3.546 0.0000000000
90748  51.344  13.318  3.633 0.0000000000
90778  53.149  13.656  -0.056 0.0000000000
91520  53.269  13.938  0.490 0.0000000000
147918  53.191  14.098  0.170 0.0000000000
92260  52.990  14.450  1.044 0.0000000000
122898  51.311  14.926  3.681 0.0000000000
123090  50.858  14.543  2.239 0.0000000000
123089  49.730  14.407  1.882 0.0000000000
92253  48.682  14.452  1.981 0.0000000000
92274  48.456  14.289  -0.112 0.0000000000
92287  47.901  14.084  -1.056 0.0000000000
90000  47.493  11.363  -0.855 0.0000000000
89189  45.794  10.505  0.210 0.0000000000
89178  46.120  11.370  0.682 0.0000000000
141894  45.373  10.814  1.003 0.0000000000
94822  46.579  18.445  12.998 0.0000000000
93659  38.420  16.771  -0.454 0.0000000000
92979  40.266  15.702  0.156 0.0000000000
138765  46.384  16.923  18.746 0.0000000000
94150  45.438  17.481  18.541 0.0000000000
93497  45.912  16.293  18.296 0.0000000000
92801  46.088  16.199  17.467 0.0000000000
130139  45.978  16.015  16.423 0.0000000000
92829  45.727  15.477  15.769 0.0000000000
92138  45.461  14.333  14.421 0.0000000000
89103  42.231  10.951  13.615 0.0000000000
88255  42.520  9.508  12.308 0.0000000000
88259  42.884  8.989  11.812 0.0000000000
137666  43.928  8.322  9.255 0.0000000000
87436  44.188  8.414  8.556 0.0000000000
95472  42.173  19.589  6.746 0.0000000000
95473  41.517  19.218  6.286 0.0000000000
125567  41.853  17.526  6.894 0.0000000000
94229  41.462  17.985  6.349 0.0000000000
129052  41.222  19.295  5.601 0.0000000000
94860  40.848  18.512  5.116 0.0000000000
94243  40.904  17.964  4.476 0.0000000000
94249  41.144  17.657  3.500 0.0000000000
94257  41.023  17.511  2.247 0.0000000000
93633  43.596  16.545  2.126 0.0000000000
92985  44.816  15.614  0.085 0.0000000000
92984  45.417  15.394  -0.335 0.0000000000
92133  52.086  14.908  14.294 0.0000000000
92849  52.181  15.148  14.064 0.0000000000
92144  52.319  14.957  13.428 0.0000000000
92155  52.449  14.950  12.500 0.0000000000
92157  52.593  15.037  11.537 0.0000000000
91437  51.711  13.962  10.626 0.0000000000
91436  52.493  14.729  10.959 0.0000000000
92161  52.597  14.948  10.215 0.0000000000
92167  52.548  15.016  9.549 0.0000000000
92175  52.511  15.124  8.873 0.0000000000
92190  52.935  15.188  7.797 0.0000000000
89994  50.784  11.399  0.404 0.0000000000
89983  50.999  12.183  0.620 0.0000000000
89993  52.020  11.402  -0.121 0.0000000000
129526  52.436  12.265  -0.178 0.0000000000
89203  52.120  10.722  -1.134 0.0000000000
147381  52.259  11.341  -0.901 0.0000000000
90786  52.782  12.898  -0.317 0.0000000000
90792  52.160  12.656  -0.857 0.0000000000
91536  51.627  13.246  -1.020 0.0000000000
91537  50.476  13.221  -1.343 0.0000000000
91538  49.374  13.193  -1.435 0.0000000000
90009  48.676  11.722  -1.388 0.0000000000
89196  47.740  10.766  -1.232 0.0000000000
88349  47.605  9.582  -1.371 0.0000000000
89208  47.492  10.106  -1.213 0.0000000000
88342  46.100  9.296  -0.606 0.0000000000
86634  43.816  6.838  0.154 0.0000000000
84830  43.690  5.469  0.213 0.0000000000
93519  41.771  16.851  16.252 0.0000000000
147508  42.968  15.611  16.999 0.0000000000
92814  42.163  15.878  16.564 0.0000000000
91391  42.438  13.938  17.245 0.0000000000
91382  42.181  13.085  17.379 0.0000000000
89884  42.265  11.614  16.796 0.0000000000
134394  41.612  10.797  15.558 0.0000000000
94841  42.981  19.134  8.653 0.0000000000
146194  42.775  18.081  8.953 0.0000000000
94214  43.648  17.634  10.060 0.0000000000
93581  43.517  17.024  9.475 0.0000000000
93584  43.335  16.695  8.609 0.0000000000
92894  43.824  16.039  8.240 0.0000000000
127935  44.977  15.441  7.197 0.0000000000
127042  45.785  15.329  6.997 0.0000000000
90722  47.506  12.411  7.270 0.0000000000
90721  48.269  12.784  7.134 0.0000000000
90733  47.638  12.386  6.557 0.0000000000
90743  47.777  12.306  5.739 0.0000000000
90751  48.013  12.156  4.930 0.0000000000
89959  48.271  11.949  4.136 0.0000000000
89187  49.879  10.882  0.647 0.0000000000
87480  46.996  8.652  1.893 0.0000000000
137615  47.674  8.900  1.346 0.0000000000
87487  48.365  8.628  0.828 0.0000000000
88324  48.259  9.533  1.152 0.0000000000
137375  48.966  10.271  0.855 0.0000000000
89186  51.415  10.397  0.054 0.0000000000
88331  52.596  9.365  -0.221 0.0000000000
87503  52.495  8.947  -0.133 0.0000000000
86629  52.349  8.216  -0.004 0.0000000000
86637  51.311  8.022  -0.607 0.0000000000
136315  48.020  6.366  -0.627 0.0000000000
84838  46.691  5.504  -0.625 0.0000000000
84837  47.625  5.691  -0.478 0.0000000000
83941  47.330  4.825  -0.316 0.0000000000
94794  50.296  18.450  16.779 0.0000000000
147541  50.942  17.617  16.920 0.0000000000
94163  51.345  17.046  16.969 0.0000000000
92810  51.606  16.004  16.042 0.0000000000
94776  47.583  18.273  19.352 0.0000000000
94775  48.454  18.447  19.343 0.0000000000
93503  48.939  17.662  18.066 0.0000000000
93514  48.681  16.977  17.243 0.0000000000
138834  49.945  16.986  17.572 0.0000000000
93513  50.815  16.553  17.019 0.0000000000
92811  51.018  15.773  16.141 0.0000000000
92119  51.837  15.191  15.038 0.0000000000
92145  51.027  14.435  13.958 0.0000000000
91420  49.215  13.301  13.198 0.0000000000
90685  49.420  12.629  12.168 0.0000000000
128203  49.738  12.765  11.491 0.0000000000
90697  49.069  12.570  10.723 0.0000000000
126565  48.067  12.651  9.253 0.0000000000
92101  43.806  14.281  17.484 0.0000000000
92100  44.364  14.625  17.508 0.0000000000
91390  43.559  13.323  17.051 0.0000000000
91389  44.124  13.733  16.679 0.0000000000
92109  44.540  14.327  17.049 0.0000000000
92121  44.659  14.241  16.055 0.0000000000
92139  44.740  14.176  14.978 0.0000000000
91407  45.690  13.670  13.681 0.0000000000
89904  42.789  11.406  13.562 0.0000000000
89910  44.021  11.202  12.487 0.0000000000
90682  44.622  12.615  13.311 0.0000000000
90681  45.643  12.823  13.139 0.0000000000
145419  46.179  13.178  13.265 0.0000000000
90680  46.712  12.723  12.939 0.0000000000
90688  47.110  12.017  12.465 0.0000000000
89906  47.420  11.591  12.007 0.0000000000
89110  46.240  10.779  11.199 0.0000000000
89917  46.850  11.211  10.836 0.0000000000
89912  47.520  11.531  11.352 0.0000000000
89916  47.486  11.719  10.512 0.0000000000
89921  47.384  12.176  9.573 0.0000000000
90710  47.453  12.472  8.677 0.0000000000
90723  46.917  12.200  7.874 0.0000000000
89947  46.439  11.432  6.458 0.0000000000
89142  45.966  10.838  6.012 0.0000000000
132281  45.478  10.360  7.230 0.0000000000
89156  45.760  9.966  4.850 0.0000000000
88303  45.502  9.165  4.558 0.0000000000
87446  44.355  8.298  7.646 0.0000000000
87453  44.505  8.207  6.694 0.0000000000
86577  44.471  7.230  6.365 0.0000000000
132580  44.587  7.863  5.864 0.0000000000
87467  44.805  7.822  5.005 0.0000000000
132551  45.261  7.528  4.340 0.0000000000
94167  41.785  17.788  16.203 0.0000000000
93520  40.853  16.532  15.948 0.0000000000
92830  40.112  15.965  15.796 0.0000000000
128850  39.738  17.156  15.550 0.0000000000
92831  39.380  15.477  15.633 0.0000000000
93533  37.609  16.392  15.340 0.0000000000
92125  37.688  14.743  15.479 0.0000000000
136569  42.095  21.300  -2.730 0.0000000000
96922  40.942  21.145  0.461 0.0000000000
96933  41.492  21.258  -1.595 0.0000000000
126446  41.127  21.243  -2.655 0.0000000000
95512  38.908  19.735  -2.125 0.0000000000
94281  39.135  18.293  -1.323 0.0000000000
94885  39.342  18.463  -0.580 0.0000000000
130127  39.284  17.618  -1.231 0.0000000000
94276  39.241  16.868  -1.278 0.0000000000
92997  39.989  16.024  -0.922 0.0000000000
92988  40.409  15.847  -0.501 0.0000000000
128316  40.944  15.669  0.224 0.0000000000
94264  40.997  17.234  0.958 0.0000000000
93656  41.931  16.251  -0.351 0.0000000000
93655  42.804  16.184  -0.193 0.0000000000
92995  41.686  15.967  -0.554 0.0000000000
123833  42.140  15.520  1.477 0.0000000000
94813  48.920  18.365  14.967 0.0000000000
94821  47.238  18.454  13.588 0.0000000000
94198  46.821  17.651  13.304 0.0000000000
93566  46.599  16.981  12.846 0.0000000000
92850  52.024  15.368  13.811 0.0000000000
92851  51.060  15.639  13.548 0.0000000000
92852  49.597  15.810  13.287 0.0000000000
123714  51.052  15.339  12.006 0.0000000000
93564  48.390  16.034  13.041 0.0000000000
93565  47.319  16.375  12.805 0.0000000000
144505  46.562  16.498  12.358 0.0000000000
93567  45.921  16.987  12.236 0.0000000000
93572  46.199  16.267  11.790 0.0000000000
92877  46.374  15.515  10.579 0.0000000000
92884  46.139  15.425  9.811 0.0000000000
92171  47.636  14.857  9.283 0.0000000000
92172  46.719  15.141  9.047 0.0000000000
147821  45.908  15.401  9.185 0.0000000000
92905  46.284  15.251  7.632 0.0000000000
128412  46.630  15.061  6.785 0.0000000000
92918  46.115  15.078  6.107 0.0000000000
91464  49.151  13.252  7.361 0.0000000000
124072  51.406  13.776  6.849 0.0000000000
91486  50.537  13.380  5.844 0.0000000000
91473  52.858  14.447  6.415 0.0000000000
92191  53.304  15.052  6.876 0.0000000000
92915  53.159  15.275  6.913 0.0000000000
90773  51.642  12.826  1.110 0.0000000000
90765  51.440  13.183  2.014 0.0000000000
91501  52.219  13.605  2.859 0.0000000000
134926  53.055  14.198  2.938 0.0000000000
91499  53.259  14.465  4.313 0.0000000000
92227  53.439  14.871  4.473 0.0000000000
92928  53.324  15.214  5.244 0.0000000000
92929  52.971  15.395  6.114 0.0000000000
92917  51.831  15.477  6.324 0.0000000000
92216  49.699  14.950  5.461 0.0000000000
92230  50.039  14.741  4.201 0.0000000000
140822  49.558  14.806  4.813 0.0000000000
124128  48.353  14.665  5.689 0.0000000000
92218  47.976  14.580  5.185 0.0000000000
92219  47.250  14.674  5.225 0.0000000000
92931  46.439  14.898  5.278 0.0000000000
125189  46.115  15.256  2.616 0.0000000000
92254  47.631  14.604  2.105 0.0000000000
92963  46.178  15.362  1.407 0.0000000000
92973  46.113  15.370  -0.102 0.0000000000
92983  45.703  15.147  -0.725 0.0000000000
91529  48.724  13.603  -1.202 0.0000000000
134771  48.035  13.641  -1.253 0.0000000000
128152  47.459  13.894  -1.105 0.0000000000
91531  46.782  14.096  -0.843 0.0000000000
91522  45.933  14.465  -0.605 0.0000000000
134295  45.718  13.976  0.265 0.0000000000
91515  45.670  13.483  1.393 0.0000000000
91507  45.417  13.077  2.180 0.0000000000
89978  44.873  11.789  2.389 0.0000000000
133282  45.486  4.515  -0.654 0.0000000000
83944  44.056  4.703  -0.139 0.0000000000
85742  47.980  7.088  -0.964 0.0000000000
87461  44.779  8.478  5.661 0.0000000000
87497  49.211  8.360  0.602 0.0000000000
87504  46.596  8.882  -1.023 0.0000000000
87511  51.662  8.698  -0.647 0.0000000000
88292  45.315  9.578  6.034 0.0000000000
89112  44.625  10.177  11.519 0.0000000000
89207  48.020  10.225  -1.405 0.0000000000
89903  43.481  11.556  13.127 0.0000000000
89946  47.027  11.945  6.072 0.0000000000
89967  48.515  11.727  3.352 0.0000000000
90008  49.618  11.690  -1.456 0.0000000000
90693  50.836  13.363  11.255 0.0000000000
90793  51.147  12.602  -1.237 0.0000000000
90796  48.311  12.458  -1.308 0.0000000000
91381  42.833  13.310  17.414 0.0000000000
91417  52.031  14.562  12.918 0.0000000000
91429  49.947  13.141  12.703 0.0000000000
91440  52.351  14.646  10.092 0.0000000000
91461  52.413  14.585  8.309 0.0000000000
91476  48.938  13.106  6.672 0.0000000000
91492  52.833  13.991  4.683 0.0000000000
91494  50.528  13.231  4.868 0.0000000000
91514  46.315  13.190  0.713 0.0000000000
91526  52.561  13.414  -0.553 0.0000000000
91528  49.829  13.670  -1.193 0.0000000000
92158  49.342  14.934  11.013 0.0000000000
92160  52.629  15.105  10.789 0.0000000000
92166  52.528  15.118  10.011 0.0000000000
92193  48.354  14.770  7.204 0.0000000000
92194  47.520  14.801  6.735 0.0000000000
92202  49.873  15.097  6.293 0.0000000000
92203  48.990  14.836  5.936 0.0000000000
92204  47.739  14.667  5.861 0.0000000000
92214  53.553  14.982  5.165 0.0000000000
92238  53.004  14.706  3.119 0.0000000000
92252  50.841  14.649  3.027 0.0000000000
92261  52.162  14.561  1.677 0.0000000000
92270  53.179  14.205  0.580 0.0000000000
92283  52.776  13.997  -0.297 0.0000000000
92284  51.845  14.093  -0.477 0.0000000000
92823  51.751  15.682  15.406 0.0000000000
92824  51.477  15.594  15.601 0.0000000000
92844  46.557  15.522  15.089 0.0000000000
92870  46.648  15.673  11.334 0.0000000000
92871  45.837  15.974  11.127 0.0000000000
92874  52.244  15.347  10.075 0.0000000000
92875  48.243  15.027  10.868 0.0000000000
92888  52.250  15.395  8.727 0.0000000000
92891  46.068  15.322  8.477 0.0000000000
92907  44.420  15.656  7.737 0.0000000000
92916  52.632  15.536  6.876 0.0000000000
92920  44.340  15.589  6.897 0.0000000000
92921  43.711  16.082  6.542 0.0000000000
92943  53.473  15.054  4.683 0.0000000000
92953  53.313  14.995  3.995 0.0000000000
93498  45.772  16.748  18.584 0.0000000000
93527  51.671  16.091  15.823 0.0000000000
93540  51.771  15.822  15.321 0.0000000000
93552  51.925  15.484  14.653 0.0000000000
93553  51.496  15.869  14.416 0.0000000000
93576  45.149  16.376  10.819 0.0000000000
93577  44.497  16.733  10.475 0.0000000000
93578  43.930  17.050  10.153 0.0000000000
93601  43.052  16.470  6.111 0.0000000000
93610  43.189  16.487  5.153 0.0000000000
93618  43.209  16.549  4.169 0.0000000000
93663  42.438  16.009  -0.442 0.0000000000
94147  48.786  18.113  18.871 0.0000000000
94148  46.936  17.565  19.167 0.0000000000
94154  49.983  17.657  17.729 0.0000000000
94162  51.504  16.381  16.246 0.0000000000
94175  51.326  17.094  16.354 0.0000000000
94177  49.747  17.867  15.421 0.0000000000
94203  46.249  17.660  12.687 0.0000000000
94211  44.672  17.679  11.201 0.0000000000
94216  43.178  17.851  9.463 0.0000000000
94218  42.942  17.429  8.844 0.0000000000
94222  41.728  18.305  7.161 0.0000000000
94250  40.643  18.210  3.781 0.0000000000
94825  46.039  18.410  12.432 0.0000000000
94836  43.910  18.094  10.425 0.0000000000
94837  43.574  18.349  9.906 0.0000000000
94842  42.663  18.551  8.554 0.0000000000
94845  42.248  18.431  7.901 0.0000000000
94854  41.498  18.612  6.521 0.0000000000
94859  41.207  18.620  5.837 0.0000000000
94865  40.601  18.659  4.368 0.0000000000
95378  47.491  18.750  19.309 0.0000000000
95463  42.691  19.600  7.541 0.0000000000
95498  39.667  19.427  1.354 0.0000000000
96128  41.752  19.929  5.837 0.0000000000
96136  41.063  19.895  4.541 0.0000000000
123091  49.640  14.442  2.798 0.0000000000
125313  42.483  17.893  8.375 0.0000000000
125750  45.421  5.905  -0.857 0.0000000000
126502  42.533  20.287  6.218 0.0000000000
129009  41.282  19.757  5.199 0.0000000000
131282  40.952  21.164  -0.524 0.0000000000
134242  52.209  11.993  -0.535 0.0000000000
134899  50.300  16.152  16.364 0.0000000000
136040  53.428  15.080  5.984 0.0000000000
137895  51.851  14.086  11.359 0.0000000000
139208  47.771  12.647  7.899 0.0000000000
140872  47.543  14.600  4.669 0.0000000000
141270  51.485  15.402  8.605 0.0000000000
141487  51.929  7.603  -0.085 0.0000000000
142294  50.774  15.328  6.564 0.0000000000
142505  42.883  15.977  -0.290 0.0000000000
142723  51.513  14.787  14.686 0.0000000000
143442  44.969  13.894  14.226 0.0000000000
143717  45.153  8.402  -0.443 0.0000000000
145665  42.408  15.289  16.793 0.0000000000
145761  46.486  16.652  18.193 0.0000000000
146293  44.634  8.397  6.125 0.0000000000
147361  40.931  18.935  5.414 0.0000000000
147895  40.623  17.074  15.705 0.0000000000
148460  48.198  14.723  8.777 0.0000000000
