#!ascii label  , from subject chris_t1_4 vox2ras=TkReg
1021
20817  21.307  -63.498  -24.898 0.6000000238
138572  7.624  -65.047  -20.148 0.6999999881
19930  9.287  -64.188  -21.237 0.6999999881
18183  16.404  -66.467  -22.524 0.8999999762
18196  17.978  -65.863  -23.322 0.8000000119
123858  18.586  -64.740  -24.439 0.8000000119
143360  19.123  -63.409  -23.548 0.6000000238
21652  21.337  -63.059  -24.572 0.6999999881
20805  22.975  -63.082  -24.498 0.6999999881
18102  9.497  -65.549  -19.086 0.6999999881
18101  10.557  -66.107  -18.875 0.6999999881
20786  7.493  -64.075  -20.605 0.6999999881
19918  9.474  -63.864  -20.641 0.6000000238
19949  11.056  -64.647  -21.652 0.6999999881
19064  12.244  -65.503  -21.745 0.6999999881
131410  13.662  -66.581  -21.606 0.8000000119
18168  15.357  -66.693  -21.539 0.8000000119
133148  16.632  -65.744  -22.250 0.8000000119
19086  17.042  -64.987  -22.356 0.8000000119
20808  18.665  -63.676  -23.649 0.6000000238
130684  19.262  -63.277  -23.209 0.6000000238
21645  21.610  -62.724  -24.160 0.6999999881
19945  23.850  -64.061  -23.397 0.6999999881
129745  10.656  -66.211  -17.692 0.5000000000
130346  12.029  -66.780  -18.735 0.6000000238
18081  10.014  -65.647  -18.099 0.4000000060
19025  7.750  -64.463  -19.585 0.6000000238
20756  7.748  -63.558  -19.681 0.5000000000
19916  11.042  -64.383  -20.258 0.6000000238
137288  12.035  -65.222  -21.002 0.8000000119
18146  13.534  -66.253  -20.777 0.6999999881
18118  15.981  -66.482  -20.286 0.6999999881
19039  17.011  -65.328  -20.790 0.6999999881
20784  17.912  -63.450  -22.176 0.5000000000
20796  19.061  -63.184  -22.660 0.6000000238
21635  20.861  -62.794  -23.360 0.6000000238
20815  22.982  -62.922  -24.476 0.6000000238
148362  23.923  -64.272  -21.367 0.5000000000
17251  12.617  -67.055  -16.639 0.5000000000
17264  12.483  -67.144  -17.275 0.6000000238
17263  13.239  -67.527  -17.360 0.6000000238
18080  11.244  -66.551  -17.425 0.5000000000
20768  9.620  -63.593  -20.006 0.5000000000
19903  11.426  -64.310  -19.213 0.6000000238
19022  13.205  -65.413  -19.249 0.6000000238
19020  15.968  -66.249  -19.265 0.6000000238
19018  17.341  -65.515  -19.801 0.5000000000
19914  17.862  -64.174  -21.091 0.5000000000
20783  18.271  -63.547  -21.524 0.6000000238
20782  19.407  -63.166  -22.006 0.6000000238
21643  23.589  -62.796  -24.209 0.5000000000
20795  25.353  -63.189  -23.892 0.5000000000
20764  25.075  -63.483  -20.437 0.5000000000
19925  24.532  -63.834  -22.071 0.5000000000
17250  13.323  -67.369  -16.537 0.5000000000
17249  14.226  -67.749  -16.814 0.5000000000
133044  10.295  -65.774  -17.307 0.5000000000
18990  9.637  -65.145  -17.485 0.4000000060
18977  9.755  -64.731  -16.924 0.3000000119
141370  8.883  -63.471  -17.587 0.4000000060
21591  8.801  -62.834  -18.273 0.3000000119
20714  8.969  -63.033  -17.307 0.3000000119
20753  9.783  -63.314  -19.259 0.5000000000
19890  12.291  -64.410  -18.603 0.5000000000
19006  13.630  -65.074  -18.473 0.5000000000
135109  16.171  -65.687  -18.565 0.5000000000
19902  17.852  -65.061  -19.575 0.5000000000
19901  18.311  -64.623  -20.010 0.6000000238
20766  19.192  -63.586  -20.605 0.6000000238
124911  21.126  -62.795  -22.489 0.5000000000
21633  22.937  -62.545  -23.589 0.5000000000
136133  25.273  -63.485  -21.689 0.5000000000
126669  13.867  -66.913  -15.187 0.5000000000
17234  12.995  -66.816  -15.679 0.5000000000
18064  12.045  -66.536  -15.914 0.5000000000
18047  11.232  -65.780  -15.891 0.4000000060
18066  10.757  -65.709  -16.361 0.5000000000
19849  10.519  -64.685  -16.325 0.4000000060
143022  10.261  -63.488  -16.563 0.3000000119
141379  10.402  -62.340  -18.160 0.3000000119
20739  12.634  -63.775  -18.176 0.4000000060
137000  15.084  -65.230  -18.087 0.5000000000
19886  16.753  -65.174  -18.243 0.4000000060
132106  20.451  -63.087  -21.695 0.5000000000
21610  20.817  -62.887  -20.421 0.5000000000
21622  22.168  -62.600  -22.434 0.5000000000
20748  25.747  -63.059  -19.877 0.5000000000
20779  26.218  -63.110  -22.604 0.4000000060
20802  25.724  -62.868  -23.917 0.5000000000
17217  13.888  -66.728  -14.137 0.5000000000
18044  13.070  -66.441  -14.377 0.5000000000
18030  12.655  -66.056  -14.364 0.5000000000
18941  12.116  -65.879  -14.960 0.4000000060
19831  11.945  -65.293  -15.155 0.4000000060
19848  11.065  -64.281  -16.197 0.3000000119
21559  10.071  -62.159  -17.232 0.3000000119
20740  11.814  -62.830  -18.231 0.4000000060
20727  13.647  -63.393  -18.096 0.4000000060
21587  14.591  -63.024  -18.154 0.4000000060
139788  14.467  -64.009  -18.021 0.4000000060
19874  16.082  -64.508  -17.834 0.4000000060
19873  16.980  -64.359  -17.805 0.5000000000
20738  17.826  -64.160  -17.994 0.5000000000
20751  18.943  -64.061  -19.501 0.6000000238
124724  22.473  -62.573  -21.334 0.4000000060
21621  23.228  -62.512  -22.407 0.5000000000
18018  13.717  -66.084  -13.387 0.4000000060
18939  13.020  -65.684  -14.102 0.4000000060
18029  13.212  -66.079  -13.795 0.4000000060
19830  12.603  -65.156  -14.753 0.4000000060
137788  11.745  -63.976  -16.083 0.4000000060
127313  10.564  -62.510  -16.643 0.4000000060
22437  10.677  -61.660  -17.159 0.4000000060
21590  11.143  -62.050  -18.136 0.4000000060
21588  12.832  -62.732  -18.090 0.4000000060
133168  13.892  -62.377  -18.213 0.4000000060
20725  16.254  -63.602  -17.771 0.5000000000
20724  17.161  -63.464  -17.634 0.5000000000
20723  18.051  -63.325  -17.696 0.6000000238
20735  20.094  -62.931  -19.016 0.5000000000
147293  20.484  -62.507  -18.716 0.4000000060
145068  20.465  -62.913  -19.696 0.4000000060
18915  14.562  -65.914  -12.820 0.4000000060
124870  13.621  -65.452  -13.935 0.4000000060
18927  14.056  -65.831  -13.197 0.4000000060
19829  13.237  -65.003  -14.613 0.4000000060
131594  11.929  -62.961  -16.333 0.4000000060
22462  11.511  -61.543  -17.841 0.4000000060
144334  13.227  -61.939  -18.107 0.4000000060
21572  15.490  -62.785  -18.074 0.4000000060
21571  16.402  -62.668  -17.820 0.5000000000
21570  17.319  -62.458  -17.619 0.4000000060
21584  18.855  -63.122  -17.892 0.6000000238
18926  14.904  -65.630  -13.169 0.4000000060
18938  14.721  -65.377  -14.321 0.4000000060
19828  14.061  -64.916  -14.932 0.4000000060
19846  12.951  -64.426  -15.408 0.4000000060
144716  12.836  -62.718  -16.249 0.4000000060
21550  12.085  -61.924  -16.446 0.4000000060
23290  11.882  -60.934  -16.752 0.5000000000
139582  11.996  -61.045  -17.558 0.4000000060
22460  13.441  -61.375  -18.003 0.3000000119
22459  14.161  -61.567  -18.287 0.3000000119
122746  14.805  -62.048  -18.391 0.4000000060
21585  16.523  -61.871  -17.954 0.4000000060
145848  17.729  -62.019  -17.557 0.4000000060
138402  18.217  -62.546  -17.563 0.5000000000
18914  15.313  -65.910  -12.628 0.4000000060
20689  13.680  -64.364  -15.353 0.4000000060
20701  13.548  -63.517  -15.822 0.4000000060
128222  13.014  -61.628  -16.227 0.3000000119
22432  12.337  -61.078  -16.485 0.3000000119
23308  12.563  -60.550  -17.328 0.3000000119
23319  13.743  -60.668  -17.954 0.3000000119
22458  15.125  -60.996  -18.387 0.3000000119
22447  17.206  -61.366  -17.788 0.4000000060
146521  18.025  -61.066  -17.569 0.4000000060
19827  15.778  -65.057  -14.989 0.3000000119
142142  15.031  -64.771  -15.238 0.3000000119
20688  14.549  -63.965  -15.555 0.3000000119
20700  14.343  -63.056  -15.811 0.3000000119
22431  13.886  -61.406  -15.749 0.3000000119
23288  13.298  -60.581  -16.040 0.3000000119
23298  12.496  -60.406  -16.972 0.4000000060
24170  13.150  -59.864  -16.638 0.4000000060
24199  13.270  -60.432  -17.600 0.3000000119
122909  14.385  -60.124  -18.172 0.3000000119
23317  15.361  -60.194  -18.489 0.3000000119
123897  15.768  -60.484  -18.450 0.4000000060
23307  16.527  -60.486  -18.263 0.4000000060
23306  17.457  -60.442  -17.893 0.4000000060
24163  13.277  -59.924  -16.142 0.4000000060
24169  13.497  -59.178  -16.860 0.4000000060
24198  13.811  -59.961  -17.763 0.4000000060
24197  14.830  -59.516  -18.443 0.3000000119
122897  15.944  -59.836  -18.503 0.4000000060
24195  15.710  -59.235  -18.565 0.4000000060
126096  16.419  -59.089  -18.476 0.4000000060
23316  16.898  -59.786  -18.261 0.4000000060
25099  14.165  -58.590  -17.829 0.4000000060
25098  14.672  -58.720  -18.344 0.5000000000
25096  15.869  -58.621  -18.611 0.4000000060
130442  16.452  -58.385  -18.566 0.4000000060
24179  17.921  -59.684  -17.993 0.3000000119
25095  17.123  -58.486  -18.480 0.3000000119
20828  20.207  -63.681  -25.005 0.6999999881
18184  15.602  -66.848  -22.330 0.8000000119
19948  17.582  -63.794  -22.518 0.6000000238
19062  16.691  -65.302  -21.874 0.6999999881
19061  17.133  -64.422  -22.085 0.6999999881
19963  24.515  -63.292  -24.005 0.6000000238
18991  9.016  -64.547  -18.106 0.4000000060
20755  8.314  -63.215  -19.156 0.4000000060
19041  12.759  -65.501  -20.233 0.6999999881
140695  14.488  -66.251  -19.609 0.6999999881
126685  17.263  -64.536  -21.441 0.6999999881
18065  11.319  -66.207  -16.208 0.5000000000
19005  14.592  -65.485  -18.483 0.5000000000
19891  11.581  -63.682  -18.486 0.4000000060
19884  18.208  -64.685  -18.883 0.6000000238
20750  19.581  -63.498  -19.567 0.5000000000
20737  18.615  -63.870  -18.379 0.6000000238
21551  11.211  -62.170  -16.546 0.3000000119
21586  15.726  -61.889  -18.281 0.4000000060
18925  15.918  -65.562  -13.340 0.4000000060
23318  14.333  -60.841  -18.263 0.3000000119
123177  14.897  -60.210  -18.432 0.3000000119
24196  15.304  -59.644  -18.543 0.3000000119
123498  17.928  -58.695  -18.412 0.3000000119
16547  21.985  -68.426  -25.523 0.6000000238
15775  21.960  -69.514  -24.001 0.6000000238
14153  23.934  -71.639  -18.375 0.6000000238
14124  24.392  -71.281  -16.715 0.6000000238
15840  23.435  -68.453  -26.854 0.5000000000
16580  23.191  -67.478  -27.357 0.6000000238
137181  20.392  -66.706  -27.289 0.6999999881
144489  22.773  -67.107  -26.958 0.6999999881
15822  22.834  -69.121  -25.673 0.6000000238
15776  21.124  -69.219  -23.476 0.6000000238
14975  21.668  -70.162  -22.231 0.6000000238
14952  21.589  -70.293  -20.426 0.6000000238
14933  22.211  -70.486  -19.581 0.6000000238
127805  23.217  -70.920  -18.050 0.6000000238
14125  23.706  -70.532  -16.665 0.6000000238
14876  26.651  -70.328  -15.574 0.6999999881
16581  20.606  -69.061  -26.916 0.6000000238
16568  18.859  -68.820  -24.991 0.6999999881
17389  23.142  -67.268  -28.071 0.5000000000
17384  20.401  -67.725  -27.209 0.6999999881
141099  21.818  -67.222  -27.869 0.6999999881
19132  21.326  -65.771  -27.219 0.6999999881
16565  21.206  -67.776  -25.317 0.6999999881
146774  20.503  -69.129  -22.178 0.5000000000
14905  22.702  -70.268  -17.729 0.6000000238
15638  23.394  -69.745  -16.409 0.6000000238
14878  25.042  -70.186  -15.685 0.6999999881
137345  24.471  -69.207  -15.718 0.6999999881
15634  28.097  -69.234  -16.465 0.6999999881
15635  27.052  -69.040  -16.618 0.6999999881
17355  30.855  -67.711  -24.603 0.4000000060
136357  28.399  -68.199  -23.643 0.5000000000
16491  28.100  -68.194  -21.333 0.6000000238
16469  28.174  -68.411  -20.020 0.6000000238
16446  27.221  -68.331  -17.934 0.6999999881
17375  13.795  -67.783  -26.345 0.5000000000
16569  16.185  -68.774  -25.475 0.5000000000
17362  14.518  -67.485  -25.099 0.6000000238
15825  17.623  -69.746  -25.513 0.5000000000
16553  16.554  -68.551  -24.359 0.6999999881
15799  17.115  -69.268  -24.831 0.5000000000
15823  19.366  -69.274  -25.677 0.6000000238
16539  18.010  -67.798  -23.684 0.6999999881
17385  19.755  -67.362  -26.681 0.6999999881
18239  19.822  -66.367  -26.771 0.6999999881
16538  20.559  -68.443  -23.682 0.6999999881
132383  21.828  -69.894  -18.782 0.6000000238
15654  22.319  -69.455  -17.455 0.6000000238
16432  23.533  -68.611  -15.990 0.6999999881
142483  25.917  -68.734  -16.194 0.6999999881
16430  26.808  -68.304  -17.453 0.6999999881
16460  27.343  -68.044  -19.238 0.6000000238
17271  27.226  -67.902  -18.805 0.6000000238
18206  7.214  -67.046  -23.533 0.5000000000
17379  10.192  -68.226  -25.323 0.4000000060
18217  10.687  -67.126  -24.866 0.5000000000
17365  9.818  -67.643  -24.946 0.5000000000
134163  13.815  -67.387  -25.600 0.5000000000
18203  10.898  -66.336  -23.953 0.6000000238
18215  12.448  -66.753  -24.739 0.6000000238
18199  14.119  -67.261  -23.111 0.6999999881
17350  14.585  -67.478  -24.003 0.6000000238
17349  15.499  -67.559  -23.705 0.6999999881
17360  18.731  -66.847  -24.728 0.6999999881
16566  20.710  -67.209  -25.136 0.6999999881
16512  20.258  -68.347  -22.234 0.6999999881
15674  20.593  -69.051  -20.407 0.6999999881
16461  21.394  -68.582  -18.360 0.6999999881
135677  21.973  -67.947  -17.241 0.6999999881
139047  23.212  -67.929  -16.071 0.8000000119
17246  26.046  -68.076  -16.461 0.6999999881
140769  28.534  -67.685  -22.109 0.5000000000
17284  27.477  -67.988  -19.740 0.6000000238
17245  26.548  -68.012  -17.236 0.6000000238
133396  6.089  -67.869  -23.083 0.4000000060
19104  7.094  -66.340  -22.937 0.6000000238
18205  8.663  -66.442  -23.699 0.6000000238
19102  8.980  -65.712  -23.216 0.6000000238
19101  10.604  -65.599  -23.205 0.6000000238
19087  12.143  -65.772  -23.149 0.6000000238
17335  15.925  -67.089  -23.012 0.6999999881
17347  17.629  -66.901  -23.225 0.6999999881
18229  18.980  -66.007  -25.439 0.6999999881
19127  21.001  -65.332  -26.939 0.6999999881
19996  20.627  -64.891  -26.326 0.8000000119
18212  20.625  -66.307  -24.452 0.8000000119
17321  20.305  -67.528  -21.915 0.6000000238
17272  21.389  -67.761  -18.650 0.6000000238
17247  22.961  -67.177  -16.267 0.8000000119
17231  24.446  -67.416  -15.631 0.6999999881
17332  28.700  -67.534  -22.901 0.5000000000
17304  28.009  -67.704  -20.317 0.6000000238
17244  26.994  -67.765  -17.631 0.6999999881
18164  29.433  -67.199  -21.399 0.6000000238
17324  8.260  -67.452  -21.404 0.5000000000
16515  8.997  -67.975  -21.237 0.4000000060
16496  9.765  -68.401  -20.815 0.4000000060
18150  6.759  -66.072  -21.441 0.5000000000
17326  6.420  -67.166  -22.207 0.5000000000
19066  6.865  -65.484  -21.496 0.6000000238
19090  8.522  -65.226  -22.572 0.6000000238
127982  10.835  -65.081  -22.484 0.6000000238
18185  13.532  -66.747  -22.482 0.6999999881
18213  18.525  -65.773  -24.303 0.8000000119
19120  18.859  -65.280  -25.163 0.8000000119
19111  21.180  -64.629  -25.562 0.6000000238
18165  21.208  -66.089  -21.848 0.6000000238
18098  21.830  -66.857  -18.728 0.6999999881
18078  22.473  -66.521  -17.406 0.6999999881
18041  25.659  -66.399  -15.555 0.6999999881
18115  29.044  -67.217  -19.718 0.6000000238
18060  28.035  -66.989  -16.613 0.6000000238
132534  29.105  -66.756  -16.839 0.6000000238
18140  29.235  -67.239  -20.522 0.6000000238
18076  29.058  -66.954  -17.794 0.6000000238
18147  10.312  -66.479  -20.926 0.5000000000
17322  10.388  -67.262  -21.377 0.5000000000
16514  10.674  -67.995  -21.261 0.5000000000
15701  11.769  -68.812  -20.441 0.5000000000
18148  9.252  -66.059  -20.769 0.5000000000
18172  9.504  -66.687  -21.337 0.5000000000
19932  7.155  -64.760  -21.094 0.6000000238
19990  20.183  -64.333  -25.618 0.6999999881
19980  21.360  -64.026  -25.032 0.6000000238
125689  21.812  -65.574  -21.987 0.6000000238
19038  21.931  -65.818  -20.821 0.6000000238
18988  22.745  -65.850  -17.789 0.6999999881
19017  22.652  -65.594  -19.615 0.6000000238
18973  24.036  -65.485  -16.177 0.6000000238
18954  27.339  -66.208  -15.610 0.6999999881
18163  30.502  -66.544  -21.567 0.5000000000
19000  31.036  -65.924  -18.168 0.4000000060
17289  12.379  -67.096  -19.585 0.5000000000
17288  13.165  -67.561  -19.595 0.5000000000
17287  13.915  -68.001  -19.571 0.5000000000
146020  14.812  -69.168  -19.323 0.5000000000
15676  14.950  -69.594  -19.168 0.5000000000
14154  15.217  -70.801  -18.053 0.5000000000
19965  22.493  -63.834  -24.082 0.6000000238
19037  22.600  -65.444  -20.615 0.6000000238
136451  23.253  -64.975  -19.733 0.4000000060
19859  24.520  -64.816  -16.331 0.5000000000
125318  26.574  -64.973  -15.452 0.4000000060
18972  29.710  -66.127  -16.450 0.4000000060
139792  28.018  -65.635  -15.454 0.5000000000
17275  12.686  -67.152  -18.716 0.6000000238
17274  13.560  -67.569  -18.635 0.5000000000
16462  14.969  -68.448  -18.569 0.5000000000
131207  15.686  -68.983  -18.145 0.5000000000
15656  16.114  -69.619  -17.529 0.5000000000
14895  15.977  -70.698  -16.682 0.5000000000
14880  15.885  -70.745  -15.772 0.4000000060
14881  15.116  -71.104  -15.439 0.5000000000
14865  14.998  -70.981  -14.405 0.4000000060
145166  13.583  -70.796  -13.883 0.4000000060
14867  13.143  -70.758  -14.556 0.4000000060
19058  23.274  -64.865  -21.295 0.6000000238
19900  23.688  -64.540  -19.387 0.4000000060
19858  25.253  -64.337  -16.167 0.4000000060
123749  28.841  -65.427  -15.515 0.4000000060
17262  14.318  -67.871  -18.006 0.5000000000
16451  15.166  -68.293  -17.552 0.4000000060
16450  15.974  -68.824  -17.125 0.4000000060
15624  16.339  -69.584  -15.646 0.5000000000
14863  16.108  -70.312  -14.222 0.4000000060
14864  15.754  -70.742  -14.797 0.5000000000
14840  15.492  -70.541  -12.938 0.4000000060
14841  14.741  -70.731  -12.628 0.5000000000
14854  14.846  -70.911  -13.480 0.5000000000
14830  14.474  -70.395  -11.906 0.3000000119
15594  13.564  -70.188  -12.027 0.3000000119
15586  13.197  -69.738  -11.589 0.3000000119
19899  24.272  -63.988  -19.865 0.4000000060
16435  15.270  -68.249  -16.488 0.5000000000
16434  16.061  -68.823  -16.131 0.5000000000
16421  16.062  -68.829  -15.136 0.4000000060
133579  14.633  -67.389  -14.821 0.4000000060
16422  15.387  -68.177  -15.474 0.4000000060
138401  16.099  -68.815  -14.369 0.4000000060
16390  16.433  -68.924  -12.287 0.4000000060
144913  14.615  -67.103  -13.954 0.4000000060
17207  15.204  -67.270  -13.335 0.4000000060
16400  16.100  -68.057  -12.840 0.4000000060
17198  14.859  -66.487  -12.876 0.4000000060
16391  16.016  -67.751  -12.048 0.4000000060
16383  16.382  -68.712  -11.269 0.4000000060
16376  16.297  -68.823  -10.303 0.4000000060
131730  15.450  -67.169  -12.616 0.4000000060
17208  14.157  -66.501  -13.351 0.3000000119
17190  16.098  -67.470  -11.400 0.4000000060
17189  16.334  -68.084  -10.644 0.4000000060
17182  16.498  -68.004  -9.931 0.4000000060
18006  14.933  -66.147  -12.714 0.4000000060
145283  16.282  -67.877  -8.824 0.4000000060
17173  16.204  -67.284  -8.453 0.4000000060
18005  15.626  -66.442  -12.290 0.4000000060
17995  16.004  -66.854  -11.556 0.4000000060
17994  16.544  -66.712  -10.700 0.4000000060
17988  16.582  -67.037  -9.867 0.4000000060
139115  16.487  -67.544  -9.222 0.4000000060
17979  16.712  -66.707  -9.047 0.3000000119
19966  21.681  -64.320  -24.228 0.6000000238
19044  7.109  -65.419  -20.737 0.5000000000
19927  23.183  -64.793  -22.480 0.6000000238
20722  24.727  -63.845  -17.449 0.4000000060
129412  23.276  -71.164  -19.012 0.6000000238
15620  26.217  -69.577  -15.829 0.6999999881
16419  24.757  -68.725  -15.710 0.6999999881
15795  28.894  -68.953  -24.991 0.5000000000
17344  28.507  -67.702  -23.792 0.5000000000
16511  28.366  -68.281  -22.159 0.5000000000
17333  28.222  -67.975  -22.860 0.4000000060
17305  27.840  -68.069  -20.666 0.6000000238
17377  11.931  -67.775  -25.821 0.5000000000
17334  20.231  -67.544  -22.830 0.6999999881
17258  27.876  -67.510  -18.541 0.6000000238
18201  12.656  -66.354  -23.792 0.6000000238
16472  20.699  -68.442  -19.922 0.6999999881
17248  22.407  -67.214  -16.955 0.8000000119
17229  26.323  -67.573  -16.330 0.6999999881
135660  7.241  -67.836  -21.331 0.4000000060
19097  20.710  -65.815  -24.081 0.6000000238
18166  20.902  -67.042  -20.667 0.6000000238
18062  23.560  -66.474  -16.058 0.6999999881
130072  25.147  -67.151  -15.604 0.6999999881
18193  30.223  -66.461  -23.185 0.5000000000
18210  28.972  -67.063  -24.534 0.5000000000
138073  26.937  -66.977  -16.008 0.6999999881
18096  28.799  -67.189  -18.895 0.6000000238
124804  21.232  -65.280  -23.700 0.6999999881
18142  21.579  -66.571  -20.237 0.6999999881
127115  22.365  -66.242  -18.970 0.6999999881
139135  26.554  -65.824  -15.491 0.6000000238
18114  30.131  -66.658  -19.829 0.6000000238
18095  30.896  -66.270  -19.012 0.6000000238
144691  11.225  -66.984  -21.046 0.5000000000
16494  12.309  -68.292  -20.636 0.5000000000
15700  12.702  -68.944  -20.314 0.4000000060
19083  22.341  -65.161  -22.599 0.6000000238
19001  23.190  -65.241  -18.160 0.6000000238
14866  14.205  -71.039  -14.955 0.3000000119
19883  23.651  -64.629  -18.506 0.5000000000
19842  27.299  -64.497  -15.484 0.4000000060
14879  16.237  -70.321  -15.192 0.5000000000
14855  13.064  -70.481  -13.595 0.4000000060
17197  15.531  -66.788  -12.269 0.4000000060
13441  39.651  -72.892  -26.717 0.3000000119
14262  40.037  -72.022  -26.638 0.3000000119
14228  33.673  -71.162  -23.421 0.4000000060
15739  34.939  -69.552  -22.750 0.4000000060
15768  35.413  -69.910  -24.079 0.4000000060
144015  35.837  -69.561  -24.170 0.4000000060
14230  32.154  -71.150  -23.470 0.4000000060
125448  33.281  -71.474  -22.232 0.4000000060
14195  32.442  -71.402  -21.713 0.4000000060
14181  31.889  -71.322  -20.922 0.5000000000
14168  32.690  -71.378  -19.381 0.5000000000
14152  32.007  -70.917  -18.280 0.5000000000
15741  33.179  -69.848  -22.779 0.4000000060
15769  33.673  -70.467  -23.345 0.5000000000
130331  33.179  -71.373  -23.087 0.5000000000
14119  31.971  -71.730  -17.122 0.5000000000
15720  34.595  -69.258  -21.832 0.5000000000
15740  34.091  -69.772  -22.791 0.5000000000
135188  35.448  -69.630  -23.620 0.4000000060
15738  35.790  -69.426  -22.614 0.4000000060
141777  36.196  -69.416  -23.585 0.4000000060
15767  36.944  -69.445  -23.925 0.4000000060
15791  38.003  -69.551  -25.052 0.3000000119
15817  38.173  -69.423  -25.949 0.4000000060
16526  30.989  -69.045  -23.354 0.4000000060
145009  31.136  -70.952  -23.538 0.4000000060
14213  30.828  -71.060  -23.179 0.4000000060
16525  31.877  -68.851  -22.375 0.4000000060
15771  31.799  -70.597  -23.508 0.4000000060
14991  31.673  -70.996  -23.599 0.4000000060
14197  31.238  -71.198  -22.437 0.4000000060
14948  31.255  -70.984  -21.425 0.5000000000
14930  31.503  -70.791  -20.262 0.5000000000
15722  32.789  -69.072  -21.850 0.4000000060
15742  32.270  -69.793  -22.898 0.4000000060
15770  32.749  -70.591  -23.415 0.4000000060
14949  30.722  -70.315  -20.876 0.5000000000
14916  31.588  -70.533  -19.109 0.5000000000
14137  31.621  -70.941  -17.391 0.5000000000
14903  30.950  -70.057  -17.370 0.6000000238
14892  29.631  -69.963  -15.974 0.6000000238
14872  30.194  -70.656  -15.951 0.6000000238
15652  28.219  -68.805  -17.201 0.6000000238
15633  29.119  -69.407  -16.490 0.6000000238
14100  29.048  -71.269  -15.471 0.5000000000
15737  36.676  -69.444  -22.420 0.4000000060
14104  25.389  -70.827  -15.793 0.5000000000
15766  37.785  -69.629  -24.089 0.4000000060
131583  38.794  -69.883  -24.207 0.4000000060
14971  30.214  -70.535  -23.244 0.4000000060
15744  29.808  -69.828  -22.500 0.5000000000
15723  30.009  -69.531  -21.390 0.5000000000
15696  30.136  -69.391  -20.330 0.5000000000
144121  30.809  -69.697  -18.062 0.5000000000
15672  29.023  -68.660  -19.163 0.5000000000
15650  30.203  -69.357  -17.629 0.6000000238
16458  28.061  -68.546  -18.799 0.6000000238
15664  29.252  -68.773  -18.203 0.6000000238
12589  39.182  -74.527  -26.540 0.3000000119
14261  40.731  -71.911  -26.324 0.3000000119
15814  42.110  -69.333  -26.254 0.3000000119
17331  31.554  -68.162  -22.696 0.4000000060
17342  31.134  -67.942  -23.514 0.4000000060
17343  30.497  -68.765  -24.360 0.4000000060
133892  30.459  -70.305  -23.950 0.4000000060
15774  29.409  -69.462  -24.529 0.4000000060
15724  29.187  -68.754  -21.799 0.5000000000
15745  29.151  -69.007  -22.744 0.4000000060
15697  29.060  -68.604  -20.763 0.5000000000
15617  28.815  -69.837  -15.831 0.6000000238
134066  27.146  -71.079  -15.562 0.5000000000
15773  29.965  -69.820  -24.560 0.4000000060
14212  31.571  -71.238  -23.226 0.4000000060
14120  31.445  -71.561  -16.598 0.5000000000
15815  41.269  -69.466  -26.435 0.3000000119
15772  31.018  -70.220  -23.772 0.4000000060
14959  30.585  -70.582  -22.187 0.5000000000
14931  30.878  -70.050  -19.790 0.5000000000
15663  30.139  -69.239  -18.508 0.6000000238
22457  16.136  -61.146  -18.300 0.3000000119
12608  39.283  -73.720  -26.747 0.3000000119
14099  29.836  -71.575  -15.604 0.6000000238
14101  28.409  -71.490  -15.494 0.5000000000
14103  26.252  -71.004  -15.630 0.5000000000
14121  30.749  -71.521  -16.017 0.6000000238
14136  32.300  -71.555  -17.753 0.5000000000
14138  25.140  -71.882  -16.802 0.6000000238
14139  24.548  -71.815  -17.520 0.6000000238
14140  23.778  -71.185  -17.397 0.6000000238
14169  32.021  -70.980  -19.559 0.5000000000
14196  31.672  -71.288  -21.799 0.4000000060
14211  32.415  -71.406  -22.949 0.4000000060
14229  32.783  -71.132  -23.482 0.5000000000
14247  41.470  -71.775  -25.839 0.3000000119
14842  13.976  -70.618  -12.480 0.3000000119
14843  13.248  -70.364  -12.741 0.4000000060
14852  16.004  -70.235  -13.314 0.4000000060
14853  15.567  -70.640  -13.840 0.5000000000
14873  29.369  -70.623  -15.648 0.5000000000
14874  28.452  -70.607  -15.495 0.5000000000
14875  27.525  -70.391  -15.507 0.6999999881
14877  25.734  -70.158  -15.657 0.6999999881
14891  30.923  -70.718  -16.605 0.6000000238
14893  24.535  -70.600  -16.049 0.6000000238
14894  16.289  -70.237  -16.152 0.5000000000
14904  23.265  -70.579  -17.354 0.6000000238
14906  15.878  -70.420  -17.512 0.5000000000
14917  30.896  -69.832  -18.818 0.5000000000
14918  22.202  -69.896  -18.131 0.6000000238
14919  21.240  -69.227  -18.878 0.6999999881
14920  14.874  -70.308  -18.837 0.5000000000
14932  22.978  -71.082  -19.928 0.6000000238
14934  21.367  -69.813  -19.536 0.6000000238
14935  14.486  -69.888  -19.279 0.5000000000
14962  21.566  -70.263  -21.368 0.6000000238
14972  29.893  -70.257  -24.020 0.4000000060
14989  33.189  -70.931  -23.611 0.4000000060
14990  32.397  -70.993  -23.635 0.4000000060
14992  30.651  -70.624  -23.619 0.4000000060
14995  21.847  -69.866  -23.094 0.6000000238
15009  22.685  -69.833  -24.560 0.6000000238
15618  27.878  -69.697  -15.794 0.6999999881
15619  26.991  -69.632  -15.802 0.6999999881
15621  25.054  -69.489  -15.683 0.6999999881
15622  24.477  -69.820  -15.762 0.6000000238
15623  23.861  -69.332  -15.914 0.6999999881
15632  30.188  -69.725  -16.610 0.6000000238
15636  26.466  -69.092  -16.303 0.6999999881
15637  23.952  -70.038  -16.083 0.6000000238
15639  22.783  -69.314  -16.686 0.6000000238
15640  16.286  -70.144  -16.936 0.5000000000
15641  16.325  -69.525  -16.620 0.5000000000
15651  29.304  -68.997  -17.300 0.6000000238
15653  22.936  -70.033  -16.965 0.6000000238
15655  21.699  -69.311  -18.156 0.6000000238
15665  15.529  -69.852  -18.434 0.5000000000
15671  30.169  -69.292  -19.394 0.6000000238
15673  20.820  -69.144  -19.606 0.6999999881
15675  15.220  -69.124  -18.992 0.5000000000
15677  14.325  -69.253  -19.574 0.5000000000
15698  20.977  -69.627  -20.143 0.6999999881
15699  13.508  -69.085  -20.046 0.4000000060
15721  33.736  -69.239  -21.905 0.5000000000
15725  20.940  -69.704  -20.910 0.6000000238
15726  20.425  -68.951  -21.379 0.6999999881
15743  31.544  -69.711  -23.250 0.4000000060
15746  21.044  -69.535  -22.608 0.5000000000
15747  20.528  -68.841  -22.868 0.5000000000
15797  22.121  -69.177  -24.855 0.6000000238
15798  18.039  -69.272  -24.666 0.5000000000
15820  29.030  -68.774  -25.489 0.5000000000
15821  23.586  -69.606  -26.289 0.5000000000
15824  18.580  -69.657  -25.400 0.6000000238
16363  16.230  -68.336  -9.247 0.4000000060
16409  16.028  -68.399  -13.683 0.4000000060
16410  15.515  -68.012  -14.395 0.4000000060
16418  25.308  -68.773  -15.831 0.6999999881
16420  24.146  -68.678  -15.708 0.6999999881
16431  25.556  -68.229  -16.058 0.6999999881
16433  22.889  -68.601  -16.375 0.6999999881
16445  28.132  -68.583  -18.058 0.6000000238
16447  27.029  -67.996  -18.195 0.6000000238
16448  22.330  -68.651  -16.964 0.6999999881
16449  21.787  -68.657  -17.634 0.6999999881
16459  27.312  -68.182  -18.760 0.6999999881
16470  27.605  -68.104  -19.910 0.6000000238
16471  21.003  -68.513  -19.122 0.6999999881
16473  14.557  -68.659  -19.368 0.5000000000
16474  13.795  -68.593  -19.876 0.5000000000
16492  20.273  -68.155  -21.454 0.6999999881
16493  13.096  -68.442  -20.292 0.4000000060
16495  11.492  -68.182  -21.011 0.5000000000
16510  32.551  -68.336  -21.699 0.4000000060
16513  11.152  -67.628  -21.186 0.5000000000
16518  6.497  -68.010  -22.030 0.4000000060
16527  28.483  -68.347  -23.021 0.5000000000
16528  20.251  -68.184  -23.051 0.6999999881
16529  6.416  -68.167  -22.599 0.4000000060
16535  30.373  -69.815  -24.298 0.4000000060
16536  29.209  -69.348  -23.692 0.4000000060
16537  28.726  -68.793  -24.132 0.5000000000
16540  16.003  -67.924  -24.056 0.6999999881
16545  30.005  -69.274  -25.008 0.4000000060
16548  21.291  -68.690  -24.497 0.6000000238
16549  20.606  -67.839  -24.483 0.6999999881
16550  18.930  -67.842  -24.856 0.6999999881
16551  18.349  -68.391  -24.325 0.6999999881
16552  17.558  -68.601  -24.148 0.6999999881
16554  15.671  -68.176  -25.037 0.6000000238
16559  6.521  -67.841  -23.338 0.4000000060
16567  19.387  -68.206  -25.657 0.6999999881
16570  15.366  -68.248  -26.177 0.5000000000
16571  14.578  -68.048  -26.543 0.5000000000
16575  9.443  -68.353  -24.800 0.4000000060
16579  23.641  -67.993  -27.728 0.5000000000
16582  19.915  -68.637  -26.371 0.6999999881
16589  23.541  -67.822  -28.073 0.5000000000
16590  22.118  -67.923  -28.023 0.5000000000
16591  21.207  -68.018  -27.628 0.6000000238
16594  22.955  -67.691  -28.327 0.5000000000
16595  22.564  -67.082  -28.043 0.6999999881
17174  15.907  -68.161  -8.574 0.4000000060
17183  16.311  -67.304  -10.667 0.4000000060
17209  13.512  -66.326  -13.712 0.4000000060
17230  25.726  -67.440  -15.861 0.6999999881
17232  23.657  -67.283  -15.793 0.8000000119
17233  14.514  -67.647  -15.814 0.4000000060
17259  27.161  -67.883  -18.475 0.6000000238
17260  21.911  -67.253  -17.822 0.8000000119
17261  21.536  -68.031  -17.861 0.6999999881
17269  27.664  -67.676  -19.266 0.6000000238
17270  27.100  -67.991  -19.127 0.6000000238
17273  14.358  -68.005  -18.911 0.5000000000
17276  12.052  -66.869  -17.795 0.6000000238
17283  28.003  -67.573  -19.651 0.6000000238
17285  20.988  -67.832  -19.534 0.6000000238
17286  20.706  -67.748  -20.298 0.6999999881
17306  21.132  -67.292  -20.027 0.6000000238
17307  13.409  -68.048  -20.108 0.5000000000
17308  12.667  -67.737  -20.368 0.5000000000
17309  11.803  -67.652  -20.829 0.5000000000
17320  28.173  -67.765  -21.204 0.5000000000
17323  9.386  -67.288  -21.513 0.5000000000
17325  6.765  -67.564  -21.725 0.5000000000
17327  6.198  -66.897  -22.475 0.5000000000
17336  15.003  -67.382  -23.013 0.6999999881
17337  6.084  -67.494  -22.660 0.4000000060
17345  20.313  -67.660  -23.677 0.6999999881
17346  18.342  -66.848  -23.782 0.6999999881
17348  16.245  -67.442  -23.450 0.6999999881
17351  13.859  -67.232  -24.723 0.6000000238
17352  6.762  -67.445  -23.443 0.5000000000
17353  6.052  -67.298  -23.229 0.5000000000
17359  20.481  -67.053  -24.463 0.6999999881
17361  15.226  -67.716  -24.617 0.6000000238
17363  13.155  -67.143  -25.204 0.5000000000
17364  12.506  -67.322  -25.562 0.5000000000
17366  8.985  -67.730  -24.529 0.5000000000
17371  22.018  -67.470  -26.238 0.6999999881
17372  21.396  -66.819  -25.940 0.6999999881
17373  19.199  -66.904  -25.899 0.6999999881
17374  15.004  -67.758  -25.625 0.5000000000
17376  13.023  -67.562  -26.052 0.5000000000
17378  11.043  -68.216  -25.658 0.4000000060
17382  23.211  -67.241  -27.839 0.5000000000
17383  22.289  -66.540  -26.840 0.6999999881
17390  22.569  -66.839  -27.630 0.6999999881
17391  21.982  -66.640  -27.678 0.6999999881
17392  21.110  -67.004  -27.653 0.6999999881
18017  14.308  -66.073  -13.019 0.4000000060
18038  28.221  -66.277  -15.729 0.5000000000
18039  27.532  -66.763  -16.108 0.6999999881
18040  26.437  -66.723  -15.732 0.6999999881
18042  24.787  -66.581  -15.561 0.6999999881
18043  24.128  -66.743  -15.652 0.6999999881
18045  12.316  -66.302  -14.987 0.5000000000
18046  11.685  -66.087  -15.466 0.4000000060
18059  29.992  -66.377  -17.115 0.6000000238
18061  26.983  -67.434  -16.662 0.6999999881
18063  22.839  -66.465  -16.667 0.6999999881
18077  28.060  -67.381  -17.589 0.6999999881
18079  11.746  -66.705  -16.837 0.5000000000
18097  22.346  -66.428  -18.232 0.6999999881
18099  14.963  -66.146  -19.063 0.5000000000
18100  11.297  -66.551  -18.241 0.6000000238
18113  31.062  -66.208  -20.030 0.6000000238
18116  22.039  -66.418  -19.528 0.6999999881
18117  21.470  -67.145  -19.427 0.6999999881
18119  15.209  -66.421  -19.832 0.6999999881
18120  13.716  -66.041  -19.851 0.6999999881
18121  10.990  -66.434  -20.197 0.5000000000
18122  10.000  -65.847  -20.033 0.5000000000
18123  8.924  -65.626  -19.869 0.5000000000
18141  22.193  -65.982  -20.170 0.6000000238
18143  15.909  -66.477  -21.076 0.6999999881
18144  15.241  -66.551  -20.674 0.6999999881
18145  14.447  -66.433  -20.289 0.6999999881
18149  7.511  -66.218  -21.133 0.5000000000
18167  16.184  -66.259  -21.811 0.8000000119
18169  14.458  -66.616  -21.151 0.8000000119
18170  12.882  -66.219  -21.917 0.6999999881
18171  12.337  -65.759  -22.416 0.6999999881
18173  8.563  -66.764  -21.416 0.5000000000
18174  7.311  -66.901  -21.541 0.5000000000
18175  6.524  -66.389  -22.065 0.5000000000
18180  30.740  -66.316  -22.390 0.5000000000
18181  29.585  -66.949  -22.412 0.6000000238
18182  20.572  -66.616  -22.508 0.6000000238
18186  12.782  -66.318  -22.841 0.6000000238
18187  6.322  -66.573  -22.539 0.6000000238
18188  5.981  -66.954  -22.817 0.5000000000
18194  29.246  -67.029  -23.471 0.5000000000
18195  20.428  -66.737  -23.613 0.6000000238
18197  17.152  -65.937  -22.746 0.8000000119
18198  16.750  -66.941  -23.011 0.8999999762
18200  13.368  -66.758  -23.432 0.6999999881
18202  11.942  -66.130  -23.956 0.6000000238
18204  9.765  -66.155  -23.664 0.6000000238
18214  13.247  -66.799  -24.351 0.6000000238
18216  11.569  -66.751  -24.742 0.5000000000
18218  9.183  -67.016  -24.381 0.6000000238
18219  8.189  -67.243  -24.033 0.5000000000
18220  7.536  -67.575  -23.753 0.5000000000
18226  21.554  -65.850  -26.583 0.6999999881
18227  20.929  -66.302  -25.328 0.6999999881
18228  19.394  -66.026  -26.233 0.6999999881
18230  11.958  -67.148  -25.333 0.5000000000
18231  11.288  -67.459  -25.407 0.5000000000
18232  10.573  -67.768  -25.370 0.5000000000
18237  22.115  -66.278  -27.280 0.6999999881
18238  20.644  -65.893  -27.173 0.6999999881
18242  21.870  -66.192  -27.343 0.6999999881
18243  21.232  -66.280  -27.450 0.6999999881
18900  16.293  -66.488  -11.622 0.4000000060
18928  13.463  -65.862  -13.567 0.4000000060
18937  15.605  -65.469  -14.187 0.4000000060
18940  12.484  -65.656  -14.586 0.4000000060
18952  29.695  -65.480  -15.920 0.4000000060
18953  29.057  -66.311  -16.032 0.5000000000
18955  25.818  -65.432  -15.511 0.6000000238
18956  25.037  -65.808  -15.538 0.6000000238
18957  24.261  -66.045  -15.727 0.6999999881
18958  11.517  -65.586  -15.484 0.4000000060
18959  10.889  -65.325  -16.031 0.4000000060
18974  23.409  -65.799  -16.552 0.6000000238
18975  22.807  -65.937  -17.073 0.6999999881
18976  10.258  -65.078  -16.478 0.3000000119
18987  23.254  -65.426  -17.315 0.6000000238
18989  10.227  -65.469  -16.828 0.5000000000
19002  22.723  -65.726  -18.632 0.6000000238
19003  16.807  -65.759  -19.083 0.5000000000
19004  15.437  -65.721  -18.531 0.5000000000
19007  12.870  -64.910  -18.704 0.6000000238
19008  9.234  -65.026  -18.504 0.4000000060
19009  8.387  -64.450  -18.800 0.4000000060
19016  23.219  -65.143  -19.015 0.4000000060
19019  16.731  -66.118  -20.013 0.5000000000
19021  14.089  -65.750  -19.122 0.6999999881
19023  12.370  -64.927  -19.294 0.6000000238
19024  8.432  -65.072  -19.501 0.6000000238
19026  7.305  -64.583  -20.340 0.6999999881
19036  23.090  -65.092  -20.315 0.4000000060
19040  16.491  -65.943  -21.068 0.6999999881
19042  11.798  -64.867  -20.166 0.6000000238
19043  7.967  -65.727  -20.368 0.6999999881
19045  6.992  -65.169  -21.082 0.6000000238
19059  22.450  -65.368  -21.596 0.6000000238
19060  21.722  -65.769  -21.425 0.6000000238
19063  12.752  -65.823  -21.171 0.8000000119
19065  11.426  -64.676  -21.013 0.6000000238
19067  6.619  -66.066  -22.048 0.5000000000
19084  21.360  -65.618  -22.718 0.6000000238
19085  20.728  -66.018  -23.304 0.6000000238
19088  11.659  -65.298  -22.305 0.6000000238
19089  9.744  -65.226  -22.728 0.6000000238
19091  7.501  -65.508  -22.366 0.6000000238
19092  6.826  -65.872  -22.102 0.6000000238
19096  21.209  -64.939  -24.615 0.6000000238
19098  18.075  -64.835  -23.583 0.8000000119
19099  17.489  -64.894  -22.893 0.8000000119
19100  11.415  -65.630  -23.156 0.6000000238
19103  8.073  -65.921  -23.107 0.6000000238
19105  6.498  -66.457  -22.638 0.6000000238
19112  20.917  -65.528  -24.969 0.8000000119
19117  21.206  -65.055  -26.359 0.6999999881
19118  21.286  -65.296  -25.872 0.8000000119
19119  19.344  -65.416  -25.855 0.6999999881
19126  21.469  -65.613  -27.002 0.6999999881
19128  20.068  -65.523  -26.573 0.6999999881
19826  16.468  -65.280  -14.394 0.4000000060
19841  28.088  -64.887  -15.369 0.4000000060
19843  26.560  -64.217  -15.669 0.4000000060
19844  25.161  -65.043  -15.753 0.5000000000
19845  24.591  -65.422  -15.853 0.6000000238
19847  12.172  -64.574  -15.457 0.4000000060
19860  23.783  -65.050  -16.805 0.5000000000
19861  9.859  -64.209  -16.684 0.3000000119
19862  9.373  -63.786  -17.136 0.3000000119
19871  24.162  -64.194  -17.986 0.4000000060
19872  23.665  -64.780  -17.636 0.5000000000
19875  15.196  -64.640  -17.906 0.4000000060
19876  9.197  -64.257  -17.540 0.4000000060
19877  8.509  -63.786  -18.201 0.4000000060
19882  24.212  -64.087  -18.894 0.4000000060
19885  17.517  -65.277  -18.904 0.5000000000
19887  15.800  -65.223  -18.071 0.5000000000
19888  14.422  -64.817  -18.094 0.5000000000
19889  12.987  -64.519  -18.369 0.5000000000
19892  7.833  -63.883  -18.985 0.4000000060
19893  7.816  -63.566  -19.210 0.5000000000
19904  10.478  -63.870  -19.681 0.5000000000
19905  7.502  -63.984  -19.624 0.5000000000
19912  24.407  -63.910  -20.933 0.4000000060
19913  23.665  -64.502  -20.387 0.4000000060
19915  17.606  -64.887  -20.492 0.5000000000
19917  10.307  -64.103  -20.490 0.6000000238
19919  7.234  -64.495  -20.643 0.6999999881
19926  23.891  -64.271  -22.310 0.5000000000
19928  17.519  -63.826  -21.879 0.6999999881
19929  10.253  -64.294  -21.132 0.6000000238
19931  8.116  -64.275  -21.244 0.6999999881
19944  24.610  -63.700  -23.243 0.6000000238
19946  22.967  -64.464  -23.417 0.6000000238
19947  21.964  -64.773  -23.417 0.6000000238
19950  10.107  -64.582  -21.897 0.6000000238
19951  8.953  -64.552  -22.004 0.6000000238
19952  7.778  -64.797  -21.833 0.6000000238
19953  7.232  -65.194  -21.663 0.6000000238
19964  23.547  -63.493  -24.049 0.6999999881
19967  17.997  -63.636  -23.113 0.6000000238
19968  17.630  -64.114  -23.077 0.6000000238
19979  21.971  -63.375  -24.569 0.6000000238
19981  19.531  -64.026  -24.985 0.6999999881
19982  18.898  -64.118  -24.396 0.8000000119
19988  21.070  -64.478  -25.930 0.8000000119
19989  20.918  -64.410  -25.889 0.6000000238
19991  19.231  -64.671  -25.293 0.6999999881
19995  21.093  -64.978  -26.448 0.8000000119
20702  12.538  -63.702  -15.965 0.4000000060
20703  11.116  -63.242  -16.419 0.4000000060
20712  24.789  -64.175  -16.732 0.4000000060
20713  9.480  -63.162  -16.889 0.3000000119
20726  15.341  -63.745  -17.921 0.5000000000
20728  8.662  -63.128  -17.894 0.4000000060
20736  19.350  -63.450  -18.669 0.6000000238
20741  10.865  -62.833  -18.403 0.4000000060
20742  10.025  -62.853  -18.576 0.3000000119
20743  9.140  -62.967  -18.803 0.3000000119
20744  8.266  -63.379  -18.649 0.4000000060
20752  10.668  -63.507  -18.891 0.5000000000
20754  8.902  -63.253  -19.552 0.4000000060
20763  26.156  -62.977  -21.199 0.4000000060
20765  20.045  -63.240  -20.088 0.5000000000
20767  18.549  -64.002  -20.596 0.6000000238
20769  8.736  -63.467  -20.180 0.5000000000
20770  7.889  -63.585  -20.192 0.5000000000
20771  7.381  -63.996  -20.149 0.6999999881
20780  25.416  -63.474  -23.007 0.5000000000
20781  19.852  -63.297  -21.114 0.5000000000
20785  8.461  -63.805  -20.690 0.6000000238
20794  26.020  -63.026  -23.612 0.5000000000
20797  18.189  -63.373  -22.607 0.6000000238
20803  25.129  -62.909  -24.111 0.5000000000
20804  24.011  -62.959  -24.257 0.5000000000
20806  20.405  -63.279  -24.440 0.6000000238
20807  19.794  -63.251  -23.762 0.6000000238
20816  22.427  -62.977  -24.620 0.6999999881
20818  19.477  -63.592  -24.269 0.6999999881
20826  21.082  -64.019  -25.483 0.6000000238
20827  20.815  -63.844  -25.362 0.6000000238
21560  9.401  -62.649  -17.226 0.3000000119
21573  9.526  -62.484  -17.658 0.3000000119
21574  8.952  -62.788  -17.594 0.3000000119
21589  12.181  -61.938  -18.111 0.4000000060
21623  20.112  -63.142  -22.569 0.6000000238
21632  24.063  -62.598  -23.603 0.5000000000
21634  21.876  -62.606  -23.460 0.6000000238
21636  19.952  -63.188  -23.231 0.6000000238
21641  25.637  -62.824  -23.909 0.5000000000
21642  24.722  -62.848  -24.125 0.5000000000
21644  22.565  -62.689  -24.260 0.6000000238
21646  20.653  -62.907  -23.988 0.6999999881
21651  22.190  -62.891  -24.558 0.6999999881
22433  11.510  -61.413  -16.725 0.5000000000
22434  10.699  -61.770  -16.872 0.3000000119
22436  11.344  -61.174  -16.990 0.3000000119
22448  11.253  -61.298  -17.381 0.4000000060
22449  10.538  -61.967  -17.699 0.3000000119
22461  12.459  -61.449  -17.860 0.3000000119
23289  12.637  -60.551  -16.593 0.4000000060
23299  11.945  -60.759  -16.888 0.5000000000
23320  12.941  -60.970  -17.700 0.3000000119
24180  13.771  -59.212  -17.514 0.4000000060
24181  13.184  -59.865  -17.213 0.4000000060
24194  17.330  -59.155  -18.308 0.3000000119
25097  15.244  -58.876  -18.606 0.5000000000
122374  18.626  -63.362  -23.093 0.6000000238
122387  14.297  -59.362  -18.055 0.3000000119
122477  30.191  -66.571  -18.157 0.6000000238
124728  25.014  -71.297  -16.229 0.5000000000
125570  21.465  -62.785  -21.442 0.5000000000
125721  18.251  -64.123  -23.669 0.6000000238
125768  32.162  -71.188  -20.099 0.5000000000
126526  6.424  -66.861  -23.197 0.5000000000
127140  7.780  -66.591  -23.555 0.6000000238
127212  26.464  -68.442  -16.781 0.6999999881
127321  31.374  -70.296  -18.151 0.5000000000
127691  14.139  -70.948  -14.077 0.4000000060
128616  22.599  -70.485  -18.638 0.6000000238
128910  31.812  -71.360  -22.481 0.4000000060
128952  32.198  -71.040  -18.947 0.5000000000
129076  13.711  -62.420  -15.970 0.3000000119
129483  18.537  -63.239  -22.135 0.5000000000
129663  21.348  -66.354  -21.073 0.6999999881
129695  24.243  -64.441  -17.124 0.5000000000
130050  13.931  -70.868  -13.213 0.4000000060
130940  27.640  -68.282  -19.390 0.6000000238
131173  22.731  -66.860  -27.465 0.6999999881
131189  27.344  -65.333  -15.434 0.4000000060
131965  11.858  -67.031  -20.369 0.5000000000
132563  31.087  -70.705  -23.665 0.4000000060
132658  12.772  -67.302  -17.844 0.6000000238
133034  6.697  -66.722  -21.933 0.5000000000
133899  23.274  -69.125  -16.265 0.6999999881
134014  20.948  -69.691  -21.787 0.5000000000
134235  10.827  -68.596  -20.644 0.4000000060
134380  29.381  -68.805  -19.919 0.5000000000
134529  25.046  -67.993  -15.809 0.6999999881
134817  21.113  -64.202  -25.551 0.6000000238
135355  21.874  -63.058  -24.665 0.6999999881
136205  13.616  -64.279  -18.171 0.4000000060
137008  10.051  -66.843  -24.429 0.5000000000
137031  24.455  -68.167  -15.694 0.6999999881
137196  9.688  -62.521  -18.164 0.3000000119
137335  28.780  -68.495  -25.378 0.5000000000
137898  9.995  -62.398  -16.908 0.3000000119
137936  13.749  -67.362  -16.025 0.5000000000
138018  22.709  -68.022  -26.496 0.6000000238
138071  11.559  -66.609  -19.353 0.5000000000
138170  18.491  -67.582  -24.217 0.6999999881
138281  17.041  -67.809  -23.575 0.6999999881
138293  8.617  -66.348  -21.176 0.5000000000
138450  10.796  -66.181  -16.896 0.5000000000
138549  14.314  -71.285  -15.522 0.3000000119
138777  11.206  -65.050  -15.712 0.4000000060
138844  25.872  -64.634  -15.666 0.4000000060
138900  27.842  -71.092  -15.444 0.5000000000
138943  22.555  -67.918  -16.577 0.8000000119
139023  25.616  -69.378  -15.813 0.6999999881
139078  23.879  -68.015  -15.721 0.8000000119
139305  6.745  -65.768  -21.605 0.6000000238
139736  11.826  -60.820  -17.146 0.3000000119
140102  8.247  -63.353  -19.768 0.5000000000
140152  16.902  -65.042  -21.576 0.6999999881
140170  20.703  -66.854  -21.486 0.6000000238
140735  19.836  -64.944  -26.032 0.8000000119
141000  11.646  -65.038  -21.544 0.6999999881
141063  18.984  -63.319  -21.565 0.6000000238
141209  10.876  -64.384  -20.966 0.6000000238
141591  12.465  -67.656  -25.984 0.5000000000
141710  17.319  -64.328  -22.569 0.6999999881
141805  28.054  -68.045  -21.869 0.6000000238
141847  27.943  -68.225  -20.541 0.6000000238
141956  29.671  -69.941  -23.336 0.4000000060
142809  20.446  -68.323  -20.731 0.6999999881
143430  14.389  -67.608  -25.891 0.5000000000
143495  13.197  -66.249  -21.351 0.8000000119
143524  20.472  -67.592  -21.068 0.6000000238
143654  9.933  -67.777  -21.362 0.4000000060
143881  6.084  -66.743  -22.974 0.5000000000
143907  13.837  -67.171  -23.901 0.6000000238
144280  20.856  -63.432  -24.901 0.6000000238
144671  14.514  -67.002  -22.143 0.8000000119
145596  12.837  -61.728  -17.971 0.4000000060
146104  16.277  -68.589  -9.771 0.4000000060
146232  10.313  -61.916  -17.027 0.4000000060
146679  23.797  -65.927  -16.069 0.6999999881
146893  17.935  -59.159  -18.211 0.3000000119
147353  23.794  -71.658  -19.100 0.6000000238
148066  17.506  -64.783  -18.314 0.6000000238
148186  27.336  -68.693  -17.192 0.6999999881
148187  22.797  -70.771  -19.311 0.6000000238
148383  16.030  -66.210  -12.245 0.4000000060
148444  11.582  -64.700  -15.638 0.4000000060
148485  36.997  -69.523  -23.084 0.4000000060
148695  29.876  -66.741  -19.102 0.6000000238
