#!ascii label  , from subject chris_t1_5 vox2ras=TkReg
1489
57197  -45.483  -24.164  38.517 0.0000000000
51251  -32.866  -29.446  50.848 0.0000000000
63154  -48.527  -17.965  36.058 0.0000000000
56308  -40.596  -24.663  28.239 0.0000000000
65274  -42.963  -14.888  34.437 0.0000000000
53265  -41.211  -28.040  44.914 0.0000000000
52355  -33.024  -28.656  39.954 0.0000000000
143085  -35.664  -26.399  33.322 0.0000000000
55156  -24.100  -24.562  52.350 0.0000000000
68994  -52.070  -11.007  26.895 0.0000000000
53333  -25.276  -27.494  40.278 0.0000000000
56254  -41.837  -24.907  34.096 0.0000000000
138118  -40.309  -20.912  33.479 0.0000000000
61199  -43.064  -18.874  37.740 0.0000000000
56205  -42.572  -24.918  40.245 0.0000000000
53371  -38.902  -28.448  38.586 0.0000000000
54382  -42.481  -26.906  34.039 0.0000000000
55366  -38.123  -25.361  29.840 0.0000000000
135437  -51.087  -9.250  23.741 0.0000000000
53140  -28.324  -27.474  52.833 0.0000000000
54237  -24.559  -26.121  46.135 0.0000000000
53208  -28.083  -27.592  46.078 0.0000000000
65297  -46.568  -15.340  33.700 0.0000000000
51281  -37.535  -30.354  49.219 0.0000000000
53235  -33.281  -27.551  45.221 0.0000000000
53300  -37.561  -27.171  42.857 0.0000000000
123868  -34.338  -26.513  35.986 0.0000000000
52191  -21.638  -28.752  53.499 0.0000000000
68887  -47.548  -10.688  35.893 0.0000000000
67162  -50.008  -13.527  34.614 0.0000000000
70758  -51.459  -9.542  30.381 0.0000000000
66255  -48.728  -14.413  30.491 0.0000000000
66300  -47.441  -14.039  26.982 0.0000000000
51311  -22.212  -29.231  46.592 0.0000000000
53336  -29.738  -27.746  40.309 0.0000000000
56236  -43.301  -24.508  36.735 0.0000000000
59137  -41.376  -21.867  36.523 0.0000000000
59116  -43.133  -21.059  38.529 0.0000000000
55280  -45.824  -25.346  38.806 0.0000000000
53385  -44.060  -27.186  37.971 0.0000000000
55291  -44.579  -25.935  35.599 0.0000000000
145927  -43.387  -26.209  33.128 0.0000000000
61236  -48.834  -19.640  35.264 0.0000000000
138728  -46.996  -17.912  32.680 0.0000000000
52210  -30.189  -28.415  51.747 0.0000000000
52242  -28.121  -27.930  48.971 0.0000000000
51289  -30.418  -29.064  49.272 0.0000000000
58249  -40.308  -22.105  27.384 0.0000000000
62191  -41.242  -18.038  34.184 0.0000000000
61239  -41.191  -19.248  32.627 0.0000000000
64228  -42.496  -16.399  32.523 0.0000000000
63175  -44.651  -17.145  32.505 0.0000000000
66231  -44.776  -14.566  32.621 0.0000000000
51314  -40.034  -29.608  47.129 0.0000000000
51321  -38.345  -30.056  46.718 0.0000000000
51339  -40.140  -30.040  43.770 0.0000000000
54358  -37.261  -27.590  35.800 0.0000000000
53368  -37.276  -28.066  37.318 0.0000000000
53400  -35.531  -27.300  34.731 0.0000000000
55377  -40.253  -25.500  28.841 0.0000000000
68912  -49.061  -11.581  34.288 0.0000000000
68066  -50.892  -12.390  30.518 0.0000000000
68083  -50.122  -12.624  28.309 0.0000000000
66282  -47.832  -14.598  28.337 0.0000000000
68137  -49.428  -12.143  26.576 0.0000000000
69034  -47.027  -11.139  23.353 0.0000000000
54161  -21.693  -26.287  53.133 0.0000000000
141764  -21.825  -29.113  49.831 0.0000000000
54194  -22.614  -26.436  50.004 0.0000000000
53290  -24.502  -27.412  42.544 0.0000000000
53271  -22.603  -27.133  43.476 0.0000000000
52349  -22.678  -28.309  39.303 0.0000000000
53296  -33.468  -27.640  42.782 0.0000000000
53294  -31.160  -27.500  42.996 0.0000000000
52337  -31.263  -28.752  40.043 0.0000000000
56277  -41.523  -24.893  31.318 0.0000000000
58221  -39.755  -22.467  31.093 0.0000000000
58181  -40.143  -22.468  33.916 0.0000000000
61215  -41.264  -19.531  35.528 0.0000000000
147148  -42.631  -16.927  36.212 0.0000000000
54284  -41.504  -26.703  42.725 0.0000000000
51356  -41.517  -29.714  41.779 0.0000000000
127695  -43.022  -28.215  39.490 0.0000000000
54343  -41.139  -26.396  36.587 0.0000000000
55326  -38.351  -25.337  33.850 0.0000000000
55346  -37.563  -25.005  31.650 0.0000000000
55338  -40.801  -26.439  32.460 0.0000000000
54429  -41.899  -26.199  30.608 0.0000000000
69892  -51.611  -10.270  24.983 0.0000000000
72857  -53.485  -7.272  24.412 0.0000000000
54172  -26.716  -26.126  52.599 0.0000000000
140160  -24.903  -24.924  49.918 0.0000000000
54210  -26.771  -26.591  49.471 0.0000000000
53207  -26.934  -27.453  46.179 0.0000000000
123930  -26.764  -27.886  43.411 0.0000000000
59207  -40.580  -20.955  30.290 0.0000000000
62204  -45.623  -18.800  34.125 0.0000000000
141797  -47.895  -17.573  36.833 0.0000000000
51264  -34.953  -30.071  50.580 0.0000000000
52248  -33.392  -28.933  48.564 0.0000000000
52265  -36.266  -29.471  47.868 0.0000000000
53260  -35.501  -27.464  44.597 0.0000000000
132741  -35.049  -27.560  41.335 0.0000000000
53340  -38.824  -28.455  40.052 0.0000000000
135746  -35.992  -26.447  39.493 0.0000000000
53367  -33.275  -27.659  38.771 0.0000000000
60116  -46.590  -20.613  40.697 0.0000000000
54187  -34.086  -27.083  50.867 0.0000000000
54218  -36.814  -26.665  48.283 0.0000000000
55232  -38.801  -25.581  46.003 0.0000000000
62140  -45.005  -18.823  39.646 0.0000000000
127987  -44.260  -15.893  38.363 0.0000000000
66165  -43.850  -14.071  37.122 0.0000000000
68872  -45.329  -10.965  38.017 0.0000000000
68016  -44.745  -12.528  35.183 0.0000000000
68037  -46.868  -12.917  33.450 0.0000000000
66203  -48.755  -14.847  35.299 0.0000000000
65277  -49.202  -15.802  35.567 0.0000000000
68932  -50.756  -11.179  32.669 0.0000000000
136871  -49.869  -14.347  32.959 0.0000000000
65326  -47.993  -15.976  32.584 0.0000000000
64248  -46.444  -16.428  30.552 0.0000000000
69009  -48.195  -11.720  25.196 0.0000000000
49453  -22.812  -32.267  48.800 0.0000000000
48557  -21.749  -32.552  42.761 0.0000000000
54223  -22.677  -26.892  46.871 0.0000000000
51337  -21.607  -29.647  42.729 0.0000000000
53211  -31.230  -27.607  46.429 0.0000000000
140795  -29.336  -27.556  43.738 0.0000000000
132082  -26.926  -27.450  39.997 0.0000000000
136462  -28.108  -28.902  37.853 0.0000000000
149529  -43.824  -23.889  37.800 0.0000000000
58158  -42.622  -22.763  37.941 0.0000000000
57196  -43.771  -22.813  38.718 0.0000000000
56233  -46.234  -24.595  38.943 0.0000000000
55288  -45.408  -25.809  37.148 0.0000000000
146810  -44.965  -25.274  37.025 0.0000000000
56240  -44.205  -25.335  36.256 0.0000000000
62194  -48.315  -18.500  36.582 0.0000000000
62205  -48.376  -18.721  35.586 0.0000000000
62216  -47.506  -18.575  33.530 0.0000000000
63177  -47.695  -17.995  34.200 0.0000000000
53165  -31.403  -28.371  50.890 0.0000000000
51261  -30.372  -29.378  50.915 0.0000000000
51262  -31.742  -29.442  50.626 0.0000000000
57280  -40.361  -23.941  27.622 0.0000000000
128391  -40.441  -23.232  27.686 0.0000000000
64189  -42.258  -16.114  34.382 0.0000000000
64206  -41.757  -16.769  32.988 0.0000000000
64207  -42.223  -16.110  33.354 0.0000000000
65310  -43.541  -15.291  32.611 0.0000000000
65296  -43.272  -14.853  33.352 0.0000000000
52285  -40.532  -28.974  46.418 0.0000000000
50408  -40.058  -30.833  45.776 0.0000000000
127641  -41.438  -30.444  44.250 0.0000000000
55309  -36.558  -26.511  34.310 0.0000000000
53402  -36.531  -27.587  35.457 0.0000000000
54396  -35.252  -26.747  33.468 0.0000000000
54395  -34.295  -26.598  32.872 0.0000000000
55378  -40.730  -25.188  28.738 0.0000000000
143968  -39.424  -24.844  27.748 0.0000000000
56318  -40.048  -24.522  27.589 0.0000000000
68084  -50.816  -12.219  28.695 0.0000000000
68096  -50.712  -12.053  27.887 0.0000000000
67233  -49.480  -13.040  27.928 0.0000000000
68119  -50.592  -11.824  27.177 0.0000000000
145588  -22.632  -24.591  53.214 0.0000000000
128151  -22.019  -26.497  51.681 0.0000000000
55168  -23.202  -24.861  51.723 0.0000000000
53312  -24.401  -27.628  40.890 0.0000000000
53311  -23.473  -27.558  41.328 0.0000000000
53344  -23.904  -27.752  39.547 0.0000000000
52364  -23.726  -28.589  38.690 0.0000000000
52365  -24.704  -28.301  38.681 0.0000000000
52330  -33.523  -28.137  41.492 0.0000000000
53320  -32.444  -28.111  41.905 0.0000000000
52339  -32.624  -28.655  40.428 0.0000000000
140282  -41.551  -24.904  32.088 0.0000000000
57237  -40.255  -23.648  32.881 0.0000000000
56253  -41.025  -24.247  33.914 0.0000000000
142375  -42.037  -20.311  37.036 0.0000000000
60161  -41.447  -20.855  36.432 0.0000000000
61209  -41.909  -19.406  36.416 0.0000000000
62182  -42.020  -18.031  35.839 0.0000000000
63126  -42.779  -17.793  37.091 0.0000000000
55266  -41.675  -25.944  41.177 0.0000000000
145110  -42.987  -28.210  41.431 0.0000000000
54306  -43.515  -27.775  40.319 0.0000000000
129255  -43.365  -26.768  35.706 0.0000000000
54332  -42.738  -26.966  36.850 0.0000000000
54361  -42.155  -26.738  35.275 0.0000000000
55299  -40.268  -25.828  35.093 0.0000000000
55313  -40.791  -26.247  34.105 0.0000000000
131443  -40.173  -25.944  33.034 0.0000000000
55328  -41.055  -26.509  33.206 0.0000000000
56255  -42.894  -25.422  34.066 0.0000000000
54411  -42.771  -26.265  32.066 0.0000000000
55339  -42.862  -25.821  32.120 0.0000000000
56282  -42.049  -25.463  30.978 0.0000000000
53127  -27.284  -26.585  52.989 0.0000000000
54197  -26.880  -26.483  50.784 0.0000000000
140231  -27.380  -26.985  50.788 0.0000000000
52257  -28.536  -27.953  47.540 0.0000000000
130403  -27.614  -27.595  47.444 0.0000000000
124251  -27.403  -27.519  45.932 0.0000000000
53252  -26.829  -27.627  44.920 0.0000000000
53253  -27.473  -27.628  44.739 0.0000000000
59171  -40.086  -21.619  32.419 0.0000000000
59206  -40.024  -21.669  30.667 0.0000000000
131584  -40.598  -21.116  31.983 0.0000000000
61240  -42.009  -19.454  32.277 0.0000000000
60219  -41.844  -20.504  31.734 0.0000000000
60220  -42.785  -20.476  31.509 0.0000000000
64231  -44.921  -16.021  32.552 0.0000000000
62203  -44.818  -18.377  33.018 0.0000000000
148226  -46.139  -16.519  33.916 0.0000000000
63140  -46.463  -18.302  35.145 0.0000000000
64209  -46.703  -16.212  34.677 0.0000000000
51266  -36.272  -30.143  50.107 0.0000000000
51293  -35.734  -30.438  49.291 0.0000000000
50382  -37.072  -30.692  48.852 0.0000000000
53263  -38.399  -27.931  44.239 0.0000000000
53239  -37.217  -27.945  45.396 0.0000000000
53282  -36.751  -27.408  43.615 0.0000000000
53298  -35.617  -27.457  42.656 0.0000000000
53323  -36.227  -27.189  42.234 0.0000000000
52358  -39.529  -28.859  39.616 0.0000000000
52343  -39.564  -29.261  40.613 0.0000000000
52357  -38.930  -28.811  39.047 0.0000000000
54327  -36.071  -26.954  36.703 0.0000000000
54318  -36.887  -27.197  37.769 0.0000000000
123869  -35.404  -26.389  37.652 0.0000000000
54308  -34.496  -26.840  39.196 0.0000000000
55357  -37.572  -25.083  30.627 0.0000000000
54228  -37.979  -26.877  47.039 0.0000000000
56169  -40.909  -24.643  44.231 0.0000000000
61186  -45.942  -19.413  40.166 0.0000000000
65209  -45.549  -15.597  39.870 0.0000000000
66150  -45.126  -14.170  39.374 0.0000000000
65222  -44.340  -15.167  38.204 0.0000000000
67113  -44.538  -13.177  38.270 0.0000000000
68886  -46.773  -10.783  36.680 0.0000000000
68008  -44.688  -11.948  36.911 0.0000000000
68897  -45.907  -11.629  35.424 0.0000000000
67158  -45.190  -12.657  34.115 0.0000000000
68909  -46.468  -11.747  34.469 0.0000000000
145533  -49.439  -12.362  34.181 0.0000000000
68028  -48.830  -12.566  33.894 0.0000000000
67146  -49.315  -14.616  35.113 0.0000000000
66181  -48.982  -15.410  35.578 0.0000000000
66205  -49.858  -14.515  34.892 0.0000000000
69796  -51.353  -10.473  31.554 0.0000000000
67202  -49.838  -13.448  30.491 0.0000000000
67192  -50.424  -13.130  32.027 0.0000000000
66243  -49.554  -14.165  32.019 0.0000000000
66234  -49.214  -14.851  32.707 0.0000000000
65327  -48.410  -15.252  32.033 0.0000000000
135387  -47.684  -15.678  31.551 0.0000000000
65338  -47.538  -15.420  30.592 0.0000000000
66293  -47.700  -14.412  27.640 0.0000000000
139650  -46.647  -15.738  28.813 0.0000000000
65365  -46.757  -15.487  27.453 0.0000000000
70841  -51.360  -9.736  24.370 0.0000000000
69024  -49.599  -11.070  25.255 0.0000000000
69906  -49.714  -10.275  24.090 0.0000000000
134132  -21.981  -29.375  48.258 0.0000000000
146534  -22.194  -31.013  47.518 0.0000000000
50398  -22.233  -30.281  46.699 0.0000000000
123742  -22.112  -32.149  44.311 0.0000000000
50414  -21.934  -30.593  44.913 0.0000000000
55220  -25.211  -25.710  47.784 0.0000000000
55206  -23.755  -25.553  48.126 0.0000000000
126159  -23.625  -26.267  45.841 0.0000000000
51344  -21.772  -28.697  42.661 0.0000000000
48604  -23.250  -32.521  37.526 0.0000000000
52279  -33.680  -28.078  47.165 0.0000000000
52260  -32.317  -28.100  47.473 0.0000000000
53212  -32.707  -27.588  45.963 0.0000000000
53318  -30.831  -27.757  41.592 0.0000000000
53276  -30.269  -27.511  43.411 0.0000000000
53317  -29.273  -27.673  41.588 0.0000000000
123924  -28.094  -27.786  42.289 0.0000000000
53335  -28.782  -27.556  40.341 0.0000000000
143721  -26.962  -29.407  38.316 0.0000000000
57222  -42.237  -24.435  35.761 0.0000000000
57221  -41.436  -23.843  35.567 0.0000000000
58166  -41.623  -22.960  36.855 0.0000000000
58157  -41.981  -22.110  37.488 0.0000000000
60150  -42.745  -20.235  37.899 0.0000000000
56223  -44.182  -25.395  39.440 0.0000000000
142335  -44.576  -26.862  39.026 0.0000000000
54322  -44.895  -26.550  38.392 0.0000000000
126368  -44.860  -26.308  36.755 0.0000000000
54363  -44.183  -26.267  34.944 0.0000000000
54383  -43.262  -26.535  33.539 0.0000000000
55301  -44.320  -26.006  34.859 0.0000000000
56245  -43.008  -25.346  35.047 0.0000000000
62226  -46.482  -18.512  31.127 0.0000000000
52200  -29.370  -28.087  52.463 0.0000000000
52221  -28.209  -27.779  50.710 0.0000000000
126598  -29.301  -28.696  51.101 0.0000000000
52234  -29.496  -28.689  49.411 0.0000000000
52258  -29.461  -28.079  47.443 0.0000000000
62190  -40.790  -18.752  33.843 0.0000000000
61238  -40.727  -19.705  32.914 0.0000000000
62202  -41.107  -18.169  33.269 0.0000000000
62212  -41.695  -18.467  32.400 0.0000000000
62213  -42.555  -18.659  32.279 0.0000000000
138704  -43.433  -18.829  32.438 0.0000000000
127225  -43.694  -17.009  31.807 0.0000000000
64230  -44.185  -16.299  32.056 0.0000000000
65312  -45.262  -15.139  32.557 0.0000000000
51295  -38.649  -30.431  48.289 0.0000000000
50392  -38.302  -30.898  47.907 0.0000000000
50400  -39.239  -30.946  46.925 0.0000000000
51331  -39.415  -29.985  45.207 0.0000000000
53284  -38.846  -27.947  43.380 0.0000000000
54329  -38.468  -27.515  37.226 0.0000000000
53369  -37.919  -28.302  37.814 0.0000000000
53392  -37.306  -28.060  36.464 0.0000000000
53390  -36.339  -27.664  35.692 0.0000000000
54356  -34.961  -26.893  35.032 0.0000000000
54355  -33.913  -26.409  35.266 0.0000000000
54376  -34.285  -26.662  34.333 0.0000000000
143433  -38.581  -25.475  29.319 0.0000000000
55376  -38.615  -25.311  28.700 0.0000000000
70675  -48.599  -9.528  36.989 0.0000000000
68898  -47.859  -10.879  34.906 0.0000000000
69752  -48.818  -10.354  35.429 0.0000000000
69765  -49.449  -10.827  34.591 0.0000000000
68914  -49.728  -11.561  34.249 0.0000000000
69819  -51.743  -10.312  29.738 0.0000000000
68943  -51.698  -11.108  30.329 0.0000000000
68072  -51.482  -11.797  30.009 0.0000000000
68071  -50.907  -12.325  29.579 0.0000000000
67207  -49.730  -13.347  29.561 0.0000000000
66268  -48.612  -14.316  29.557 0.0000000000
67218  -48.911  -13.587  28.330 0.0000000000
67232  -48.694  -13.350  27.529 0.0000000000
67231  -48.073  -13.410  26.927 0.0000000000
71859  -50.681  -8.408  22.886 0.0000000000
128224  -49.046  -10.228  23.605 0.0000000000
70868  -48.492  -9.527  22.505 0.0000000000
53126  -21.583  -27.464  53.121 0.0000000000
145894  -21.737  -29.296  51.520 0.0000000000
53147  -21.812  -27.449  51.294 0.0000000000
53162  -22.067  -27.535  50.347 0.0000000000
53196  -22.388  -27.580  48.041 0.0000000000
141572  -25.327  -27.018  44.736 0.0000000000
54266  -23.420  -26.561  44.484 0.0000000000
140913  -23.177  -26.876  43.000 0.0000000000
52336  -22.458  -27.974  40.434 0.0000000000
51367  -21.932  -29.446  38.654 0.0000000000
49517  -22.707  -30.788  37.877 0.0000000000
50463  -22.892  -30.127  37.959 0.0000000000
124582  -33.660  -27.550  43.554 0.0000000000
53257  -32.253  -27.476  44.261 0.0000000000
53295  -32.676  -27.705  42.782 0.0000000000
53319  -31.735  -28.037  41.698 0.0000000000
53337  -30.647  -28.043  40.579 0.0000000000
56288  -41.368  -24.878  29.743 0.0000000000
58229  -40.260  -23.336  29.653 0.0000000000
57255  -40.521  -24.203  30.997 0.0000000000
57236  -39.824  -23.128  32.486 0.0000000000
59163  -40.144  -21.568  33.697 0.0000000000
58175  -40.788  -22.111  35.687 0.0000000000
59144  -40.503  -21.378  35.117 0.0000000000
60177  -40.491  -20.130  34.404 0.0000000000
61222  -41.212  -18.736  34.829 0.0000000000
63132  -41.983  -17.415  35.434 0.0000000000
65254  -42.716  -15.757  35.606 0.0000000000
53286  -41.921  -27.911  43.732 0.0000000000
51340  -42.399  -29.638  43.314 0.0000000000
126478  -42.902  -29.104  42.147 0.0000000000
136006  -42.418  -28.765  40.587 0.0000000000
53356  -40.326  -28.213  39.460 0.0000000000
125163  -43.536  -27.623  38.706 0.0000000000
53383  -42.056  -27.096  37.830 0.0000000000
145564  -40.189  -26.542  37.581 0.0000000000
54342  -39.547  -26.330  36.967 0.0000000000
55297  -37.764  -26.292  35.402 0.0000000000
55325  -37.242  -25.545  33.790 0.0000000000
55335  -36.040  -25.616  32.878 0.0000000000
132388  -38.180  -25.198  33.049 0.0000000000
55347  -38.759  -25.412  31.924 0.0000000000
55348  -39.875  -26.157  31.337 0.0000000000
54399  -42.419  -26.759  32.538 0.0000000000
54409  -40.682  -26.450  31.704 0.0000000000
55359  -39.823  -26.175  30.119 0.0000000000
54435  -41.424  -26.137  30.146 0.0000000000
56297  -41.419  -25.367  29.777 0.0000000000
69013  -51.911  -10.897  26.251 0.0000000000
70825  -53.279  -9.200  25.222 0.0000000000
70854  -52.899  -9.083  24.412 0.0000000000
130729  -52.571  -8.667  23.889 0.0000000000
71860  -51.501  -7.831  22.931 0.0000000000
72867  -51.223  -7.288  22.456 0.0000000000
54162  -25.980  -25.434  53.045 0.0000000000
55169  -24.371  -24.689  51.562 0.0000000000
54182  -26.236  -25.759  51.103 0.0000000000
54209  -26.176  -26.015  49.070 0.0000000000
54216  -25.975  -26.205  48.135 0.0000000000
53177  -27.661  -27.473  49.421 0.0000000000
53186  -27.175  -27.285  47.962 0.0000000000
53227  -25.950  -27.299  45.415 0.0000000000
133533  -25.931  -27.488  44.486 0.0000000000
53275  -25.903  -27.818  43.436 0.0000000000
53313  -25.877  -27.818  41.817 0.0000000000
58236  -40.119  -22.435  29.266 0.0000000000
58235  -40.107  -21.557  29.749 0.0000000000
60199  -41.151  -20.586  32.076 0.0000000000
62183  -48.201  -18.098  36.856 0.0000000000
63142  -48.438  -17.992  36.814 0.0000000000
51252  -33.553  -29.530  50.746 0.0000000000
50369  -32.850  -30.114  50.150 0.0000000000
51279  -34.042  -30.193  49.768 0.0000000000
52263  -34.569  -29.028  48.233 0.0000000000
53214  -34.287  -27.876  46.686 0.0000000000
52283  -37.514  -29.539  46.982 0.0000000000
52293  -35.988  -28.100  46.359 0.0000000000
133584  -34.655  -27.482  44.574 0.0000000000
53297  -34.203  -27.490  42.957 0.0000000000
52317  -33.962  -27.695  42.148 0.0000000000
52341  -33.848  -28.130  40.999 0.0000000000
50427  -40.674  -30.242  42.627 0.0000000000
52318  -39.658  -29.313  42.079 0.0000000000
53324  -38.501  -27.273  41.954 0.0000000000
53353  -38.299  -28.211  38.576 0.0000000000
54302  -38.265  -27.043  40.307 0.0000000000
146095  -37.504  -26.585  41.175 0.0000000000
54300  -35.686  -26.959  41.077 0.0000000000
53352  -34.377  -27.481  39.926 0.0000000000
56280  -35.609  -24.699  31.347 0.0000000000
57184  -46.161  -23.374  39.580 0.0000000000
59105  -45.990  -22.040  39.938 0.0000000000
54151  -21.326  -26.232  54.405 0.0000000000
55140  -24.921  -24.597  54.869 0.0000000000
54152  -26.193  -25.520  53.947 0.0000000000
54154  -27.445  -26.113  54.250 0.0000000000
54174  -29.611  -27.062  52.387 0.0000000000
54198  -30.859  -27.271  50.711 0.0000000000
54199  -31.984  -27.524  50.492 0.0000000000
131635  -33.717  -27.767  50.704 0.0000000000
53154  -34.193  -27.909  50.764 0.0000000000
52224  -35.001  -28.545  50.664 0.0000000000
53178  -36.281  -28.430  49.677 0.0000000000
53188  -36.446  -27.317  49.166 0.0000000000
133543  -37.752  -28.652  48.633 0.0000000000
131538  -38.722  -28.702  47.825 0.0000000000
53217  -39.331  -27.598  46.355 0.0000000000
133036  -40.037  -27.235  45.572 0.0000000000
54268  -40.681  -26.458  44.523 0.0000000000
55250  -40.930  -25.590  43.847 0.0000000000
55255  -41.084  -25.705  43.189 0.0000000000
57171  -45.910  -23.757  40.415 0.0000000000
59104  -44.824  -21.554  39.529 0.0000000000
61194  -44.135  -20.010  39.197 0.0000000000
129092  -43.603  -18.788  38.379 0.0000000000
64145  -45.730  -16.652  40.245 0.0000000000
63092  -44.859  -17.181  39.295 0.0000000000
62151  -43.736  -17.853  38.371 0.0000000000
64164  -43.427  -16.326  37.305 0.0000000000
65234  -43.483  -15.499  36.883 0.0000000000
66179  -43.430  -14.498  35.752 0.0000000000
67996  -44.338  -12.777  37.302 0.0000000000
68007  -44.457  -12.574  36.261 0.0000000000
67144  -43.721  -13.831  35.021 0.0000000000
67169  -44.824  -13.375  33.580 0.0000000000
67180  -45.234  -13.881  32.881 0.0000000000
66219  -46.767  -14.630  33.452 0.0000000000
68027  -48.016  -12.199  33.690 0.0000000000
67172  -47.699  -13.503  33.540 0.0000000000
65275  -47.350  -15.376  34.934 0.0000000000
64191  -47.928  -16.004  36.043 0.0000000000
64179  -48.546  -16.810  36.600 0.0000000000
64192  -48.995  -16.641  35.936 0.0000000000
69777  -50.182  -10.900  34.004 0.0000000000
68039  -50.372  -12.361  33.504 0.0000000000
68937  -50.840  -11.987  31.884 0.0000000000
68049  -50.570  -12.526  32.461 0.0000000000
66222  -50.293  -13.955  34.344 0.0000000000
65315  -49.851  -14.807  33.784 0.0000000000
125668  -49.282  -15.482  33.852 0.0000000000
64210  -48.056  -17.254  34.261 0.0000000000
63176  -47.385  -17.301  32.968 0.0000000000
64241  -46.596  -16.844  31.363 0.0000000000
63206  -46.184  -17.234  30.691 0.0000000000
65350  -47.449  -15.265  29.670 0.0000000000
64256  -46.261  -16.177  29.273 0.0000000000
63215  -45.664  -17.492  29.518 0.0000000000
125651  -50.429  -11.095  25.759 0.0000000000
68136  -48.643  -12.139  25.972 0.0000000000
67255  -47.225  -13.097  25.900 0.0000000000
69022  -47.876  -11.429  24.545 0.0000000000
68134  -46.832  -12.624  25.230 0.0000000000
66311  -46.078  -14.165  25.958 0.0000000000
136799  -22.027  -30.713  49.905 0.0000000000
132367  -23.935  -25.015  49.775 0.0000000000
54214  -22.744  -26.712  48.251 0.0000000000
124723  -22.242  -28.577  46.127 0.0000000000
54251  -22.680  -26.918  44.965 0.0000000000
52305  -22.099  -28.132  44.530 0.0000000000
138230  -21.887  -29.625  44.441 0.0000000000
50420  -21.602  -30.576  43.304 0.0000000000
51290  -31.998  -29.171  48.889 0.0000000000
52259  -30.896  -28.197  47.739 0.0000000000
53209  -29.433  -27.588  45.981 0.0000000000
53256  -30.918  -27.397  44.778 0.0000000000
53255  -29.989  -27.449  44.430 0.0000000000
140629  -28.288  -27.597  45.086 0.0000000000
123929  -27.716  -27.792  43.274 0.0000000000
53314  -26.622  -27.770  41.656 0.0000000000
132083  -26.227  -27.464  40.087 0.0000000000
52351  -30.352  -28.900  38.929 0.0000000000
53365  -29.546  -28.348  38.765 0.0000000000
53364  -28.595  -27.843  38.675 0.0000000000
142772  -27.793  -27.647  38.835 0.0000000000
53362  -26.142  -27.772  38.770 0.0000000000
53361  -25.227  -27.821  38.808 0.0000000000
132633  -44.286  -23.601  38.341 0.0000000000
58146  -44.771  -23.170  39.000 0.0000000000
56238  -45.640  -25.052  37.745 0.0000000000
57207  -44.741  -24.434  37.755 0.0000000000
52212  -31.974  -28.865  50.812 0.0000000000
51250  -31.385  -29.207  50.980 0.0000000000
130277  -32.132  -29.368  50.731 0.0000000000
57273  -40.652  -23.935  28.384 0.0000000000
65273  -42.632  -15.566  34.846 0.0000000000
65295  -42.609  -15.440  33.829 0.0000000000
52297  -40.951  -28.774  45.839 0.0000000000
140674  -41.403  -29.947  45.566 0.0000000000
51325  -41.788  -29.834  44.823 0.0000000000
54397  -35.893  -26.921  33.879 0.0000000000
56307  -40.191  -25.073  28.183 0.0000000000
68995  -52.213  -10.772  27.335 0.0000000000
68973  -51.861  -11.145  27.733 0.0000000000
68972  -51.325  -11.492  27.430 0.0000000000
68993  -51.258  -11.344  26.717 0.0000000000
55148  -23.783  -24.431  53.112 0.0000000000
55155  -22.914  -24.714  52.464 0.0000000000
141319  -25.218  -27.655  41.383 0.0000000000
53332  -24.420  -27.563  40.071 0.0000000000
53360  -24.290  -27.941  38.860 0.0000000000
53345  -24.812  -27.612  39.377 0.0000000000
52340  -33.265  -28.466  40.691 0.0000000000
52354  -32.385  -29.007  39.648 0.0000000000
137995  -41.734  -24.921  33.364 0.0000000000
56266  -40.996  -24.457  32.953 0.0000000000
61198  -42.565  -19.337  37.292 0.0000000000
134731  -42.356  -18.490  36.538 0.0000000000
62163  -42.760  -18.529  37.295 0.0000000000
54305  -42.912  -27.270  40.553 0.0000000000
54312  -43.585  -26.933  39.979 0.0000000000
54381  -41.412  -26.531  34.603 0.0000000000
54398  -41.724  -26.787  33.653 0.0000000000
56268  -42.695  -25.399  33.254 0.0000000000
55329  -43.070  -25.725  32.676 0.0000000000
56267  -42.301  -25.321  32.529 0.0000000000
53139  -27.686  -27.164  52.621 0.0000000000
136685  -27.570  -27.191  51.982 0.0000000000
53150  -28.114  -27.595  52.121 0.0000000000
52274  -28.690  -27.784  46.755 0.0000000000
53199  -27.914  -27.658  46.609 0.0000000000
53230  -27.520  -27.571  45.519 0.0000000000
133352  -40.148  -21.442  33.088 0.0000000000
124720  -40.424  -20.989  32.802 0.0000000000
61256  -42.418  -20.225  32.197 0.0000000000
64208  -45.901  -15.795  33.197 0.0000000000
141982  -45.553  -16.758  33.394 0.0000000000
51280  -36.943  -30.271  49.587 0.0000000000
50360  -36.397  -30.438  49.671 0.0000000000
50372  -37.173  -30.622  49.144 0.0000000000
53283  -37.957  -27.459  43.600 0.0000000000
53262  -37.482  -27.650  44.463 0.0000000000
53299  -36.509  -27.241  42.799 0.0000000000
54283  -37.309  -26.803  42.054 0.0000000000
145108  -36.280  -26.822  37.399 0.0000000000
54326  -34.821  -26.419  36.826 0.0000000000
140145  -38.458  -25.493  30.400 0.0000000000
56295  -37.261  -24.962  29.763 0.0000000000
67104  -44.945  -13.584  39.159 0.0000000000
148485  -47.861  -10.379  36.664 0.0000000000
69731  -47.311  -10.243  37.323 0.0000000000
68885  -45.660  -11.357  36.464 0.0000000000
143501  -46.780  -11.163  35.477 0.0000000000
68029  -49.668  -12.530  34.285 0.0000000000
67161  -49.545  -13.482  34.512 0.0000000000
67147  -49.669  -14.379  34.886 0.0000000000
71776  -51.192  -8.955  30.236 0.0000000000
71760  -51.293  -8.944  30.946 0.0000000000
145955  -51.249  -9.137  31.572 0.0000000000
70744  -51.433  -9.637  31.209 0.0000000000
66256  -49.390  -14.011  30.968 0.0000000000
66242  -48.873  -14.555  31.520 0.0000000000
65339  -48.196  -14.969  31.011 0.0000000000
66292  -47.144  -14.854  27.212 0.0000000000
65366  -47.337  -15.088  27.867 0.0000000000
65375  -46.479  -15.327  26.819 0.0000000000
70852  -50.399  -9.774  23.926 0.0000000000
149537  -50.063  -10.429  24.576 0.0000000000
51244  -21.789  -29.858  52.241 0.0000000000
51302  -22.155  -29.314  47.288 0.0000000000
50406  -22.183  -30.427  45.739 0.0000000000
54225  -25.024  -25.865  46.918 0.0000000000
55231  -24.222  -25.770  46.901 0.0000000000
48593  -22.086  -31.789  38.371 0.0000000000
53213  -33.486  -27.684  46.211 0.0000000000
52278  -32.902  -27.853  46.842 0.0000000000
124334  -29.962  -27.688  41.177 0.0000000000
53292  -29.781  -27.608  42.109 0.0000000000
124919  -29.242  -27.639  40.981 0.0000000000
53316  -28.486  -27.656  41.351 0.0000000000
57214  -41.697  -23.614  36.234 0.0000000000
57215  -42.388  -23.913  36.676 0.0000000000
58159  -43.101  -22.524  38.401 0.0000000000
135113  -42.676  -21.886  38.216 0.0000000000
59128  -42.380  -21.105  37.717 0.0000000000
56224  -45.155  -25.178  39.232 0.0000000000
149570  -44.661  -25.806  39.143 0.0000000000
54346  -44.830  -26.015  36.109 0.0000000000
54345  -44.370  -26.289  35.867 0.0000000000
54364  -44.535  -26.046  35.396 0.0000000000
54384  -43.870  -26.143  34.193 0.0000000000
56246  -44.131  -25.710  35.206 0.0000000000
56239  -43.242  -24.939  35.938 0.0000000000
61235  -48.507  -19.320  36.321 0.0000000000
62215  -46.817  -18.511  32.135 0.0000000000
127834  -29.861  -28.484  51.868 0.0000000000
52209  -29.351  -28.468  51.852 0.0000000000
51260  -29.892  -29.041  51.402 0.0000000000
51274  -30.068  -29.255  50.210 0.0000000000
52244  -29.489  -28.381  48.431 0.0000000000
52245  -30.274  -28.380  48.167 0.0000000000
62201  -40.797  -18.906  33.088 0.0000000000
63171  -41.586  -17.650  32.743 0.0000000000
64227  -42.164  -17.066  32.410 0.0000000000
63172  -42.294  -17.713  32.191 0.0000000000
63173  -43.107  -17.765  32.005 0.0000000000
136021  -42.848  -16.980  31.854 0.0000000000
66230  -43.968  -14.635  32.736 0.0000000000
65311  -44.271  -15.377  32.357 0.0000000000
51306  -39.387  -30.229  47.694 0.0000000000
50385  -39.013  -30.897  47.891 0.0000000000
50394  -39.366  -30.816  47.442 0.0000000000
126090  -40.272  -30.663  45.046 0.0000000000
51323  -39.770  -30.646  45.556 0.0000000000
52308  -39.654  -29.430  44.090 0.0000000000
52307  -39.073  -28.481  44.057 0.0000000000
52312  -39.524  -28.739  43.151 0.0000000000
141777  -37.730  -27.579  36.384 0.0000000000
54341  -37.910  -28.006  36.866 0.0000000000
53401  -36.041  -27.554  34.986 0.0000000000
54357  -35.726  -27.418  35.321 0.0000000000
54377  -34.986  -27.059  34.156 0.0000000000
130649  -39.353  -25.585  29.062 0.0000000000
55386  -39.477  -25.281  28.356 0.0000000000
69739  -48.420  -10.094  36.415 0.0000000000
69754  -49.460  -10.120  34.950 0.0000000000
69766  -49.773  -10.678  34.469 0.0000000000
143421  -51.943  -10.332  28.260 0.0000000000
131342  -51.847  -9.906  27.962 0.0000000000
137452  -51.714  -9.993  28.893 0.0000000000
69833  -51.935  -10.626  28.832 0.0000000000
68949  -51.858  -11.172  29.449 0.0000000000
67220  -50.234  -12.769  29.137 0.0000000000
67219  -49.607  -13.235  28.698 0.0000000000
67206  -49.099  -13.771  29.117 0.0000000000
68095  -49.371  -12.650  27.254 0.0000000000
145796  -48.029  -13.849  27.451 0.0000000000
68117  -48.687  -12.764  26.776 0.0000000000
72866  -50.084  -7.909  22.246 0.0000000000
70869  -49.272  -9.385  22.820 0.0000000000
53137  -21.682  -27.421  52.162 0.0000000000
54170  -21.846  -26.396  52.481 0.0000000000
127308  -22.268  -26.562  50.862 0.0000000000
53175  -22.371  -27.242  49.580 0.0000000000
52241  -22.157  -28.302  48.580 0.0000000000
53185  -22.389  -27.428  48.858 0.0000000000
53250  -25.294  -27.335  44.010 0.0000000000
53273  -24.549  -26.913  43.544 0.0000000000
124308  -24.015  -26.903  42.995 0.0000000000
53343  -22.935  -27.786  39.832 0.0000000000
53330  -22.799  -27.711  40.791 0.0000000000
129909  -22.267  -28.295  39.909 0.0000000000
52348  -22.006  -28.788  39.257 0.0000000000
51368  -22.574  -29.603  38.346 0.0000000000
52363  -22.727  -28.828  38.692 0.0000000000
51370  -24.140  -29.201  38.533 0.0000000000
50452  -23.622  -29.982  38.173 0.0000000000
53279  -33.102  -27.583  43.364 0.0000000000
52328  -32.213  -28.415  41.062 0.0000000000
52327  -31.499  -28.289  40.855 0.0000000000
56281  -41.488  -24.885  30.488 0.0000000000
57262  -40.727  -24.198  30.054 0.0000000000
133962  -39.945  -22.998  33.207 0.0000000000
58188  -39.848  -22.205  32.999 0.0000000000
59153  -40.264  -21.687  34.385 0.0000000000
141535  -41.201  -22.895  36.080 0.0000000000
57220  -40.801  -23.098  35.315 0.0000000000
60169  -41.016  -20.455  35.682 0.0000000000
148896  -40.722  -20.908  35.452 0.0000000000
60168  -40.563  -20.608  35.024 0.0000000000
147919  -40.718  -19.996  35.077 0.0000000000
61221  -40.749  -19.425  34.551 0.0000000000
125624  -42.449  -17.502  36.237 0.0000000000
141694  -42.395  -16.881  35.713 0.0000000000
64169  -42.721  -16.352  36.096 0.0000000000
53303  -41.759  -27.375  43.231 0.0000000000
53304  -42.403  -28.229  42.924 0.0000000000
53341  -43.251  -28.264  40.800 0.0000000000
52345  -43.017  -28.635  40.722 0.0000000000
52361  -42.963  -28.525  40.207 0.0000000000
52360  -42.053  -28.482  40.131 0.0000000000
53357  -41.559  -27.972  39.524 0.0000000000
54321  -44.335  -27.310  38.810 0.0000000000
54331  -41.759  -26.727  37.058 0.0000000000
146668  -41.038  -26.531  37.265 0.0000000000
53382  -40.959  -26.791  37.905 0.0000000000
55312  -39.826  -25.627  34.473 0.0000000000
55298  -38.969  -25.702  35.417 0.0000000000
55311  -38.615  -25.529  34.668 0.0000000000
55310  -37.444  -25.882  34.642 0.0000000000
55336  -39.177  -25.475  32.963 0.0000000000
55337  -39.937  -26.005  32.215 0.0000000000
126686  -42.525  -26.890  33.199 0.0000000000
54400  -43.025  -26.498  32.786 0.0000000000
54421  -42.279  -26.225  31.322 0.0000000000
54410  -42.160  -26.614  31.890 0.0000000000
54420  -41.594  -26.474  31.235 0.0000000000
54419  -40.701  -26.463  30.910 0.0000000000
54428  -41.328  -26.360  30.557 0.0000000000
54427  -40.693  -26.307  30.116 0.0000000000
56289  -41.710  -25.445  30.335 0.0000000000
134917  -53.379  -8.658  24.783 0.0000000000
71845  -53.417  -7.978  24.407 0.0000000000
71844  -53.139  -8.367  24.116 0.0000000000
72869  -52.802  -7.153  23.464 0.0000000000
73823  -52.633  -6.411  23.120 0.0000000000
72868  -52.014  -7.073  22.839 0.0000000000
54171  -26.167  -25.513  52.040 0.0000000000
148902  -26.847  -26.518  50.102 0.0000000000
54196  -26.365  -25.952  50.083 0.0000000000
54217  -26.665  -26.757  48.538 0.0000000000
52232  -28.207  -27.813  49.911 0.0000000000
53198  -27.488  -27.537  46.568 0.0000000000
53197  -27.067  -27.366  47.011 0.0000000000
130247  -26.502  -27.211  46.588 0.0000000000
148161  -26.301  -27.279  45.986 0.0000000000
123570  -26.195  -27.504  44.914 0.0000000000
53228  -26.663  -27.531  45.266 0.0000000000
123933  -26.454  -27.692  44.279 0.0000000000
123926  -26.251  -27.932  42.563 0.0000000000
57261  -40.001  -23.342  30.585 0.0000000000
58228  -39.765  -22.433  30.158 0.0000000000
146112  -41.015  -20.050  32.567 0.0000000000
60198  -40.726  -20.485  32.590 0.0000000000
60242  -41.944  -20.556  30.912 0.0000000000
63174  -43.966  -17.986  32.300 0.0000000000
142381  -44.187  -18.902  32.754 0.0000000000
63153  -45.533  -17.810  33.855 0.0000000000
144273  -47.269  -17.075  36.059 0.0000000000
63141  -47.327  -17.889  36.206 0.0000000000
63133  -48.460  -17.572  36.916 0.0000000000
51253  -34.287  -29.580  50.637 0.0000000000
50357  -33.764  -30.065  50.517 0.0000000000
125781  -34.554  -30.349  50.152 0.0000000000
51304  -35.922  -30.024  48.589 0.0000000000
51303  -35.002  -29.781  48.824 0.0000000000
52264  -35.284  -29.050  47.937 0.0000000000
52280  -34.451  -28.447  47.553 0.0000000000
145389  -34.973  -28.276  47.196 0.0000000000
51313  -37.982  -30.551  47.533 0.0000000000
53261  -36.436  -27.530  44.555 0.0000000000
53238  -36.212  -27.705  45.462 0.0000000000
53237  -35.235  -27.585  45.458 0.0000000000
53280  -34.379  -27.515  43.753 0.0000000000
144930  -35.025  -27.417  43.963 0.0000000000
53321  -34.606  -27.711  41.810 0.0000000000
127502  -34.805  -27.594  42.460 0.0000000000
142979  -34.044  -27.880  41.578 0.0000000000
53338  -34.405  -27.794  41.202 0.0000000000
51346  -41.909  -29.904  42.379 0.0000000000
50428  -41.447  -30.375  42.837 0.0000000000
51355  -40.525  -29.937  41.841 0.0000000000
52331  -39.361  -29.022  40.623 0.0000000000
52332  -39.631  -29.440  41.252 0.0000000000
53302  -39.436  -29.002  41.399 0.0000000000
53325  -39.245  -28.159  41.158 0.0000000000
54319  -37.587  -28.001  38.082 0.0000000000
123862  -36.369  -26.474  38.755 0.0000000000
54311  -37.909  -27.192  39.099 0.0000000000
54310  -36.783  -26.445  39.404 0.0000000000
54301  -36.919  -26.395  40.449 0.0000000000
54293  -36.458  -26.777  41.572 0.0000000000
123446  -35.850  -26.608  40.133 0.0000000000
53351  -33.837  -27.547  39.363 0.0000000000
127926  -36.618  -25.019  32.233 0.0000000000
55345  -35.774  -25.203  32.164 0.0000000000
55356  -36.621  -24.742  31.451 0.0000000000
55131  -25.968  -24.954  55.516 0.0000000000
54164  -29.190  -26.676  53.049 0.0000000000
54186  -33.588  -26.872  50.768 0.0000000000
53153  -33.835  -28.242  50.708 0.0000000000
53168  -35.557  -28.404  50.274 0.0000000000
139045  -35.712  -27.409  50.071 0.0000000000
55209  -36.301  -26.067  48.954 0.0000000000
53189  -37.280  -27.788  48.489 0.0000000000
53190  -38.039  -28.268  48.117 0.0000000000
53200  -37.544  -27.261  47.759 0.0000000000
54239  -38.598  -26.673  46.354 0.0000000000
53216  -38.613  -27.505  46.843 0.0000000000
53218  -40.057  -28.137  46.164 0.0000000000
54240  -39.287  -26.508  45.721 0.0000000000
54256  -40.296  -26.425  44.943 0.0000000000
55242  -40.420  -25.509  44.648 0.0000000000
54269  -41.040  -26.424  44.141 0.0000000000
55249  -40.704  -25.558  44.257 0.0000000000
56175  -41.109  -24.672  43.657 0.0000000000
56184  -41.243  -24.759  42.739 0.0000000000
57185  -46.268  -23.916  39.459 0.0000000000
128834  -45.622  -21.201  40.030 0.0000000000
61185  -45.005  -19.745  39.713 0.0000000000
129770  -44.245  -19.212  39.107 0.0000000000
62152  -44.285  -18.348  38.973 0.0000000000
65223  -44.751  -15.569  39.060 0.0000000000
64144  -45.142  -16.483  39.535 0.0000000000
64157  -44.488  -16.617  38.740 0.0000000000
63108  -44.383  -17.512  38.829 0.0000000000
63107  -43.944  -17.134  38.335 0.0000000000
63119  -43.409  -17.241  37.659 0.0000000000
64156  -43.842  -16.466  38.057 0.0000000000
66158  -44.339  -14.383  37.954 0.0000000000
66157  -43.937  -14.917  37.407 0.0000000000
66164  -43.591  -14.654  36.604 0.0000000000
144569  -43.294  -15.064  36.218 0.0000000000
69730  -46.155  -10.488  37.538 0.0000000000
67997  -44.627  -12.300  38.063 0.0000000000
68877  -45.049  -11.497  37.531 0.0000000000
68017  -45.038  -11.865  35.810 0.0000000000
67145  -44.155  -13.190  35.661 0.0000000000
67157  -44.423  -13.186  34.568 0.0000000000
67156  -44.043  -13.746  33.933 0.0000000000
131539  -46.143  -12.369  33.860 0.0000000000
67170  -45.867  -13.210  33.316 0.0000000000
66233  -46.102  -14.124  32.887 0.0000000000
67171  -46.902  -13.802  33.210 0.0000000000
68899  -48.658  -10.846  34.781 0.0000000000
68911  -48.357  -11.494  34.228 0.0000000000
67160  -49.058  -13.889  34.540 0.0000000000
67173  -48.399  -13.144  33.711 0.0000000000
67159  -48.422  -14.180  34.401 0.0000000000
66220  -47.636  -14.410  33.976 0.0000000000
66202  -48.143  -15.119  35.276 0.0000000000
65257  -49.082  -15.766  35.620 0.0000000000
65256  -48.699  -16.127  36.081 0.0000000000
64180  -48.814  -16.469  36.142 0.0000000000
140299  -48.651  -17.033  36.612 0.0000000000
69787  -50.620  -10.570  33.040 0.0000000000
123341  -50.445  -11.460  33.378 0.0000000000
68922  -50.107  -11.771  33.971 0.0000000000
68059  -51.267  -11.782  31.032 0.0000000000
132965  -50.716  -12.462  31.472 0.0000000000
67181  -50.136  -13.775  32.573 0.0000000000
67182  -50.390  -13.332  33.283 0.0000000000
66235  -50.269  -14.180  33.656 0.0000000000
66221  -49.999  -14.657  34.556 0.0000000000
65314  -48.683  -15.583  32.980 0.0000000000
64211  -48.574  -16.310  33.978 0.0000000000
64232  -47.761  -16.639  33.109 0.0000000000
140640  -46.989  -16.060  31.078 0.0000000000
64242  -47.271  -16.527  32.067 0.0000000000
66267  -47.946  -14.703  29.155 0.0000000000
64265  -46.271  -16.201  28.494 0.0000000000
64247  -45.903  -16.765  29.944 0.0000000000
146892  -52.083  -10.438  25.414 0.0000000000
69012  -51.100  -11.121  26.164 0.0000000000
69879  -51.474  -10.703  25.642 0.0000000000
69010  -48.925  -11.521  25.404 0.0000000000
68116  -47.982  -12.870  26.296 0.0000000000
68135  -47.723  -12.390  25.580 0.0000000000
69905  -48.365  -10.392  23.400 0.0000000000
69035  -47.925  -10.928  23.894 0.0000000000
68155  -46.547  -12.190  24.456 0.0000000000
67254  -46.406  -13.400  25.575 0.0000000000
51259  -21.766  -29.192  50.644 0.0000000000
51273  -21.826  -29.954  50.242 0.0000000000
50368  -21.841  -30.015  49.264 0.0000000000
130818  -22.422  -31.346  46.870 0.0000000000
125083  -22.444  -32.623  44.978 0.0000000000
48546  -22.052  -32.820  43.706 0.0000000000
48567  -21.708  -32.915  41.973 0.0000000000
55183  -24.493  -24.820  50.661 0.0000000000
54224  -23.011  -26.438  47.465 0.0000000000
148035  -23.245  -26.068  47.984 0.0000000000
147182  -22.592  -27.029  47.574 0.0000000000
53206  -22.407  -27.633  46.340 0.0000000000
54265  -22.794  -26.859  44.192 0.0000000000
131288  -21.924  -28.417  43.324 0.0000000000
132630  -22.040  -28.709  44.041 0.0000000000
51330  -22.149  -28.968  44.697 0.0000000000
51338  -21.779  -29.423  43.510 0.0000000000
50421  -21.749  -30.297  44.105 0.0000000000
50426  -21.512  -30.327  42.296 0.0000000000
49519  -24.119  -31.511  37.671 0.0000000000
129509  -23.556  -31.821  37.555 0.0000000000
51278  -33.205  -29.997  49.721 0.0000000000
51277  -32.414  -29.717  49.649 0.0000000000
51291  -32.867  -29.347  49.086 0.0000000000
132225  -31.472  -27.870  47.241 0.0000000000
52276  -30.592  -27.798  46.949 0.0000000000
53210  -30.328  -27.616  46.212 0.0000000000
124348  -31.909  -27.528  43.454 0.0000000000
140792  -31.576  -27.461  44.269 0.0000000000
123927  -29.648  -27.591  42.913 0.0000000000
53231  -29.228  -27.528  45.237 0.0000000000
53254  -29.032  -27.545  44.540 0.0000000000
123931  -28.249  -27.634  44.173 0.0000000000
123928  -28.753  -27.666  43.019 0.0000000000
53315  -27.486  -27.702  41.484 0.0000000000
53334  -26.836  -27.577  40.760 0.0000000000
53350  -30.260  -28.367  39.604 0.0000000000
52369  -28.790  -28.628  38.111 0.0000000000
52368  -27.760  -28.139  38.318 0.0000000000
131190  -26.204  -28.934  38.486 0.0000000000
52367  -26.693  -28.105  38.456 0.0000000000
52366  -25.688  -28.150  38.584 0.0000000000
57205  -42.990  -23.735  37.483 0.0000000000
57206  -43.348  -23.236  38.183 0.0000000000
58145  -43.419  -21.963  38.709 0.0000000000
55281  -46.211  -24.935  39.034 0.0000000000
55289  -45.900  -25.370  37.966 0.0000000000
56241  -44.875  -25.817  36.357 0.0000000000
56237  -43.964  -24.548  37.183 0.0000000000
127285  -48.095  -19.186  36.365 0.0000000000
123547  -48.097  -19.310  34.291 0.0000000000
52211  -30.965  -28.802  51.262 0.0000000000
51249  -30.511  -29.063  51.341 0.0000000000
146052  -30.992  -29.393  50.896 0.0000000000
51275  -31.011  -29.583  50.325 0.0000000000
51276  -31.501  -29.479  49.527 0.0000000000
58242  -40.369  -22.568  28.330 0.0000000000
63138  -41.615  -17.355  34.547 0.0000000000
63152  -41.472  -17.410  33.555 0.0000000000
64188  -41.780  -16.682  33.911 0.0000000000
65309  -42.820  -15.580  32.831 0.0000000000
51315  -40.564  -29.999  46.634 0.0000000000
50402  -40.275  -30.646  46.513 0.0000000000
50403  -40.841  -30.376  45.983 0.0000000000
50409  -40.494  -30.652  45.566 0.0000000000
50415  -40.474  -30.439  44.130 0.0000000000
54380  -36.842  -26.995  35.096 0.0000000000
54379  -36.188  -27.354  34.636 0.0000000000
54378  -35.562  -27.140  34.215 0.0000000000
138576  -34.847  -26.786  33.515 0.0000000000
68964  -52.044  -10.757  28.040 0.0000000000
68963  -51.851  -11.208  28.582 0.0000000000
68962  -51.359  -11.635  28.236 0.0000000000
135846  -50.019  -12.386  27.596 0.0000000000
68118  -49.951  -12.135  27.008 0.0000000000
55154  -22.077  -25.416  52.774 0.0000000000
55167  -22.302  -25.516  52.019 0.0000000000
54180  -22.575  -25.649  51.273 0.0000000000
129666  -22.860  -25.685  50.601 0.0000000000
126363  -24.380  -27.633  41.842 0.0000000000
53331  -23.637  -27.652  40.388 0.0000000000
52350  -23.366  -28.133  39.076 0.0000000000
52316  -33.173  -28.012  42.076 0.0000000000
52329  -32.874  -28.383  41.298 0.0000000000
52338  -32.005  -28.835  40.253 0.0000000000
57247  -40.466  -24.144  32.062 0.0000000000
126484  -40.402  -23.548  33.596 0.0000000000
59138  -41.789  -21.217  37.095 0.0000000000
61208  -41.507  -20.097  36.254 0.0000000000
62175  -41.726  -18.702  35.741 0.0000000000
63127  -42.906  -16.897  36.775 0.0000000000
54296  -41.772  -26.806  41.695 0.0000000000
53326  -42.323  -27.704  42.211 0.0000000000
54297  -42.625  -27.534  41.272 0.0000000000
124785  -43.234  -27.884  40.884 0.0000000000
52346  -43.477  -28.172  40.070 0.0000000000
54333  -43.850  -26.753  36.892 0.0000000000
54344  -42.273  -26.788  36.230 0.0000000000
54360  -40.714  -26.133  35.774 0.0000000000
55327  -39.463  -25.524  33.778 0.0000000000
145945  -40.317  -25.919  33.708 0.0000000000
55330  -43.406  -25.849  33.276 0.0000000000
135243  -43.208  -26.048  32.622 0.0000000000
55349  -42.486  -25.891  31.491 0.0000000000
55360  -42.139  -25.896  30.759 0.0000000000
56278  -42.279  -25.446  31.704 0.0000000000
54183  -26.772  -26.268  51.734 0.0000000000
53138  -27.240  -26.681  52.241 0.0000000000
53148  -27.285  -26.824  51.480 0.0000000000
53163  -27.232  -26.909  49.987 0.0000000000
52243  -28.702  -28.221  48.648 0.0000000000
52256  -28.055  -27.849  47.994 0.0000000000
144586  -27.870  -27.721  47.161 0.0000000000
53229  -26.973  -27.555  45.295 0.0000000000
123932  -27.208  -27.732  44.254 0.0000000000
58205  -39.765  -22.391  32.037 0.0000000000
59192  -40.031  -21.723  31.560 0.0000000000
143600  -40.503  -21.292  31.147 0.0000000000
61255  -41.587  -20.138  32.299 0.0000000000
145398  -46.381  -17.262  34.809 0.0000000000
51265  -35.507  -30.144  50.393 0.0000000000
125949  -35.342  -30.351  50.224 0.0000000000
50371  -35.959  -30.524  49.913 0.0000000000
149381  -36.308  -30.497  48.896 0.0000000000
51305  -36.765  -30.366  48.423 0.0000000000
52306  -38.250  -28.319  45.125 0.0000000000
52295  -37.852  -28.883  46.097 0.0000000000
53281  -35.726  -27.409  43.844 0.0000000000
126167  -35.050  -27.435  43.245 0.0000000000
144711  -35.881  -27.436  43.229 0.0000000000
53322  -35.501  -27.460  41.885 0.0000000000
51360  -40.805  -29.573  41.140 0.0000000000
51354  -39.931  -29.688  41.166 0.0000000000
52344  -39.989  -29.349  40.351 0.0000000000
52342  -39.187  -29.047  39.829 0.0000000000
53354  -38.747  -28.656  39.145 0.0000000000
54328  -36.662  -27.763  36.945 0.0000000000
54317  -35.930  -26.412  38.274 0.0000000000
54309  -35.289  -26.566  39.453 0.0000000000
136134  -35.019  -26.386  38.630 0.0000000000
54316  -34.237  -26.641  38.380 0.0000000000
55174  -34.125  -26.043  51.350 0.0000000000
55210  -36.794  -25.467  48.395 0.0000000000
55221  -37.318  -25.914  47.533 0.0000000000
56168  -40.650  -24.749  44.573 0.0000000000
60115  -46.607  -19.949  40.665 0.0000000000
60130  -45.936  -20.415  40.248 0.0000000000
61187  -46.537  -19.146  40.616 0.0000000000
141731  -45.865  -18.396  40.133 0.0000000000
133637  -45.160  -14.879  39.436 0.0000000000
66149  -44.702  -14.645  38.817 0.0000000000
66159  -44.660  -13.921  38.579 0.0000000000
67112  -44.267  -13.604  37.651 0.0000000000
70666  -47.831  -9.754  38.014 0.0000000000
68878  -45.701  -10.989  37.223 0.0000000000
68025  -45.553  -12.077  34.769 0.0000000000
68026  -47.069  -12.149  33.699 0.0000000000
66180  -48.520  -15.608  35.746 0.0000000000
66182  -49.481  -15.043  35.289 0.0000000000
66204  -49.567  -15.154  35.210 0.0000000000
70743  -50.882  -9.116  32.110 0.0000000000
70729  -51.076  -9.838  32.111 0.0000000000
69788  -50.988  -10.681  32.274 0.0000000000
67203  -50.396  -13.000  30.987 0.0000000000
67191  -49.949  -13.572  31.496 0.0000000000
65359  -47.303  -15.259  28.737 0.0000000000
65358  -46.783  -15.631  28.156 0.0000000000
64275  -46.322  -16.144  27.732 0.0000000000
69878  -50.465  -10.601  25.075 0.0000000000
69891  -49.548  -10.659  24.632 0.0000000000
69023  -48.694  -11.130  24.696 0.0000000000
69021  -47.184  -11.510  24.138 0.0000000000
49442  -22.413  -31.488  50.133 0.0000000000
132255  -21.968  -28.964  49.083 0.0000000000
146321  -22.091  -30.116  47.597 0.0000000000
132830  -22.430  -31.237  46.145 0.0000000000
49461  -22.500  -32.001  45.639 0.0000000000
147873  -22.295  -31.170  45.471 0.0000000000
49465  -22.239  -31.600  44.930 0.0000000000
49467  -21.740  -31.768  43.506 0.0000000000
55207  -24.550  -25.345  48.355 0.0000000000
55197  -24.738  -25.093  49.177 0.0000000000
55218  -23.626  -25.823  47.428 0.0000000000
54236  -23.383  -26.178  46.640 0.0000000000
137779  -21.851  -28.128  41.857 0.0000000000
140044  -22.121  -27.743  42.787 0.0000000000
51343  -21.563  -29.218  41.842 0.0000000000
48592  -21.698  -32.231  39.211 0.0000000000
47616  -22.111  -32.823  38.727 0.0000000000
125117  -22.599  -32.568  37.919 0.0000000000
47632  -23.630  -33.314  37.400 0.0000000000
52261  -33.127  -28.351  47.728 0.0000000000
52247  -32.571  -28.662  48.344 0.0000000000
52277  -32.103  -27.656  46.636 0.0000000000
127453  -31.905  -27.502  45.796 0.0000000000
53293  -30.515  -27.566  42.550 0.0000000000
147009  -29.260  -27.643  42.576 0.0000000000
123923  -28.934  -27.697  42.179 0.0000000000
124964  -27.713  -27.502  40.419 0.0000000000
50456  -27.156  -30.081  38.370 0.0000000000
51372  -27.282  -28.755  38.167 0.0000000000
56244  -42.038  -24.723  34.916 0.0000000000
57228  -41.177  -24.072  34.770 0.0000000000
58167  -42.169  -23.115  37.407 0.0000000000
130079  -43.164  -19.502  38.089 0.0000000000
55276  -43.311  -25.725  39.720 0.0000000000
55279  -44.282  -26.411  39.339 0.0000000000
53374  -44.645  -26.869  38.079 0.0000000000
55284  -45.690  -25.858  38.132 0.0000000000
54334  -45.174  -26.372  37.621 0.0000000000
138716  -44.542  -26.699  37.460 0.0000000000
54362  -43.344  -26.646  34.507 0.0000000000
54401  -43.646  -26.088  33.593 0.0000000000
55300  -43.884  -25.893  34.169 0.0000000000
128633  -28.787  -28.048  52.399 0.0000000000
52208  -28.582  -28.138  51.479 0.0000000000
52222  -28.714  -28.289  50.514 0.0000000000
52233  -28.755  -28.311  49.606 0.0000000000
146555  -29.808  -29.222  50.878 0.0000000000
52223  -29.378  -28.743  50.279 0.0000000000
61231  -40.563  -19.617  33.636 0.0000000000
60188  -40.492  -20.318  33.182 0.0000000000
142736  -41.199  -18.429  32.809 0.0000000000
64229  -43.404  -16.091  32.130 0.0000000000
65313  -46.072  -14.908  32.855 0.0000000000
51294  -38.120  -30.208  48.813 0.0000000000
50373  -37.970  -30.713  48.688 0.0000000000
50384  -38.459  -30.846  48.110 0.0000000000
50399  -38.703  -30.826  47.231 0.0000000000
51322  -39.146  -30.505  46.295 0.0000000000
50407  -39.677  -30.833  46.337 0.0000000000
52296  -38.682  -29.484  45.752 0.0000000000
143654  -39.050  -28.924  44.861 0.0000000000
134352  -38.483  -27.477  42.845 0.0000000000
53381  -38.715  -28.164  38.178 0.0000000000
53380  -38.194  -28.237  37.624 0.0000000000
53379  -37.553  -28.159  37.088 0.0000000000
53378  -37.001  -28.148  36.623 0.0000000000
53391  -36.827  -27.997  36.043 0.0000000000
54340  -36.553  -27.808  36.266 0.0000000000
54339  -35.864  -27.361  36.010 0.0000000000
124095  -35.215  -26.836  35.791 0.0000000000
142765  -33.723  -26.563  33.821 0.0000000000
54394  -34.290  -26.706  33.427 0.0000000000
55367  -39.056  -25.771  29.848 0.0000000000
56305  -37.832  -24.939  28.435 0.0000000000
56306  -38.637  -25.008  28.016 0.0000000000
56317  -37.823  -24.693  27.723 0.0000000000
69732  -48.216  -9.962  37.275 0.0000000000
69751  -48.271  -10.449  35.687 0.0000000000
70684  -49.013  -9.988  35.634 0.0000000000
69753  -49.148  -10.293  35.185 0.0000000000
68900  -49.114  -10.887  34.675 0.0000000000
68913  -49.438  -11.603  34.274 0.0000000000
69807  -51.582  -10.353  30.694 0.0000000000
68085  -51.472  -11.742  29.106 0.0000000000
67208  -50.342  -12.887  30.039 0.0000000000
66269  -49.271  -13.917  29.994 0.0000000000
66283  -48.470  -14.177  28.710 0.0000000000
130211  -48.288  -14.019  27.987 0.0000000000
70870  -50.201  -9.192  23.253 0.0000000000
70851  -49.545  -9.817  23.460 0.0000000000
70850  -48.789  -9.938  23.078 0.0000000000
69919  -48.059  -10.078  22.755 0.0000000000
145267  -21.722  -29.091  52.189 0.0000000000
52199  -21.625  -28.442  52.600 0.0000000000
52207  -21.648  -28.343  51.781 0.0000000000
52220  -21.673  -28.380  50.955 0.0000000000
52231  -21.835  -28.463  50.245 0.0000000000
138093  -22.076  -28.140  49.502 0.0000000000
52255  -22.201  -28.435  47.719 0.0000000000
54254  -25.227  -26.708  45.539 0.0000000000
54253  -24.399  -26.369  45.323 0.0000000000
130663  -24.207  -26.473  44.741 0.0000000000
53272  -23.523  -26.698  43.660 0.0000000000
53289  -22.689  -27.228  42.703 0.0000000000
145342  -23.440  -27.219  42.308 0.0000000000
53310  -22.529  -27.589  41.841 0.0000000000
138115  -22.160  -27.959  41.086 0.0000000000
50451  -22.187  -30.296  38.278 0.0000000000
49518  -23.391  -30.924  37.762 0.0000000000
51369  -23.241  -29.385  38.350 0.0000000000
50464  -24.211  -30.619  38.163 0.0000000000
53259  -33.839  -27.537  44.437 0.0000000000
53258  -33.041  -27.494  44.198 0.0000000000
53278  -32.620  -27.532  43.593 0.0000000000
129563  -31.900  -27.747  42.503 0.0000000000
140928  -31.272  -27.694  42.256 0.0000000000
57266  -40.869  -24.200  29.195 0.0000000000
57254  -39.869  -23.310  31.565 0.0000000000
57227  -40.552  -23.313  34.453 0.0000000000
58174  -40.423  -22.311  34.857 0.0000000000
59145  -40.946  -21.255  35.867 0.0000000000
137504  -40.321  -20.921  34.286 0.0000000000
146043  -40.394  -20.356  33.796 0.0000000000
62181  -41.607  -18.036  35.129 0.0000000000
63139  -42.005  -16.746  34.920 0.0000000000
64177  -42.451  -16.242  35.284 0.0000000000
141641  -41.545  -27.848  44.367 0.0000000000
51333  -42.146  -29.246  44.109 0.0000000000
52314  -42.363  -28.744  43.498 0.0000000000
52319  -42.728  -29.012  42.728 0.0000000000
51357  -42.514  -29.408  41.931 0.0000000000
53327  -42.845  -28.616  42.126 0.0000000000
52333  -42.953  -28.790  41.491 0.0000000000
51361  -42.215  -29.208  41.159 0.0000000000
132304  -41.337  -29.003  40.584 0.0000000000
52359  -40.707  -28.624  40.005 0.0000000000
53355  -39.456  -28.367  38.998 0.0000000000
54313  -43.999  -27.409  39.588 0.0000000000
53358  -43.750  -27.768  39.376 0.0000000000
53384  -43.142  -27.326  37.755 0.0000000000
53373  -42.463  -27.600  38.706 0.0000000000
53372  -40.869  -27.406  38.863 0.0000000000
54320  -39.599  -27.458  38.400 0.0000000000
54330  -39.004  -27.362  37.749 0.0000000000
130055  -38.403  -26.951  36.691 0.0000000000
54359  -38.151  -26.590  36.064 0.0000000000
134027  -39.335  -25.974  36.106 0.0000000000
55324  -36.295  -25.993  33.587 0.0000000000
133065  -37.213  -25.172  32.778 0.0000000000
128359  -38.318  -25.374  31.035 0.0000000000
55358  -39.220  -25.777  30.738 0.0000000000
148617  -41.897  -26.926  32.995 0.0000000000
129665  -41.656  -26.762  32.501 0.0000000000
145650  -41.404  -26.624  31.958 0.0000000000
140354  -40.036  -26.320  30.611 0.0000000000
55368  -40.075  -25.937  29.524 0.0000000000
55369  -41.672  -25.846  30.170 0.0000000000
143621  -41.062  -25.727  29.467 0.0000000000
56296  -41.112  -24.896  29.008 0.0000000000
69858  -52.490  -10.621  26.312 0.0000000000
69881  -52.982  -10.293  26.038 0.0000000000
69894  -52.966  -10.123  25.561 0.0000000000
69893  -52.558  -10.165  25.257 0.0000000000
70843  -53.082  -9.598  25.056 0.0000000000
70842  -52.361  -9.735  24.680 0.0000000000
70853  -52.055  -9.212  24.081 0.0000000000
73810  -53.498  -6.418  24.445 0.0000000000
72856  -53.243  -7.620  23.902 0.0000000000
72855  -52.543  -7.933  23.491 0.0000000000
71843  -51.633  -8.589  23.484 0.0000000000
149244  -50.787  -7.722  22.482 0.0000000000
145435  -50.591  -7.238  21.864 0.0000000000
72882  -51.292  -6.712  22.117 0.0000000000
131949  -24.929  -24.707  53.068 0.0000000000
55157  -25.282  -24.830  52.251 0.0000000000
55170  -25.453  -25.005  51.355 0.0000000000
55184  -25.577  -25.224  50.461 0.0000000000
55198  -25.577  -25.385  49.559 0.0000000000
55208  -25.410  -25.528  48.666 0.0000000000
54226  -25.801  -26.423  47.196 0.0000000000
53149  -27.804  -27.425  51.288 0.0000000000
53164  -27.723  -27.380  50.350 0.0000000000
53176  -27.203  -27.125  48.969 0.0000000000
53187  -27.651  -27.581  48.430 0.0000000000
54227  -26.577  -26.957  47.553 0.0000000000
54238  -25.671  -26.723  46.219 0.0000000000
123852  -25.091  -27.556  43.312 0.0000000000
53251  -26.524  -27.561  44.764 0.0000000000
53274  -25.895  -27.591  44.102 0.0000000000
53291  -25.279  -27.800  42.486 0.0000000000
141056  -40.471  -23.344  28.899 0.0000000000
59223  -40.352  -21.590  28.855 0.0000000000
60275  -40.612  -20.959  28.392 0.0000000000
139017  -41.096  -20.793  31.237 0.0000000000
62193  -47.537  -18.653  36.228 0.0000000000
51263  -32.587  -29.705  50.688 0.0000000000
50344  -33.224  -29.915  50.817 0.0000000000
50370  -33.559  -30.236  50.219 0.0000000000
51292  -33.679  -29.576  49.254 0.0000000000
50380  -34.913  -30.326  49.609 0.0000000000
139309  -34.382  -29.850  49.303 0.0000000000
52249  -34.168  -29.300  48.733 0.0000000000
52262  -33.906  -28.649  48.014 0.0000000000
50391  -37.612  -30.684  48.237 0.0000000000
51312  -37.174  -30.072  47.748 0.0000000000
52282  -36.639  -28.954  47.143 0.0000000000
52294  -36.935  -28.422  46.298 0.0000000000
52281  -35.725  -28.542  47.195 0.0000000000
53215  -35.069  -27.865  46.426 0.0000000000
53236  -34.217  -27.569  45.531 0.0000000000
145505  -42.007  -29.992  44.009 0.0000000000
50423  -40.979  -30.660  43.544 0.0000000000
50422  -40.382  -30.180  43.171 0.0000000000
51345  -40.005  -29.867  42.090 0.0000000000
128500  -39.941  -29.679  42.981 0.0000000000
53301  -39.261  -28.194  42.281 0.0000000000
53370  -38.552  -28.292  38.503 0.0000000000
54303  -38.513  -28.083  39.319 0.0000000000
54294  -38.141  -26.890  41.279 0.0000000000
53339  -34.946  -27.309  40.563 0.0000000000
134428  -34.192  -27.828  40.578 0.0000000000
52356  -33.672  -28.172  40.154 0.0000000000
52374  -32.798  -28.597  39.268 0.0000000000
58147  -45.784  -23.448  39.273 0.0000000000
146162  -46.021  -22.852  39.679 0.0000000000
59106  -46.391  -21.939  40.360 0.0000000000
60131  -46.326  -21.299  40.454 0.0000000000
135457  -21.485  -26.805  53.809 0.0000000000
55147  -21.720  -25.484  53.594 0.0000000000
55139  -21.588  -25.084  54.418 0.0000000000
56080  -23.472  -24.298  53.853 0.0000000000
56074  -24.071  -24.321  54.514 0.0000000000
125376  -24.629  -24.558  53.916 0.0000000000
54153  -26.917  -25.821  54.162 0.0000000000
54163  -26.773  -26.006  53.414 0.0000000000
53116  -27.395  -26.400  53.679 0.0000000000
53128  -27.841  -27.007  53.294 0.0000000000
53129  -28.438  -27.153  53.352 0.0000000000
53119  -28.717  -26.566  53.598 0.0000000000
53130  -28.908  -27.223  53.270 0.0000000000
52193  -29.249  -27.686  52.807 0.0000000000
52201  -29.660  -27.991  52.385 0.0000000000
53141  -29.879  -27.848  52.209 0.0000000000
53151  -30.528  -28.152  51.487 0.0000000000
53166  -32.331  -28.390  50.663 0.0000000000
54200  -32.996  -27.712  50.548 0.0000000000
53152  -33.100  -28.625  50.738 0.0000000000
52213  -33.468  -29.021  50.784 0.0000000000
52214  -33.933  -28.851  50.706 0.0000000000
52215  -34.445  -28.700  50.699 0.0000000000
53155  -34.593  -27.847  50.783 0.0000000000
51254  -34.959  -29.515  50.635 0.0000000000
52225  -35.542  -29.407  50.387 0.0000000000
52235  -36.121  -29.231  50.021 0.0000000000
52236  -36.937  -29.612  49.616 0.0000000000
53179  -37.135  -28.545  49.130 0.0000000000
52250  -37.715  -29.455  49.021 0.0000000000
52251  -38.372  -29.309  48.461 0.0000000000
52266  -38.963  -29.545  48.020 0.0000000000
52267  -39.391  -29.126  47.527 0.0000000000
53201  -38.331  -27.850  47.485 0.0000000000
53202  -39.034  -28.253  47.160 0.0000000000
52284  -39.755  -28.617  46.816 0.0000000000
53240  -40.539  -28.145  45.712 0.0000000000
53241  -40.949  -28.260  45.381 0.0000000000
55233  -39.495  -25.464  45.460 0.0000000000
54255  -39.847  -26.252  45.260 0.0000000000
53264  -40.694  -27.407  45.058 0.0000000000
136056  -41.120  -27.203  44.516 0.0000000000
53285  -41.463  -27.165  44.004 0.0000000000
54277  -41.271  -26.506  43.598 0.0000000000
55258  -41.323  -25.836  42.211 0.0000000000
56190  -41.486  -24.909  41.644 0.0000000000
56204  -41.865  -25.151  40.755 0.0000000000
56185  -41.690  -23.921  42.258 0.0000000000
56191  -42.189  -24.110  41.111 0.0000000000
56206  -43.543  -24.707  39.959 0.0000000000
56207  -44.596  -24.524  39.858 0.0000000000
56209  -46.067  -24.280  39.930 0.0000000000
56226  -46.181  -24.407  39.466 0.0000000000
57198  -46.216  -24.097  38.974 0.0000000000
58131  -45.284  -22.563  39.481 0.0000000000
59117  -44.251  -22.252  39.158 0.0000000000
144445  -43.859  -21.492  39.051 0.0000000000
60129  -44.913  -20.613  39.644 0.0000000000
60141  -43.985  -20.799  39.131 0.0000000000
60140  -43.431  -20.182  38.591 0.0000000000
143034  -43.680  -19.545  38.672 0.0000000000
63094  -46.087  -17.661  40.472 0.0000000000
63093  -45.439  -17.370  39.897 0.0000000000
128434  -44.952  -17.928  39.474 0.0000000000
62164  -43.219  -18.181  37.745 0.0000000000
65235  -43.846  -15.699  37.733 0.0000000000
64170  -43.143  -16.155  36.648 0.0000000000
65244  -43.009  -15.624  36.200 0.0000000000
65255  -42.988  -15.084  35.463 0.0000000000
131548  -44.771  -12.905  38.849 0.0000000000
67128  -44.048  -13.289  36.692 0.0000000000
67127  -43.728  -13.861  36.127 0.0000000000
135053  -43.312  -14.507  34.970 0.0000000000
66201  -43.487  -14.314  34.171 0.0000000000
66218  -44.452  -14.092  33.173 0.0000000000
66232  -45.501  -14.525  32.713 0.0000000000
68910  -47.439  -11.516  34.287 0.0000000000
68038  -47.616  -12.754  33.505 0.0000000000
64190  -47.476  -16.309  35.845 0.0000000000
64178  -47.985  -16.919  36.748 0.0000000000
63143  -48.581  -17.460  36.599 0.0000000000
63155  -48.649  -16.988  35.469 0.0000000000
68030  -50.110  -12.505  34.168 0.0000000000
144871  -51.477  -11.030  31.081 0.0000000000
68938  -51.084  -11.307  31.881 0.0000000000
68931  -50.660  -11.810  32.639 0.0000000000
67174  -50.286  -13.166  34.118 0.0000000000
65298  -49.640  -15.278  34.746 0.0000000000
65276  -49.231  -15.973  34.925 0.0000000000
147115  -48.921  -16.457  35.107 0.0000000000
146456  -46.821  -17.264  32.101 0.0000000000
63193  -46.508  -17.755  31.512 0.0000000000
136729  -46.066  -17.962  30.644 0.0000000000
66254  -48.053  -14.787  30.058 0.0000000000
65337  -46.870  -15.763  30.222 0.0000000000
65349  -46.776  -15.668  29.444 0.0000000000
139444  -46.383  -16.092  29.912 0.0000000000
63205  -45.827  -17.526  30.186 0.0000000000
68992  -50.326  -11.577  26.481 0.0000000000
69011  -49.562  -11.572  25.919 0.0000000000
146655  -47.530  -13.439  26.506 0.0000000000
69890  -48.865  -10.587  24.054 0.0000000000
68156  -47.403  -11.951  24.853 0.0000000000
67243  -46.850  -13.746  26.303 0.0000000000
66299  -46.692  -14.535  26.622 0.0000000000
138364  -21.805  -30.009  51.047 0.0000000000
49447  -22.299  -31.306  49.180 0.0000000000
139878  -22.008  -30.602  48.331 0.0000000000
48539  -22.471  -33.934  43.947 0.0000000000
147083  -22.316  -33.065  44.369 0.0000000000
149158  -23.542  -25.080  50.433 0.0000000000
54195  -23.159  -25.540  50.047 0.0000000000
55196  -23.842  -25.311  48.898 0.0000000000
54208  -23.173  -25.754  49.418 0.0000000000
54207  -22.720  -26.596  49.139 0.0000000000
141835  -22.394  -27.660  47.242 0.0000000000
52273  -22.264  -28.478  46.889 0.0000000000
54252  -23.413  -26.460  45.222 0.0000000000
54235  -22.851  -26.755  45.942 0.0000000000
52311  -22.099  -27.821  43.743 0.0000000000
130576  -22.297  -27.670  45.059 0.0000000000
53226  -22.491  -27.358  45.591 0.0000000000
52292  -22.274  -27.953  45.686 0.0000000000
124770  -22.181  -28.638  45.316 0.0000000000
51320  -22.016  -29.649  45.197 0.0000000000
49468  -21.846  -31.176  44.221 0.0000000000
49473  -21.517  -31.345  42.588 0.0000000000
49481  -21.487  -31.893  41.744 0.0000000000
48603  -22.789  -31.620  37.691 0.0000000000
50355  -32.231  -29.797  50.187 0.0000000000
52246  -31.126  -28.805  48.662 0.0000000000
140848  -31.728  -28.434  48.077 0.0000000000
143949  -30.162  -28.052  47.348 0.0000000000
52275  -29.631  -27.801  46.699 0.0000000000
127315  -28.824  -27.650  46.280 0.0000000000
53234  -32.510  -27.494  45.077 0.0000000000
124832  -31.721  -27.412  44.982 0.0000000000
53233  -31.047  -27.466  45.618 0.0000000000
53277  -30.980  -27.479  43.878 0.0000000000
53232  -30.157  -27.470  45.408 0.0000000000
140816  -28.502  -27.583  45.749 0.0000000000
123925  -27.168  -27.870  42.446 0.0000000000
143132  -26.027  -27.593  40.979 0.0000000000
53346  -25.709  -27.544  39.361 0.0000000000
52353  -31.743  -29.199  39.553 0.0000000000
52352  -31.025  -29.235  39.367 0.0000000000
53349  -29.240  -27.748  39.420 0.0000000000
132081  -28.240  -27.522  39.493 0.0000000000
53348  -27.355  -27.489  39.452 0.0000000000
53363  -27.036  -27.708  38.744 0.0000000000
53347  -26.552  -27.510  39.349 0.0000000000
47631  -22.883  -33.353  37.632 0.0000000000
50345  -33.820  -29.874  50.635 0.0000000000
50354  -22.112  -30.717  50.639 0.0000000000
50356  -33.016  -30.069  50.581 0.0000000000
50358  -34.485  -30.097  50.487 0.0000000000
50359  -35.898  -30.458  50.076 0.0000000000
50381  -36.370  -30.521  49.449 0.0000000000
50383  -37.828  -30.751  48.509 0.0000000000
50393  -38.963  -30.961  47.525 0.0000000000
50395  -39.957  -30.490  47.141 0.0000000000
50401  -39.628  -30.881  46.898 0.0000000000
50416  -40.842  -30.654  44.607 0.0000000000
50417  -41.212  -30.475  45.167 0.0000000000
50424  -41.768  -30.329  43.439 0.0000000000
50435  -41.169  -30.139  42.270 0.0000000000
51324  -41.043  -29.539  46.040 0.0000000000
51332  -39.932  -30.331  44.600 0.0000000000
51347  -42.525  -29.547  42.551 0.0000000000
52192  -28.917  -27.662  52.934 0.0000000000
52298  -41.386  -29.018  45.396 0.0000000000
52313  -41.717  -28.708  44.669 0.0000000000
53131  -29.330  -27.401  52.828 0.0000000000
54140  -26.319  -25.339  54.785 0.0000000000
54181  -23.441  -24.986  51.020 0.0000000000
54215  -23.202  -25.964  48.643 0.0000000000
54267  -24.441  -26.700  44.144 0.0000000000
54295  -38.671  -27.460  40.943 0.0000000000
54304  -42.177  -26.760  40.937 0.0000000000
54314  -45.053  -26.044  38.804 0.0000000000
55219  -24.393  -25.568  47.568 0.0000000000
55275  -42.426  -26.091  40.340 0.0000000000
55285  -46.038  -25.154  38.547 0.0000000000
56225  -45.937  -24.785  39.395 0.0000000000
56232  -46.039  -24.814  38.444 0.0000000000
57172  -46.264  -23.701  40.116 0.0000000000
66217  -43.843  -14.314  33.422 0.0000000000
67987  -44.879  -12.348  38.946 0.0000000000
69880  -52.481  -10.501  25.791 0.0000000000
69904  -47.576  -10.563  23.066 0.0000000000
69907  -50.592  -10.187  24.518 0.0000000000
70668  -49.028  -8.847  37.244 0.0000000000
71858  -49.725  -8.679  22.547 0.0000000000
124208  -37.245  -26.866  38.529 0.0000000000
125799  -24.131  -32.495  37.465 0.0000000000
127466  -40.065  -30.869  46.212 0.0000000000
131071  -22.174  -29.489  45.945 0.0000000000
132329  -22.409  -27.372  44.320 0.0000000000
132338  -35.556  -30.499  49.850 0.0000000000
141757  -42.157  -30.143  42.864 0.0000000000
145551  -22.044  -28.306  40.526 0.0000000000
146420  -50.869  -8.844  23.374 0.0000000000
146908  -27.193  -27.587  45.058 0.0000000000
147261  -40.413  -30.693  46.082 0.0000000000
148255  -41.961  -28.445  44.115 0.0000000000
148822  -38.669  -28.382  44.563 0.0000000000
