#!ascii label  , from subject chris_t1_5 vox2ras=TkReg
1223
143032  -49.935  23.938  4.013 0.0000000000
112003  -40.019  46.313  3.122 0.0000000000
104858  -41.480  34.237  5.620 0.0000000000
104366  -46.366  33.274  -1.878 0.0000000000
110903  -44.286  44.788  0.471 0.0000000000
149780  -45.465  40.228  5.891 0.0000000000
141685  -47.988  37.527  0.695 0.0000000000
103291  -43.866  31.273  -0.952 0.0000000000
97232  -47.295  21.161  8.116 0.0000000000
99790  -50.077  25.642  9.640 0.0000000000
113694  -35.230  49.961  -2.808 0.0000000000
130459  -40.729  45.195  -4.316 0.0000000000
110929  -46.635  45.135  -4.585 0.0000000000
100443  -48.113  27.160  2.730 0.0000000000
107957  -41.590  39.137  6.628 0.0000000000
104312  -47.432  33.152  4.892 0.0000000000
101563  -50.331  28.599  -0.808 0.0000000000
100500  -45.460  26.465  -3.816 0.0000000000
99880  -40.318  24.882  -3.127 0.0000000000
98566  -49.246  23.523  2.775 0.0000000000
110382  -48.389  43.130  0.579 0.0000000000
109811  -48.170  41.643  2.670 0.0000000000
142323  -46.688  40.315  2.191 0.0000000000
126903  -44.068  37.307  -0.256 0.0000000000
97851  -49.893  22.972  10.439 0.0000000000
99787  -47.653  25.195  9.981 0.0000000000
139619  -34.367  50.525  0.322 0.0000000000
111515  -44.149  45.617  -4.603 0.0000000000
123346  -44.974  27.114  4.854 0.0000000000
102680  -43.704  30.775  3.719 0.0000000000
143165  -36.239  45.111  3.117 0.0000000000
137919  -40.303  42.272  3.147 0.0000000000
106121  -45.600  36.296  2.088 0.0000000000
105480  -45.825  36.161  6.018 0.0000000000
103817  -46.520  32.823  1.882 0.0000000000
137180  -49.129  31.232  0.119 0.0000000000
103295  -48.464  30.669  -2.440 0.0000000000
101056  -47.661  27.145  -2.738 0.0000000000
102142  -46.861  29.622  -3.821 0.0000000000
101570  -42.225  28.344  -2.032 0.0000000000
112574  -43.547  47.687  3.265 0.0000000000
110342  -43.903  44.731  5.368 0.0000000000
109800  -45.373  42.978  4.727 0.0000000000
106721  -48.404  38.050  2.407 0.0000000000
105530  -47.036  35.906  -1.301 0.0000000000
103854  -45.833  32.873  -3.436 0.0000000000
105538  -45.285  35.460  -2.294 0.0000000000
104363  -42.994  33.584  -0.362 0.0000000000
95850  -50.358  19.750  8.952 0.0000000000
97879  -50.994  22.090  9.157 0.0000000000
99807  -50.115  25.914  6.766 0.0000000000
112029  -30.912  47.101  1.212 0.0000000000
112044  -33.133  46.187  -1.096 0.0000000000
124384  -36.990  45.426  -0.806 0.0000000000
145943  -40.350  46.247  -0.382 0.0000000000
112060  -43.949  47.483  -0.909 0.0000000000
111474  -46.471  46.576  -2.021 0.0000000000
110392  -48.397  42.665  -1.950 0.0000000000
109873  -48.872  41.587  -3.921 0.0000000000
100930  -46.372  27.211  7.850 0.0000000000
141972  -49.549  27.654  6.415 0.0000000000
100984  -51.508  28.249  4.494 0.0000000000
129523  -41.659  36.704  8.718 0.0000000000
108570  -44.761  40.782  7.539 0.0000000000
106075  -45.685  36.963  8.375 0.0000000000
104303  -45.285  33.488  5.712 0.0000000000
102689  -46.982  30.949  2.438 0.0000000000
101545  -50.934  28.873  1.625 0.0000000000
137929  -51.356  26.925  2.189 0.0000000000
99858  -48.732  25.365  0.074 0.0000000000
100461  -45.963  26.272  -0.189 0.0000000000
100470  -43.160  26.045  -0.403 0.0000000000
101580  -44.720  28.396  -3.203 0.0000000000
99894  -42.039  25.399  -4.019 0.0000000000
133550  -41.077  24.699  -0.903 0.0000000000
98537  -50.108  22.839  4.738 0.0000000000
97913  -49.656  22.998  3.919 0.0000000000
98556  -49.875  23.730  3.453 0.0000000000
109822  -47.875  42.384  0.538 0.0000000000
109262  -47.822  41.739  1.543 0.0000000000
109261  -46.253  41.299  1.427 0.0000000000
108622  -44.502  40.269  1.720 0.0000000000
103232  -42.682  31.635  4.742 0.0000000000
111424  -37.814  45.647  2.807 0.0000000000
141158  -45.777  34.328  -0.359 0.0000000000
104898  -45.215  34.223  1.583 0.0000000000
147277  -46.256  32.502  -0.120 0.0000000000
103280  -47.950  31.588  -0.146 0.0000000000
103293  -47.131  32.001  -2.861 0.0000000000
102745  -48.113  30.374  -3.295 0.0000000000
135466  -47.129  31.434  -3.489 0.0000000000
111435  -43.676  46.302  1.881 0.0000000000
111416  -44.374  46.477  4.358 0.0000000000
110373  -43.774  43.975  2.467 0.0000000000
108005  -48.532  39.399  2.590 0.0000000000
108609  -48.680  40.088  3.197 0.0000000000
131708  -48.455  37.919  1.945 0.0000000000
106139  -48.081  36.801  0.505 0.0000000000
106158  -47.910  36.823  -0.232 0.0000000000
105539  -46.058  35.536  -2.355 0.0000000000
145806  -46.533  36.890  -0.740 0.0000000000
105528  -43.622  35.936  -1.440 0.0000000000
99163  -50.278  24.246  10.208 0.0000000000
97869  -50.668  22.247  9.817 0.0000000000
125060  -50.575  23.827  9.726 0.0000000000
99180  -50.078  24.253  7.602 0.0000000000
127496  -50.139  25.788  8.518 0.0000000000
114214  -34.486  50.501  -1.290 0.0000000000
113161  -32.829  48.738  -0.815 0.0000000000
112635  -33.858  47.852  -2.482 0.0000000000
111465  -34.712  45.902  -1.744 0.0000000000
112084  -35.172  47.035  -3.127 0.0000000000
147855  -38.563  46.173  -4.323 0.0000000000
124568  -38.743  45.483  -3.051 0.0000000000
125207  -40.787  45.496  -1.808 0.0000000000
112058  -41.987  46.400  -0.577 0.0000000000
111486  -42.637  45.648  -2.312 0.0000000000
111517  -45.990  46.274  -4.718 0.0000000000
112074  -46.131  47.379  -2.764 0.0000000000
111488  -46.836  46.489  -2.951 0.0000000000
111476  -47.250  44.929  -2.541 0.0000000000
110923  -47.555  44.455  -3.085 0.0000000000
110400  -48.826  42.216  -3.352 0.0000000000
110938  -47.149  43.740  -4.629 0.0000000000
100941  -41.779  27.017  7.060 0.0000000000
100379  -42.352  26.598  8.434 0.0000000000
100398  -44.023  26.870  8.000 0.0000000000
100382  -45.471  26.908  8.174 0.0000000000
100944  -44.956  27.331  7.041 0.0000000000
100433  -46.861  26.719  3.976 0.0000000000
100414  -47.104  26.779  5.345 0.0000000000
100425  -48.716  26.920  4.516 0.0000000000
130925  -51.205  28.434  5.422 0.0000000000
101012  -50.918  28.355  3.853 0.0000000000
142388  -39.811  38.938  6.291 0.0000000000
107300  -40.502  37.578  8.921 0.0000000000
136672  -41.599  38.091  8.245 0.0000000000
109770  -45.931  43.418  6.864 0.0000000000
109220  -44.540  42.150  6.428 0.0000000000
125908  -45.542  40.851  7.539 0.0000000000
104862  -46.894  34.688  5.716 0.0000000000
106090  -46.397  36.570  7.647 0.0000000000
104853  -47.228  34.613  6.544 0.0000000000
104851  -45.821  34.874  6.755 0.0000000000
103767  -46.742  32.953  5.409 0.0000000000
103235  -46.363  32.123  4.152 0.0000000000
103257  -47.479  31.869  3.091 0.0000000000
102107  -50.470  30.129  -0.554 0.0000000000
102097  -49.066  29.667  0.490 0.0000000000
102108  -51.476  29.070  0.847 0.0000000000
101034  -51.818  28.649  1.670 0.0000000000
101040  -51.416  28.306  0.794 0.0000000000
99860  -50.119  25.561  0.839 0.0000000000
100476  -49.628  26.499  -0.445 0.0000000000
100501  -46.444  26.739  -3.670 0.0000000000
100489  -47.452  26.603  -1.815 0.0000000000
100487  -45.997  26.557  -2.002 0.0000000000
100460  -44.903  26.322  -0.174 0.0000000000
100486  -43.825  26.251  -2.483 0.0000000000
138904  -44.841  32.223  -2.400 0.0000000000
102731  -45.298  30.370  -2.681 0.0000000000
133667  -44.140  30.005  -1.723 0.0000000000
101061  -40.965  26.352  -3.065 0.0000000000
101072  -42.138  26.090  -4.079 0.0000000000
147284  -41.137  25.084  -3.920 0.0000000000
99873  -41.441  24.882  -2.844 0.0000000000
99251  -40.711  24.648  -2.668 0.0000000000
143318  -40.027  24.017  -1.539 0.0000000000
97248  -50.998  20.796  6.750 0.0000000000
98565  -48.289  23.614  2.795 0.0000000000
110380  -46.415  43.556  0.513 0.0000000000
110375  -46.239  43.159  1.513 0.0000000000
132617  -48.225  42.841  1.462 0.0000000000
109254  -48.191  41.077  2.439 0.0000000000
108014  -46.327  38.932  1.835 0.0000000000
106737  -45.751  37.823  0.729 0.0000000000
142407  -45.130  38.652  1.529 0.0000000000
97219  -48.701  21.833  9.473 0.0000000000
132543  -48.297  22.638  10.081 0.0000000000
99788  -48.726  25.344  9.918 0.0000000000
114721  -36.216  51.998  -1.413 0.0000000000
131164  -41.706  45.026  -4.256 0.0000000000
111541  -46.081  46.112  -6.636 0.0000000000
110943  -46.466  45.660  -6.834 0.0000000000
125867  -43.741  27.490  5.610 0.0000000000
101523  -44.307  28.435  3.662 0.0000000000
101531  -45.520  28.437  2.957 0.0000000000
132516  -40.732  40.441  4.628 0.0000000000
106719  -45.512  37.495  3.521 0.0000000000
106709  -44.665  37.971  5.302 0.0000000000
144552  -44.618  35.888  3.795 0.0000000000
136956  -45.338  34.491  3.446 0.0000000000
104336  -46.903  32.999  2.880 0.0000000000
103258  -47.848  32.025  2.290 0.0000000000
103828  -48.302  31.666  0.640 0.0000000000
138966  -50.007  30.967  -1.179 0.0000000000
102127  -50.114  29.995  -1.589 0.0000000000
101057  -48.714  28.091  -1.742 0.0000000000
101596  -48.218  29.253  -2.905 0.0000000000
101595  -47.621  28.603  -3.647 0.0000000000
101077  -46.340  27.450  -4.206 0.0000000000
132159  -43.174  29.259  -1.484 0.0000000000
105469  -39.717  35.483  6.952 0.0000000000
112014  -41.602  47.233  2.832 0.0000000000
146175  -41.729  46.029  3.528 0.0000000000
111995  -43.833  46.879  4.608 0.0000000000
110852  -45.052  45.102  6.013 0.0000000000
127753  -46.004  42.466  6.332 0.0000000000
109802  -47.135  41.811  3.425 0.0000000000
109232  -47.571  40.920  3.998 0.0000000000
107351  -47.247  39.110  3.907 0.0000000000
132816  -46.738  36.963  2.005 0.0000000000
106138  -46.955  36.056  0.251 0.0000000000
104918  -46.523  34.770  -1.929 0.0000000000
103860  -46.383  32.912  -3.279 0.0000000000
104930  -46.196  34.440  -2.843 0.0000000000
104372  -45.226  33.704  -2.840 0.0000000000
137538  -44.417  33.745  -1.895 0.0000000000
145717  -44.760  36.238  -1.447 0.0000000000
142349  -43.974  34.499  -1.586 0.0000000000
97220  -50.001  21.831  9.791 0.0000000000
97222  -51.085  21.312  9.791 0.0000000000
97235  -51.454  20.779  8.718 0.0000000000
126407  -50.760  21.505  7.321 0.0000000000
98531  -49.978  23.423  6.688 0.0000000000
99192  -49.767  24.521  5.412 0.0000000000
111429  -31.122  45.568  1.373 0.0000000000
112042  -31.848  47.137  -0.161 0.0000000000
110898  -32.782  44.971  0.779 0.0000000000
110901  -34.966  44.912  0.820 0.0000000000
111442  -36.549  45.397  0.772 0.0000000000
123621  -38.002  45.972  1.112 0.0000000000
136283  -36.270  49.014  -3.678 0.0000000000
111493  -36.856  46.037  -3.129 0.0000000000
147544  -38.207  45.529  -1.235 0.0000000000
112033  -39.652  46.608  0.946 0.0000000000
112588  -42.203  47.793  1.618 0.0000000000
113147  -43.883  48.705  1.172 0.0000000000
112038  -44.745  47.831  0.697 0.0000000000
112072  -44.772  47.013  -2.320 0.0000000000
112625  -45.940  47.948  -1.617 0.0000000000
111459  -45.341  46.243  -0.694 0.0000000000
110911  -46.838  44.331  -1.055 0.0000000000
110387  -48.411  43.101  -0.300 0.0000000000
124822  -48.287  42.569  -1.808 0.0000000000
109305  -48.907  41.711  -3.608 0.0000000000
110415  -46.807  43.456  -5.834 0.0000000000
100367  -47.271  25.841  9.274 0.0000000000
100384  -49.265  26.729  8.693 0.0000000000
100963  -46.032  27.107  6.237 0.0000000000
100947  -48.192  27.370  7.645 0.0000000000
100401  -50.160  27.394  8.156 0.0000000000
100406  -50.546  27.589  7.068 0.0000000000
100416  -51.163  27.589  5.856 0.0000000000
99822  -50.484  25.848  4.336 0.0000000000
128270  -41.492  36.030  6.720 0.0000000000
110358  -42.163  43.816  3.577 0.0000000000
109230  -42.804  41.827  4.715 0.0000000000
107946  -42.335  39.725  6.301 0.0000000000
107319  -45.540  38.675  8.233 0.0000000000
107940  -44.917  39.018  8.918 0.0000000000
107317  -43.349  38.549  8.208 0.0000000000
140205  -43.938  37.153  8.147 0.0000000000
105472  -43.264  35.601  6.310 0.0000000000
104301  -42.989  33.416  5.515 0.0000000000
103233  -43.938  31.629  4.198 0.0000000000
102088  -45.349  30.488  2.994 0.0000000000
101533  -47.142  28.200  2.062 0.0000000000
137881  -48.033  30.434  1.169 0.0000000000
101544  -48.615  28.761  1.045 0.0000000000
101023  -49.111  27.481  2.452 0.0000000000
101534  -51.636  28.445  3.396 0.0000000000
100437  -51.834  27.884  3.523 0.0000000000
99827  -50.579  25.611  3.295 0.0000000000
99221  -50.293  24.865  2.056 0.0000000000
99231  -49.276  24.459  1.502 0.0000000000
99843  -47.986  25.205  0.817 0.0000000000
123382  -48.161  26.254  -1.157 0.0000000000
99857  -47.916  25.586  -0.148 0.0000000000
130205  -46.188  25.483  1.599 0.0000000000
99842  -45.480  25.617  1.501 0.0000000000
148520  -43.938  25.685  1.139 0.0000000000
103312  -46.530  31.790  -3.493 0.0000000000
101581  -45.527  28.654  -3.293 0.0000000000
101075  -44.817  27.023  -4.636 0.0000000000
101578  -42.806  27.768  -2.882 0.0000000000
101073  -42.981  26.186  -4.370 0.0000000000
126797  -43.997  26.166  -4.349 0.0000000000
100497  -42.829  25.596  -3.056 0.0000000000
99866  -42.358  25.678  -0.873 0.0000000000
98544  -49.859  23.727  4.670 0.0000000000
98545  -49.854  23.172  4.104 0.0000000000
109821  -47.047  42.239  0.227 0.0000000000
109271  -47.701  42.109  0.844 0.0000000000
109270  -46.486  41.751  0.763 0.0000000000
103220  -42.171  31.880  5.142 0.0000000000
103763  -42.042  32.417  5.381 0.0000000000
111425  -38.671  46.035  2.775 0.0000000000
110871  -39.003  45.237  3.160 0.0000000000
110872  -39.733  45.286  3.200 0.0000000000
104365  -46.149  33.937  -1.215 0.0000000000
104356  -45.662  33.561  0.074 0.0000000000
103836  -45.996  32.936  -0.524 0.0000000000
103837  -46.423  32.339  -0.924 0.0000000000
103847  -46.634  32.546  -2.341 0.0000000000
103856  -46.640  32.771  -3.134 0.0000000000
110902  -43.642  45.258  1.375 0.0000000000
110895  -43.671  45.202  2.474 0.0000000000
110896  -43.914  44.240  1.526 0.0000000000
108015  -48.122  38.675  1.868 0.0000000000
107368  -48.368  38.560  2.120 0.0000000000
107380  -48.223  37.761  1.316 0.0000000000
106754  -48.222  37.172  0.525 0.0000000000
106753  -47.748  37.329  0.034 0.0000000000
106156  -47.107  36.469  -0.961 0.0000000000
106762  -47.397  37.054  -0.570 0.0000000000
126958  -48.360  21.058  8.627 0.0000000000
99169  -50.031  25.002  10.159 0.0000000000
99170  -50.255  24.926  9.805 0.0000000000
99176  -50.403  24.902  9.170 0.0000000000
99798  -50.157  25.745  9.173 0.0000000000
114218  -34.722  50.343  -2.177 0.0000000000
113690  -34.089  49.782  -1.815 0.0000000000
113693  -34.486  49.380  -2.571 0.0000000000
112636  -34.384  47.923  -2.882 0.0000000000
113180  -34.686  48.545  -3.052 0.0000000000
112107  -39.360  46.523  -5.154 0.0000000000
112656  -39.067  47.335  -5.126 0.0000000000
111511  -39.119  45.911  -4.498 0.0000000000
111496  -39.296  45.470  -3.769 0.0000000000
111497  -40.181  45.192  -3.669 0.0000000000
111485  -41.557  45.494  -2.018 0.0000000000
111498  -41.161  45.105  -3.550 0.0000000000
111518  -46.421  46.032  -4.487 0.0000000000
112099  -46.271  46.539  -3.803 0.0000000000
111519  -46.899  45.633  -3.862 0.0000000000
111503  -47.135  45.569  -3.319 0.0000000000
110930  -47.362  44.361  -3.692 0.0000000000
100940  -40.956  27.363  6.626 0.0000000000
148757  -42.454  27.113  6.802 0.0000000000
100397  -42.580  26.825  7.548 0.0000000000
100942  -43.152  27.087  6.925 0.0000000000
100943  -44.060  27.232  7.134 0.0000000000
100434  -47.672  26.778  3.579 0.0000000000
100424  -47.454  26.678  4.549 0.0000000000
100426  -49.893  27.533  4.136 0.0000000000
100435  -48.843  27.067  3.360 0.0000000000
107971  -40.570  39.664  5.549 0.0000000000
107956  -40.613  39.165  6.303 0.0000000000
107330  -40.272  38.504  7.026 0.0000000000
107331  -41.155  38.530  7.230 0.0000000000
109215  -45.969  42.707  7.147 0.0000000000
108579  -45.789  41.788  7.281 0.0000000000
143931  -45.756  41.031  6.706 0.0000000000
104311  -47.361  33.401  4.892 0.0000000000
104863  -47.272  34.530  6.444 0.0000000000
104294  -47.468  33.994  6.106 0.0000000000
104293  -47.213  34.135  6.367 0.0000000000
104306  -47.272  33.394  5.425 0.0000000000
103778  -47.059  32.627  4.774 0.0000000000
103791  -47.511  32.814  4.231 0.0000000000
101573  -50.551  29.538  -0.881 0.0000000000
141869  -50.850  29.455  -0.119 0.0000000000
101564  -50.959  29.124  -0.281 0.0000000000
101555  -51.441  29.005  0.442 0.0000000000
101048  -50.757  28.319  -0.036 0.0000000000
100477  -50.426  27.272  0.098 0.0000000000
101047  -49.954  27.486  -0.603 0.0000000000
147817  -45.973  26.545  -2.917 0.0000000000
140964  -45.102  26.494  -2.484 0.0000000000
103292  -44.517  31.369  -1.723 0.0000000000
102723  -44.638  30.619  -2.014 0.0000000000
102722  -44.056  30.596  -1.361 0.0000000000
99892  -40.718  25.352  -3.441 0.0000000000
99260  -40.977  24.764  -3.441 0.0000000000
99259  -40.479  24.751  -3.110 0.0000000000
99250  -40.043  24.409  -2.314 0.0000000000
99258  -39.991  24.634  -2.719 0.0000000000
97252  -50.586  21.528  6.003 0.0000000000
98554  -48.649  23.143  3.432 0.0000000000
99218  -48.830  24.031  2.113 0.0000000000
110381  -47.850  43.345  0.569 0.0000000000
110376  -47.682  43.196  1.304 0.0000000000
110377  -48.469  43.043  1.085 0.0000000000
108624  -47.144  40.961  2.008 0.0000000000
108004  -47.261  39.575  2.236 0.0000000000
108003  -45.787  39.856  2.129 0.0000000000
129983  -44.177  38.654  1.382 0.0000000000
97849  -47.304  22.804  10.226 0.0000000000
99782  -49.328  24.912  10.270 0.0000000000
99781  -48.323  24.733  10.342 0.0000000000
114717  -36.154  52.044  -0.581 0.0000000000
111540  -44.868  45.627  -6.685 0.0000000000
131053  -45.912  46.222  -7.616 0.0000000000
127061  -45.461  46.114  -8.588 0.0000000000
102082  -43.620  29.810  3.659 0.0000000000
101522  -43.618  28.859  3.793 0.0000000000
131828  -44.311  29.337  3.386 0.0000000000
101008  -45.034  28.009  3.514 0.0000000000
101524  -44.946  28.874  3.166 0.0000000000
110883  -35.471  44.881  2.965 0.0000000000
109245  -40.654  41.598  3.608 0.0000000000
106111  -45.379  36.819  2.840 0.0000000000
106110  -44.703  36.660  3.910 0.0000000000
106120  -44.788  36.156  2.952 0.0000000000
104348  -45.627  33.424  1.188 0.0000000000
104890  -45.306  34.217  2.566 0.0000000000
104335  -45.831  33.452  2.288 0.0000000000
104321  -46.205  33.650  3.348 0.0000000000
132594  -47.550  32.401  2.593 0.0000000000
135812  -47.262  32.394  1.484 0.0000000000
103287  -47.987  31.093  -0.899 0.0000000000
140049  -49.171  31.026  -1.270 0.0000000000
102735  -49.426  30.239  -2.093 0.0000000000
101583  -49.238  29.672  -2.327 0.0000000000
102134  -48.714  30.069  -2.959 0.0000000000
139345  -47.736  30.265  -3.565 0.0000000000
102144  -47.942  29.784  -3.421 0.0000000000
102143  -47.395  29.412  -3.752 0.0000000000
101594  -47.114  28.312  -4.056 0.0000000000
147423  -46.913  28.593  -4.015 0.0000000000
112573  -42.714  47.648  3.180 0.0000000000
112004  -42.225  46.972  3.509 0.0000000000
112005  -43.316  47.295  3.946 0.0000000000
110343  -44.833  44.225  4.629 0.0000000000
110860  -44.719  45.403  5.327 0.0000000000
110344  -45.471  44.146  5.714 0.0000000000
110336  -45.468  44.391  6.342 0.0000000000
109783  -45.692  43.467  6.255 0.0000000000
109810  -47.728  42.262  2.598 0.0000000000
109809  -46.381  42.325  3.007 0.0000000000
107994  -48.797  39.633  3.068 0.0000000000
107993  -48.460  39.290  3.392 0.0000000000
107987  -47.566  39.881  4.152 0.0000000000
107360  -48.183  38.530  3.182 0.0000000000
106720  -47.447  37.877  2.917 0.0000000000
106724  -47.918  37.529  2.165 0.0000000000
106147  -47.879  36.597  -0.159 0.0000000000
105522  -47.282  35.980  -0.700 0.0000000000
104911  -46.376  34.808  -1.162 0.0000000000
104912  -46.602  35.393  -1.739 0.0000000000
104919  -46.395  35.018  -2.348 0.0000000000
105548  -45.851  35.076  -2.677 0.0000000000
141846  -45.178  34.669  -2.606 0.0000000000
106751  -44.945  37.560  0.354 0.0000000000
106761  -45.322  37.012  -0.453 0.0000000000
139119  -44.465  36.678  -0.904 0.0000000000
104910  -43.404  35.156  -1.170 0.0000000000
97868  -49.339  22.487  10.122 0.0000000000
148466  -49.985  22.452  10.132 0.0000000000
133610  -50.759  22.675  9.680 0.0000000000
149510  -51.011  21.879  9.677 0.0000000000
143623  -51.331  21.298  9.334 0.0000000000
97234  -51.211  21.427  8.457 0.0000000000
97882  -50.642  22.262  8.130 0.0000000000
99185  -49.716  24.609  6.518 0.0000000000
99816  -49.871  25.327  5.981 0.0000000000
113125  -30.138  47.740  2.677 0.0000000000
112579  -29.504  47.092  2.828 0.0000000000
112580  -30.253  47.083  2.046 0.0000000000
111421  -30.391  45.578  2.017 0.0000000000
112019  -30.535  46.351  1.591 0.0000000000
114199  -34.602  50.453  1.609 0.0000000000
113679  -33.377  49.641  0.446 0.0000000000
112622  -32.752  47.401  -1.396 0.0000000000
139826  -32.152  47.705  -0.437 0.0000000000
112043  -32.233  46.658  -0.560 0.0000000000
111439  -32.290  45.574  0.226 0.0000000000
110907  -33.159  45.232  -0.083 0.0000000000
110899  -33.528  44.805  0.701 0.0000000000
110908  -33.953  45.319  -0.590 0.0000000000
111466  -35.418  45.579  -1.435 0.0000000000
111453  -35.524  45.296  -0.647 0.0000000000
111454  -36.362  45.340  -0.252 0.0000000000
111443  -37.313  45.618  0.877 0.0000000000
111455  -37.157  45.448  0.036 0.0000000000
112644  -36.483  47.153  -3.735 0.0000000000
135593  -36.813  46.542  -3.535 0.0000000000
111469  -39.522  45.635  -1.389 0.0000000000
111482  -38.361  45.484  -2.229 0.0000000000
111457  -39.714  46.052  -0.584 0.0000000000
111445  -39.122  46.234  0.128 0.0000000000
112045  -39.967  46.422  0.168 0.0000000000
112035  -41.173  47.206  1.055 0.0000000000
112046  -40.729  46.590  0.227 0.0000000000
112059  -42.957  46.780  -0.749 0.0000000000
112609  -43.462  48.217  0.457 0.0000000000
112597  -44.360  48.490  0.394 0.0000000000
113148  -44.440  48.504  0.813 0.0000000000
134502  -44.894  48.392  -0.316 0.0000000000
111514  -43.003  45.187  -4.179 0.0000000000
124425  -43.400  45.668  -3.112 0.0000000000
111500  -44.185  45.840  -3.733 0.0000000000
112075  -46.327  47.319  -2.467 0.0000000000
112637  -46.013  47.828  -2.151 0.0000000000
112062  -46.058  47.551  -1.484 0.0000000000
112051  -45.641  47.436  -0.790 0.0000000000
111460  -45.985  46.583  -1.354 0.0000000000
110910  -45.827  45.255  -1.100 0.0000000000
110916  -46.374  45.517  -1.657 0.0000000000
140361  -48.301  43.301  -2.189 0.0000000000
110918  -47.785  43.986  -2.011 0.0000000000
110391  -48.385  43.192  -1.307 0.0000000000
110388  -48.413  42.883  -0.627 0.0000000000
110405  -49.026  41.952  -3.580 0.0000000000
109865  -48.917  41.829  -3.467 0.0000000000
109318  -48.928  41.613  -3.696 0.0000000000
109317  -48.863  41.539  -3.911 0.0000000000
110414  -46.491  44.871  -5.733 0.0000000000
142528  -45.431  25.868  9.524 0.0000000000
149417  -46.063  26.640  8.537 0.0000000000
126759  -46.903  26.566  8.601 0.0000000000
100383  -48.093  26.437  8.744 0.0000000000
100931  -47.547  27.116  8.118 0.0000000000
100978  -44.270  27.389  5.193 0.0000000000
139961  -45.233  27.195  6.305 0.0000000000
100979  -45.486  26.920  5.528 0.0000000000
123336  -48.494  27.253  6.204 0.0000000000
100965  -47.689  27.313  6.782 0.0000000000
100966  -49.032  27.467  7.104 0.0000000000
139652  -49.107  27.511  7.867 0.0000000000
100948  -49.776  27.711  7.677 0.0000000000
100402  -50.373  27.434  7.657 0.0000000000
100967  -50.192  27.927  6.999 0.0000000000
100983  -51.288  28.355  5.210 0.0000000000
143014  -51.293  28.220  5.796 0.0000000000
100417  -51.451  28.147  5.110 0.0000000000
135899  -50.617  26.512  5.238 0.0000000000
100428  -51.644  27.877  4.186 0.0000000000
106669  -40.887  37.160  9.496 0.0000000000
106086  -41.061  36.325  7.664 0.0000000000
110874  -42.881  44.676  4.252 0.0000000000
110873  -41.948  44.873  3.547 0.0000000000
110359  -42.945  43.640  4.344 0.0000000000
147668  -43.760  42.397  5.461 0.0000000000
108578  -44.129  41.109  6.539 0.0000000000
140033  -42.958  40.547  5.819 0.0000000000
107958  -43.574  40.201  6.783 0.0000000000
106108  -44.677  36.968  5.227 0.0000000000
106699  -44.885  38.271  6.547 0.0000000000
145686  -45.658  36.816  6.458 0.0000000000
106066  -46.032  37.312  8.306 0.0000000000
106686  -45.749  37.839  8.594 0.0000000000
106065  -45.574  37.683  8.708 0.0000000000
107318  -44.561  38.793  8.706 0.0000000000
136170  -44.680  38.348  8.914 0.0000000000
106672  -44.169  37.910  8.723 0.0000000000
106074  -44.788  36.854  8.173 0.0000000000
104861  -44.902  34.188  5.989 0.0000000000
105473  -44.830  35.671  6.917 0.0000000000
104860  -44.231  34.953  6.130 0.0000000000
137188  -43.216  34.908  5.740 0.0000000000
104302  -44.060  33.476  5.515 0.0000000000
103764  -43.328  32.799  5.333 0.0000000000
103765  -44.373  32.845  5.287 0.0000000000
102688  -46.256  31.138  3.034 0.0000000000
103249  -45.706  31.474  3.595 0.0000000000
102089  -45.948  30.216  2.668 0.0000000000
101532  -46.295  28.525  2.463 0.0000000000
101542  -46.941  28.956  1.911 0.0000000000
103269  -48.211  31.676  1.203 0.0000000000
102697  -48.052  31.430  1.607 0.0000000000
102698  -48.601  31.119  0.757 0.0000000000
101554  -50.071  29.100  0.636 0.0000000000
101032  -49.309  28.137  1.547 0.0000000000
101024  -50.650  28.335  2.523 0.0000000000
101546  -51.773  28.835  2.226 0.0000000000
100452  -51.739  27.856  1.988 0.0000000000
101025  -52.024  28.566  2.418 0.0000000000
100444  -51.253  26.594  2.874 0.0000000000
134711  -50.666  25.889  2.047 0.0000000000
138586  -50.550  25.422  2.562 0.0000000000
99859  -49.534  25.379  0.388 0.0000000000
99845  -49.724  24.917  1.041 0.0000000000
99844  -48.982  24.841  0.769 0.0000000000
99230  -48.428  24.597  1.515 0.0000000000
100490  -48.225  27.198  -1.422 0.0000000000
100473  -46.628  26.416  -1.220 0.0000000000
100474  -47.692  25.989  -0.960 0.0000000000
100462  -47.022  25.898  -0.283 0.0000000000
137744  -47.252  25.543  0.457 0.0000000000
99856  -46.325  25.768  0.724 0.0000000000
99855  -45.257  25.984  0.701 0.0000000000
100459  -43.966  26.285  -0.188 0.0000000000
99854  -44.316  26.001  0.649 0.0000000000
99853  -43.467  25.785  0.667 0.0000000000
99839  -42.867  25.305  1.130 0.0000000000
99852  -42.591  25.558  0.304 0.0000000000
138749  -46.105  33.166  -3.431 0.0000000000
103313  -46.638  32.244  -3.367 0.0000000000
103304  -45.898  32.155  -3.439 0.0000000000
102132  -45.150  29.267  -2.724 0.0000000000
102133  -46.011  29.799  -3.467 0.0000000000
101592  -45.213  27.789  -3.981 0.0000000000
101591  -44.295  27.501  -4.012 0.0000000000
100512  -42.174  25.576  -4.094 0.0000000000
100513  -43.750  26.160  -4.411 0.0000000000
99884  -42.963  25.777  -4.246 0.0000000000
100498  -43.431  25.755  -3.934 0.0000000000
99883  -42.409  25.422  -3.901 0.0000000000
134142  -41.043  24.718  -1.959 0.0000000000
99865  -41.595  25.196  -1.421 0.0000000000
99851  -41.769  25.206  -0.183 0.0000000000
124559  -50.228  22.601  5.737 0.0000000000
136409  -50.435  22.024  4.868 0.0000000000
97912  -49.818  22.473  3.854 0.0000000000
109823  -48.484  42.843  0.801 0.0000000000
109816  -48.511  42.949  0.898 0.0000000000
109263  -48.265  42.497  1.162 0.0000000000
108623  -45.795  40.692  1.810 0.0000000000
102671  -43.090  31.140  4.251 0.0000000000
110885  -37.252  45.215  3.252 0.0000000000
110870  -38.401  44.748  3.164 0.0000000000
109797  -40.720  43.129  3.048 0.0000000000
105513  -45.426  35.227  1.021 0.0000000000
105502  -45.125  35.539  2.172 0.0000000000
104904  -45.451  34.357  0.520 0.0000000000
103826  -46.073  32.723  0.599 0.0000000000
103827  -47.091  31.992  0.307 0.0000000000
103286  -47.082  31.576  -1.239 0.0000000000
103294  -47.758  31.069  -2.018 0.0000000000
102734  -48.700  30.381  -2.690 0.0000000000
102733  -48.095  30.630  -3.198 0.0000000000
102744  -47.676  30.748  -3.492 0.0000000000
102743  -47.378  30.471  -3.687 0.0000000000
112015  -43.870  47.561  3.145 0.0000000000
132568  -44.205  47.105  4.131 0.0000000000
111426  -44.107  46.795  3.312 0.0000000000
110369  -44.145  44.622  3.407 0.0000000000
109808  -45.088  42.717  3.575 0.0000000000
142458  -48.634  40.199  2.853 0.0000000000
109249  -48.459  40.926  3.106 0.0000000000
108006  -48.782  39.677  2.950 0.0000000000
107361  -48.614  38.944  2.729 0.0000000000
106725  -48.332  37.650  1.777 0.0000000000
106739  -48.197  37.446  1.156 0.0000000000
106148  -48.250  36.961  0.263 0.0000000000
106157  -47.433  36.328  -0.725 0.0000000000
105540  -46.559  35.566  -1.931 0.0000000000
106167  -47.038  36.013  -1.326 0.0000000000
106166  -46.306  36.031  -1.789 0.0000000000
106165  -45.494  35.958  -1.941 0.0000000000
129389  -43.897  36.401  -1.314 0.0000000000
124222  -49.734  20.191  8.885 0.0000000000
98505  -50.128  23.655  10.410 0.0000000000
97852  -50.424  23.013  10.222 0.0000000000
98506  -50.418  23.575  10.186 0.0000000000
98521  -50.701  23.036  8.962 0.0000000000
128770  -50.525  24.048  8.682 0.0000000000
141595  -50.165  24.886  8.361 0.0000000000
99179  -49.916  25.363  7.593 0.0000000000
113126  -31.261  48.550  2.310 0.0000000000
114210  -34.364  50.568  -0.401 0.0000000000
114209  -33.829  50.142  -0.004 0.0000000000
114213  -33.899  49.974  -0.905 0.0000000000
113169  -32.965  48.245  -1.503 0.0000000000
112056  -33.346  46.724  -1.664 0.0000000000
111464  -33.852  45.872  -1.360 0.0000000000
112068  -33.884  47.133  -2.309 0.0000000000
111479  -34.840  46.306  -2.271 0.0000000000
112070  -35.355  46.422  -2.696 0.0000000000
112652  -38.445  47.374  -4.699 0.0000000000
112085  -37.510  46.212  -3.619 0.0000000000
111495  -38.413  45.846  -3.805 0.0000000000
124922  -39.647  45.268  -2.946 0.0000000000
111470  -40.389  45.830  -1.120 0.0000000000
111458  -41.049  46.288  -0.494 0.0000000000
135381  -41.342  45.852  -1.207 0.0000000000
111471  -42.311  46.011  -1.362 0.0000000000
111472  -43.367  46.482  -1.510 0.0000000000
111516  -45.224  46.127  -4.778 0.0000000000
112087  -45.168  46.562  -3.527 0.0000000000
112098  -45.662  46.510  -4.064 0.0000000000
112089  -46.437  46.956  -3.131 0.0000000000
111475  -46.853  45.965  -2.611 0.0000000000
111489  -47.235  45.395  -2.933 0.0000000000
110920  -47.622  44.274  -2.620 0.0000000000
110395  -48.071  43.549  -2.776 0.0000000000
110396  -48.602  42.508  -2.826 0.0000000000
110399  -48.216  43.258  -3.211 0.0000000000
110404  -48.433  42.624  -3.771 0.0000000000
123972  -39.995  27.621  6.567 0.0000000000
139970  -41.066  26.893  7.370 0.0000000000
100396  -41.662  26.695  7.856 0.0000000000
100381  -44.704  26.674  8.500 0.0000000000
100399  -44.789  27.089  7.749 0.0000000000
100400  -45.475  27.224  7.588 0.0000000000
100996  -45.743  26.814  4.706 0.0000000000
100413  -46.261  26.780  5.428 0.0000000000
100423  -46.551  26.693  4.634 0.0000000000
100415  -48.076  26.861  5.357 0.0000000000
100982  -49.211  27.369  5.608 0.0000000000
137301  -50.511  28.233  5.917 0.0000000000
100998  -49.918  27.657  5.062 0.0000000000
100999  -50.901  28.445  4.938 0.0000000000
101013  -51.358  28.391  4.416 0.0000000000
107314  -39.927  38.075  7.862 0.0000000000
107315  -40.812  38.005  8.045 0.0000000000
106670  -41.693  37.242  9.151 0.0000000000
137342  -44.719  44.349  6.195 0.0000000000
109782  -43.723  43.355  5.268 0.0000000000
109214  -45.719  42.883  7.026 0.0000000000
109213  -45.323  41.965  7.243 0.0000000000
108571  -45.294  41.157  7.897 0.0000000000
105484  -45.933  35.472  5.562 0.0000000000
106099  -46.757  36.250  7.125 0.0000000000
105481  -47.074  35.339  6.667 0.0000000000
105475  -46.967  35.671  7.214 0.0000000000
105458  -46.366  36.519  7.744 0.0000000000
106089  -45.458  36.356  7.738 0.0000000000
104852  -47.142  34.856  6.954 0.0000000000
104292  -46.276  34.111  6.403 0.0000000000
104304  -46.532  33.463  5.918 0.0000000000
103766  -45.590  32.874  5.363 0.0000000000
134170  -46.890  31.903  3.672 0.0000000000
102708  -50.128  30.616  -0.537 0.0000000000
102707  -49.435  30.698  0.058 0.0000000000
102106  -50.146  30.017  -0.148 0.0000000000
140051  -50.894  29.474  0.178 0.0000000000
102098  -51.471  29.179  1.034 0.0000000000
145902  -51.676  29.013  1.640 0.0000000000
101556  -51.729  28.878  1.237 0.0000000000
101033  -51.469  27.775  1.315 0.0000000000
126852  -50.767  26.555  1.362 0.0000000000
126313  -50.761  27.206  0.790 0.0000000000
100464  -50.128  26.183  0.271 0.0000000000
100463  -49.309  25.778  -0.347 0.0000000000
126141  -47.167  26.796  -2.950 0.0000000000
100488  -46.658  26.598  -2.432 0.0000000000
100472  -45.518  26.501  -1.152 0.0000000000
100471  -44.475  26.433  -1.196 0.0000000000
143925  -43.671  26.310  -1.105 0.0000000000
139069  -45.446  32.408  -3.073 0.0000000000
103303  -45.287  31.477  -2.631 0.0000000000
102126  -44.542  29.746  -2.212 0.0000000000
102131  -44.434  28.921  -2.437 0.0000000000
101055  -41.295  27.238  -2.377 0.0000000000
101577  -41.988  27.509  -2.680 0.0000000000
101062  -41.722  26.565  -3.322 0.0000000000
100496  -41.480  25.581  -3.800 0.0000000000
99893  -41.472  25.212  -3.950 0.0000000000
125737  -42.050  25.227  -3.352 0.0000000000
99882  -41.555  25.059  -3.812 0.0000000000
99245  -40.487  24.428  -1.704 0.0000000000
99239  -40.511  24.027  -0.652 0.0000000000
98595  -39.446  24.045  -1.746 0.0000000000
96544  -51.366  19.972  7.013 0.0000000000
110904  -45.299  44.176  0.160 0.0000000000
110379  -44.964  43.653  0.879 0.0000000000
109814  -47.358  42.660  1.993 0.0000000000
125424  -48.185  42.400  1.895 0.0000000000
109815  -48.335  42.789  1.188 0.0000000000
125530  -48.287  41.965  1.972 0.0000000000
109255  -48.383  40.914  2.707 0.0000000000
108615  -47.810  40.173  2.409 0.0000000000
136572  -47.577  38.194  1.190 0.0000000000
106738  -46.981  37.815  0.605 0.0000000000
107379  -46.026  38.288  1.247 0.0000000000
107378  -44.859  38.122  1.098 0.0000000000
108013  -44.840  39.251  1.800 0.0000000000
141997  -47.770  21.657  8.847 0.0000000000
97850  -48.891  23.117  10.484 0.0000000000
138033  -47.900  23.230  10.522 0.0000000000
98503  -48.389  23.700  10.579 0.0000000000
98504  -49.368  23.683  10.476 0.0000000000
135618  -49.780  24.338  10.404 0.0000000000
99789  -49.637  25.537  9.849 0.0000000000
114206  -35.471  51.276  0.835 0.0000000000
114716  -35.478  51.509  -0.180 0.0000000000
114720  -35.514  51.646  -1.064 0.0000000000
114219  -35.636  50.840  -2.371 0.0000000000
129674  -44.445  45.615  -5.526 0.0000000000
111531  -45.637  46.036  -5.641 0.0000000000
111532  -46.077  45.946  -5.610 0.0000000000
111533  -46.293  45.643  -5.649 0.0000000000
138268  -46.245  45.868  -6.572 0.0000000000
143299  -46.439  46.007  -7.553 0.0000000000
101516  -43.797  28.222  4.167 0.0000000000
100995  -44.432  27.709  4.276 0.0000000000
127334  -45.348  27.320  4.060 0.0000000000
101020  -45.911  27.630  3.210 0.0000000000
101021  -46.772  27.624  2.666 0.0000000000
128620  -40.172  40.575  4.276 0.0000000000
108577  -40.990  40.107  5.174 0.0000000000
107350  -45.384  38.812  4.567 0.0000000000
107345  -44.841  39.229  5.861 0.0000000000
106718  -44.730  37.349  4.496 0.0000000000
105483  -44.840  36.051  4.770 0.0000000000
104889  -44.842  34.909  2.617 0.0000000000
105488  -44.743  35.355  3.182 0.0000000000
105489  -45.335  35.116  4.427 0.0000000000
104876  -46.660  34.012  4.571 0.0000000000
104322  -47.376  33.281  4.003 0.0000000000
103805  -47.488  32.798  3.667 0.0000000000
103251  -47.415  32.458  3.356 0.0000000000
103270  -48.643  31.421  0.520 0.0000000000
103281  -48.897  31.392  -0.152 0.0000000000
102718  -50.292  30.711  -0.911 0.0000000000
102117  -50.520  30.213  -0.933 0.0000000000
101572  -49.651  28.968  -1.603 0.0000000000
101582  -48.627  28.686  -2.359 0.0000000000
143248  -48.100  28.296  -3.131 0.0000000000
101065  -47.701  27.673  -3.461 0.0000000000
100502  -47.133  27.139  -3.652 0.0000000000
100516  -46.568  27.060  -4.169 0.0000000000
100515  -45.694  26.728  -4.394 0.0000000000
102116  -43.585  29.848  -1.327 0.0000000000
102115  -42.905  29.657  -0.911 0.0000000000
102124  -42.493  29.040  -1.420 0.0000000000
102123  -41.626  28.847  -1.402 0.0000000000
101569  -41.402  28.145  -1.966 0.0000000000
101054  -40.797  26.957  -2.123 0.0000000000
100484  -40.390  26.264  -2.493 0.0000000000
100495  -39.966  25.410  -2.649 0.0000000000
134224  -41.003  46.534  3.157 0.0000000000
111414  -40.321  45.999  3.390 0.0000000000
111415  -42.986  46.699  4.210 0.0000000000
110858  -43.539  45.458  4.810 0.0000000000
111996  -44.215  46.617  4.696 0.0000000000
111405  -44.230  46.211  4.978 0.0000000000
110851  -44.934  45.062  6.135 0.0000000000
110330  -45.655  44.035  6.883 0.0000000000
139825  -46.130  43.217  7.105 0.0000000000
108595  -45.975  41.446  6.033 0.0000000000
110374  -44.640  43.389  1.940 0.0000000000
134658  -45.774  42.228  3.860 0.0000000000
109248  -48.013  41.274  3.411 0.0000000000
109247  -46.958  41.360  4.063 0.0000000000
109801  -45.804  41.933  4.773 0.0000000000
109231  -46.142  41.358  5.141 0.0000000000
108596  -46.862  40.701  4.558 0.0000000000
107986  -45.770  39.788  4.882 0.0000000000
107359  -46.430  38.359  3.658 0.0000000000
106723  -46.568  37.385  2.641 0.0000000000
106122  -48.083  37.194  1.295 0.0000000000
126259  -46.938  36.532  1.178 0.0000000000
124808  -45.757  35.967  1.281 0.0000000000
105521  -46.037  35.152  -0.292 0.0000000000
104373  -46.405  34.279  -2.418 0.0000000000
104377  -46.133  33.795  -3.208 0.0000000000
105549  -46.186  35.036  -2.591 0.0000000000
104929  -46.004  34.580  -2.971 0.0000000000
104376  -45.805  33.484  -3.325 0.0000000000
103846  -45.304  32.974  -2.981 0.0000000000
103845  -44.584  32.946  -2.195 0.0000000000
137830  -44.270  32.108  -1.430 0.0000000000
106752  -46.434  37.418  -0.086 0.0000000000
106155  -45.740  36.479  -1.229 0.0000000000
139261  -44.539  35.892  -1.752 0.0000000000
105537  -44.331  35.338  -1.874 0.0000000000
97233  -49.543  20.887  9.329 0.0000000000
96514  -50.606  20.914  9.834 0.0000000000
97221  -50.774  21.541  9.878 0.0000000000
96525  -50.954  20.325  9.570 0.0000000000
96536  -51.472  20.110  8.260 0.0000000000
97242  -51.317  20.735  7.766 0.0000000000
126227  -50.335  22.399  6.936 0.0000000000
98524  -50.371  23.234  7.828 0.0000000000
98530  -49.834  23.596  5.611 0.0000000000
99200  -49.946  24.655  4.498 0.0000000000
113144  -31.668  48.213  0.766 0.0000000000
113678  -32.800  49.055  0.004 0.0000000000
113159  -31.928  47.922  0.112 0.0000000000
112595  -31.505  47.459  0.593 0.0000000000
111438  -31.542  45.908  0.581 0.0000000000
111430  -31.946  45.210  0.996 0.0000000000
110881  -33.139  44.437  2.421 0.0000000000
110882  -34.102  44.522  2.355 0.0000000000
110894  -35.042  44.879  2.046 0.0000000000
111422  -35.984  45.214  2.426 0.0000000000
111440  -34.824  45.136  -0.174 0.0000000000
111431  -35.790  45.200  1.367 0.0000000000
111432  -36.574  45.457  1.770 0.0000000000
111433  -37.382  45.731  1.835 0.0000000000
111434  -38.238  46.113  2.041 0.0000000000
112021  -38.927  46.326  2.157 0.0000000000
113697  -35.706  49.458  -3.330 0.0000000000
112643  -35.696  47.461  -3.507 0.0000000000
145936  -36.032  46.575  -3.255 0.0000000000
112071  -36.193  45.949  -2.505 0.0000000000
111494  -37.746  45.673  -2.987 0.0000000000
111481  -37.582  45.557  -2.006 0.0000000000
142958  -37.481  45.482  -1.245 0.0000000000
111456  -38.408  45.775  -0.295 0.0000000000
112032  -38.824  46.356  1.239 0.0000000000
112022  -39.564  46.595  1.865 0.0000000000
112023  -40.359  46.904  1.539 0.0000000000
112024  -41.241  47.407  1.995 0.0000000000
112589  -42.978  48.459  2.026 0.0000000000
112047  -41.646  46.798  0.198 0.0000000000
112596  -43.083  48.379  1.328 0.0000000000
113146  -43.589  48.616  1.745 0.0000000000
112590  -44.124  48.297  1.983 0.0000000000
112037  -44.287  47.164  1.341 0.0000000000
138818  -44.517  46.826  0.558 0.0000000000
111499  -42.229  45.228  -3.372 0.0000000000
111487  -43.866  46.311  -2.279 0.0000000000
111473  -44.404  47.192  -1.659 0.0000000000
112073  -45.570  47.263  -2.738 0.0000000000
112061  -45.378  47.714  -1.893 0.0000000000
143515  -44.936  48.183  -1.114 0.0000000000
112612  -45.594  48.032  -0.904 0.0000000000
112050  -45.134  47.202  -0.039 0.0000000000
110909  -45.058  45.009  -0.434 0.0000000000
132458  -46.030  44.264  -0.397 0.0000000000
110385  -46.984  43.661  -0.181 0.0000000000
110386  -47.906  43.420  -0.274 0.0000000000
110917  -47.006  44.932  -2.010 0.0000000000
110912  -47.837  43.709  -1.229 0.0000000000
110383  -48.498  42.919  0.454 0.0000000000
109832  -48.361  42.782  0.174 0.0000000000
109852  -48.672  42.017  -2.907 0.0000000000
109293  -48.568  41.898  -2.903 0.0000000000
125049  -48.040  42.296  -4.739 0.0000000000
99786  -46.746  25.326  9.904 0.0000000000
128720  -45.409  26.376  8.874 0.0000000000
100366  -46.228  25.989  9.227 0.0000000000
100368  -48.134  25.729  9.413 0.0000000000
100369  -48.991  25.968  9.293 0.0000000000
100370  -49.753  26.145  9.170 0.0000000000
100962  -44.369  27.310  6.216 0.0000000000
100945  -45.776  27.331  7.017 0.0000000000
100964  -46.638  27.367  6.926 0.0000000000
100980  -46.861  27.071  6.118 0.0000000000
100946  -47.256  27.357  7.490 0.0000000000
100932  -48.668  27.213  8.240 0.0000000000
100385  -49.944  26.896  8.624 0.0000000000
100386  -50.195  26.705  8.427 0.0000000000
99803  -50.380  26.699  7.638 0.0000000000
99808  -50.581  26.915  6.478 0.0000000000
123418  -51.095  28.366  6.178 0.0000000000
99817  -50.401  26.332  5.973 0.0000000000
99193  -50.120  25.478  5.218 0.0000000000
106071  -39.908  36.211  8.649 0.0000000000
105470  -40.582  35.742  6.794 0.0000000000
104850  -41.134  35.181  6.005 0.0000000000
136223  -40.838  45.113  3.210 0.0000000000
139206  -41.488  43.200  3.375 0.0000000000
148199  -43.291  42.503  4.838 0.0000000000
109781  -42.817  42.671  4.420 0.0000000000
109780  -42.033  42.061  4.038 0.0000000000
109229  -41.828  41.280  4.351 0.0000000000
126558  -41.886  40.242  5.423 0.0000000000
107973  -45.469  39.946  6.815 0.0000000000
107960  -45.422  39.760  7.889 0.0000000000
108566  -45.277  40.163  8.075 0.0000000000
106700  -46.005  37.175  7.381 0.0000000000
107306  -45.435  38.481  8.857 0.0000000000
107948  -44.949  39.664  8.465 0.0000000000
130740  -44.077  39.204  8.066 0.0000000000
107947  -43.092  39.309  7.290 0.0000000000
107316  -42.180  38.595  7.538 0.0000000000
107302  -42.401  37.826  8.630 0.0000000000
106671  -42.840  37.544  8.623 0.0000000000
106073  -42.800  36.885  8.201 0.0000000000
106088  -43.902  36.483  7.333 0.0000000000
106087  -42.520  36.315  6.870 0.0000000000
105471  -42.115  35.527  6.181 0.0000000000
105478  -41.930  34.925  5.695 0.0000000000
104300  -41.972  33.275  5.536 0.0000000000
134996  -42.592  32.801  5.417 0.0000000000
103775  -43.519  32.213  4.817 0.0000000000
103234  -45.156  31.853  4.151 0.0000000000
103248  -44.613  31.194  3.592 0.0000000000
102681  -44.519  30.375  3.315 0.0000000000
135023  -45.663  29.283  2.664 0.0000000000
101022  -47.598  27.544  2.339 0.0000000000
102690  -47.688  31.561  2.301 0.0000000000
102696  -47.480  30.690  1.833 0.0000000000
138940  -48.600  30.209  0.628 0.0000000000
102096  -48.146  29.515  0.996 0.0000000000
102095  -47.427  29.631  1.569 0.0000000000
101543  -47.631  28.793  1.504 0.0000000000
136161  -48.377  27.578  2.107 0.0000000000
101011  -49.863  27.590  3.170 0.0000000000
101517  -51.627  28.243  4.068 0.0000000000
101535  -51.934  28.557  2.797 0.0000000000
101014  -51.988  28.344  3.263 0.0000000000
101001  -51.729  28.229  3.912 0.0000000000
100436  -51.320  26.899  3.872 0.0000000000
130435  -50.150  24.648  3.650 0.0000000000
98568  -50.204  24.503  2.751 0.0000000000
99220  -50.005  24.295  2.240 0.0000000000
99219  -49.586  24.085  2.144 0.0000000000
99846  -50.264  25.279  1.445 0.0000000000
99232  -49.926  24.559  1.692 0.0000000000
128948  -47.836  24.257  2.322 0.0000000000
101046  -49.234  27.878  -1.117 0.0000000000
100475  -48.846  26.235  -0.870 0.0000000000
99867  -48.511  25.766  -0.677 0.0000000000
123289  -46.945  25.362  1.270 0.0000000000
99834  -46.492  25.125  2.081 0.0000000000
99833  -45.657  25.257  2.168 0.0000000000
99841  -44.497  25.564  1.468 0.0000000000
103305  -46.866  32.163  -3.314 0.0000000000
102742  -46.778  30.809  -3.610 0.0000000000
102732  -46.071  31.140  -3.202 0.0000000000
101593  -46.171  28.363  -3.811 0.0000000000
101076  -45.282  26.820  -4.571 0.0000000000
100524  -45.041  26.603  -4.497 0.0000000000
101063  -42.506  26.805  -3.647 0.0000000000
101064  -43.368  27.138  -3.882 0.0000000000
101074  -43.994  26.624  -4.404 0.0000000000
100523  -44.542  26.478  -4.459 0.0000000000
100499  -44.462  26.238  -3.811 0.0000000000
100485  -42.981  26.024  -1.660 0.0000000000
99874  -42.195  25.474  -2.205 0.0000000000
96515  -51.039  20.856  9.832 0.0000000000
96524  -50.349  20.391  9.410 0.0000000000
97214  -50.407  22.391  10.014 0.0000000000
98518  -50.614  23.078  10.040 0.0000000000
99840  -43.559  25.249  1.569 0.0000000000
99881  -40.922  24.929  -3.764 0.0000000000
100371  -50.021  26.197  8.964 0.0000000000
100427  -51.249  27.311  4.802 0.0000000000
100445  -51.928  27.887  2.739 0.0000000000
100514  -44.840  26.457  -4.372 0.0000000000
100933  -49.702  27.471  8.204 0.0000000000
100949  -50.209  27.673  7.624 0.0000000000
100950  -50.538  27.742  6.856 0.0000000000
100981  -47.609  27.021  5.959 0.0000000000
100997  -46.141  26.943  3.952 0.0000000000
101000  -51.217  28.458  4.927 0.0000000000
101009  -46.743  27.111  3.365 0.0000000000
101010  -47.338  27.169  2.899 0.0000000000
101031  -48.045  27.993  1.653 0.0000000000
101078  -47.086  27.647  -4.017 0.0000000000
101506  -51.374  28.351  4.697 0.0000000000
101547  -51.774  28.957  1.866 0.0000000000
102083  -45.042  29.795  2.917 0.0000000000
102090  -46.622  29.738  2.160 0.0000000000
102099  -51.724  29.023  1.414 0.0000000000
102682  -45.236  30.918  3.275 0.0000000000
102717  -49.745  31.036  -0.580 0.0000000000
102724  -49.403  30.600  -1.772 0.0000000000
102725  -50.102  30.565  -1.362 0.0000000000
103236  -47.148  32.384  4.170 0.0000000000
103250  -47.318  32.401  3.981 0.0000000000
103306  -47.553  31.219  -3.230 0.0000000000
103768  -47.252  33.098  5.295 0.0000000000
103774  -42.699  32.292  5.161 0.0000000000
103776  -44.686  32.324  4.744 0.0000000000
103777  -45.916  32.439  4.762 0.0000000000
103779  -47.446  32.945  4.881 0.0000000000
103790  -47.395  32.676  4.387 0.0000000000
103818  -48.074  32.056  1.560 0.0000000000
103855  -46.244  32.609  -3.437 0.0000000000
104305  -47.224  33.523  5.799 0.0000000000
104323  -47.554  33.054  4.348 0.0000000000
104378  -46.481  33.559  -2.993 0.0000000000
104859  -42.520  34.289  5.603 0.0000000000
104867  -47.427  34.014  5.655 0.0000000000
104868  -47.302  33.590  5.452 0.0000000000
104897  -44.982  34.911  1.929 0.0000000000
105457  -40.217  36.058  7.741 0.0000000000
105474  -46.481  35.635  7.420 0.0000000000
105476  -47.258  34.959  6.868 0.0000000000
105479  -42.583  35.120  5.756 0.0000000000
105529  -46.605  35.404  -0.958 0.0000000000
106052  -41.049  36.987  9.519 0.0000000000
106062  -42.022  37.049  9.027 0.0000000000
106063  -43.406  37.457  8.515 0.0000000000
106064  -44.788  37.507  8.672 0.0000000000
106098  -44.838  37.488  6.123 0.0000000000
106140  -48.257  37.144  0.655 0.0000000000
106673  -45.229  38.130  9.050 0.0000000000
106674  -45.674  37.990  8.854 0.0000000000
106695  -45.681  38.060  7.886 0.0000000000
106710  -45.144  37.979  4.319 0.0000000000
107301  -41.366  37.542  8.943 0.0000000000
107303  -43.715  38.104  8.664 0.0000000000
107304  -45.030  38.640  9.084 0.0000000000
107305  -45.372  38.456  8.953 0.0000000000
107332  -45.338  39.098  7.421 0.0000000000
107941  -45.214  38.931  8.841 0.0000000000
107949  -45.185  39.547  8.459 0.0000000000
107950  -45.265  39.345  8.563 0.0000000000
107959  -44.302  39.885  7.638 0.0000000000
107972  -41.297  39.664  5.854 0.0000000000
107985  -40.155  39.987  4.911 0.0000000000
107988  -48.505  39.787  3.433 0.0000000000
107995  -48.808  40.017  3.005 0.0000000000
108565  -45.011  40.469  7.944 0.0000000000
108567  -45.313  40.262  7.964 0.0000000000
108572  -45.248  41.275  7.628 0.0000000000
108593  -41.474  40.618  4.718 0.0000000000
108594  -42.427  40.910  4.974 0.0000000000
108597  -48.110  40.286  3.765 0.0000000000
109219  -43.415  41.428  5.558 0.0000000000
109221  -46.109  42.335  6.775 0.0000000000
109228  -40.924  40.975  4.126 0.0000000000
109233  -48.389  40.641  3.353 0.0000000000
109246  -41.334  41.605  3.886 0.0000000000
109250  -48.659  40.403  2.945 0.0000000000
109304  -48.333  41.409  -3.732 0.0000000000
109773  -44.798  43.393  6.405 0.0000000000
109774  -45.509  44.162  6.705 0.0000000000
109798  -41.244  42.355  3.512 0.0000000000
109799  -42.147  42.907  3.763 0.0000000000
110335  -45.360  44.618  6.331 0.0000000000
110360  -44.563  45.616  4.529 0.0000000000
110370  -44.384  43.414  3.064 0.0000000000
110371  -45.523  42.723  2.485 0.0000000000
110853  -45.345  44.904  5.968 0.0000000000
110859  -44.318  45.643  5.288 0.0000000000
110887  -44.361  45.886  3.696 0.0000000000
110891  -32.509  44.672  1.613 0.0000000000
110892  -33.387  44.600  1.500 0.0000000000
110893  -34.212  44.669  1.253 0.0000000000
110900  -34.113  44.927  0.275 0.0000000000
111399  -44.593  45.410  5.364 0.0000000000
111404  -43.718  46.297  4.793 0.0000000000
111406  -44.416  45.947  5.019 0.0000000000
111411  -37.896  45.183  3.288 0.0000000000
111412  -38.492  45.505  3.157 0.0000000000
111413  -39.318  45.879  3.194 0.0000000000
111417  -44.431  46.081  4.886 0.0000000000
111423  -36.839  45.434  2.704 0.0000000000
111441  -35.674  45.208  0.309 0.0000000000
111444  -38.444  46.047  0.456 0.0000000000
111446  -43.845  46.015  0.823 0.0000000000
111447  -44.563  45.956  -0.005 0.0000000000
111450  -32.606  46.001  -0.555 0.0000000000
111451  -33.307  45.686  -0.778 0.0000000000
111452  -34.682  45.431  -1.059 0.0000000000
111467  -36.208  45.411  -1.121 0.0000000000
111468  -36.795  45.598  -1.716 0.0000000000
111480  -35.412  45.961  -2.098 0.0000000000
111483  -39.175  45.395  -2.222 0.0000000000
111484  -40.025  45.403  -2.028 0.0000000000
111501  -44.881  46.172  -4.152 0.0000000000
111502  -46.714  46.301  -3.547 0.0000000000
111526  -39.824  45.850  -5.122 0.0000000000
112006  -43.939  47.298  4.145 0.0000000000
112011  -29.907  46.343  2.298 0.0000000000
112012  -39.433  46.374  2.704 0.0000000000
112013  -40.399  46.800  2.518 0.0000000000
112020  -31.115  46.347  1.065 0.0000000000
112025  -44.060  47.568  2.284 0.0000000000
112026  -44.421  47.933  1.537 0.0000000000
112030  -31.485  46.722  0.546 0.0000000000
112031  -31.972  46.321  -0.019 0.0000000000
112034  -40.338  46.739  0.788 0.0000000000
112036  -42.346  47.616  0.793 0.0000000000
112048  -42.614  47.231  -0.027 0.0000000000
112049  -43.447  47.654  -0.303 0.0000000000
112055  -32.657  46.682  -1.064 0.0000000000
112057  -34.185  46.432  -2.041 0.0000000000
112063  -46.316  47.511  -2.032 0.0000000000
112069  -34.615  46.868  -2.607 0.0000000000
112083  -34.683  47.412  -2.912 0.0000000000
112086  -44.505  46.399  -2.950 0.0000000000
112088  -46.006  47.054  -3.391 0.0000000000
112106  -38.742  46.607  -4.693 0.0000000000
112581  -42.326  47.803  2.391 0.0000000000
112582  -43.215  48.216  2.608 0.0000000000
112583  -43.776  48.238  2.446 0.0000000000
112587  -31.252  47.777  1.179 0.0000000000
112591  -44.447  48.342  1.109 0.0000000000
112598  -44.802  48.307  0.397 0.0000000000
112599  -45.331  48.026  -0.087 0.0000000000
112608  -32.302  47.238  -0.797 0.0000000000
112610  -44.261  48.265  -0.287 0.0000000000
112611  -45.419  48.179  -0.951 0.0000000000
112623  -33.326  47.631  -1.967 0.0000000000
112624  -45.666  47.975  -1.488 0.0000000000
112626  -46.169  47.758  -2.039 0.0000000000
112642  -34.959  47.775  -3.235 0.0000000000
112645  -37.228  46.890  -3.998 0.0000000000
113127  -43.584  48.531  2.134 0.0000000000
113131  -30.734  47.863  1.850 0.0000000000
113132  -31.457  48.361  1.505 0.0000000000
113134  -43.946  48.641  1.853 0.0000000000
113135  -44.157  48.576  1.400 0.0000000000
113145  -32.273  48.618  0.428 0.0000000000
113149  -45.194  48.322  -0.249 0.0000000000
113160  -32.374  48.345  -0.293 0.0000000000
113168  -32.453  47.959  -0.945 0.0000000000
113174  -33.521  48.448  -2.083 0.0000000000
113175  -34.083  48.547  -2.588 0.0000000000
113181  -35.484  48.488  -3.464 0.0000000000
113182  -36.289  48.082  -3.810 0.0000000000
113686  -33.336  49.472  -0.457 0.0000000000
113692  -33.829  49.110  -2.181 0.0000000000
113696  -35.072  49.186  -3.109 0.0000000000
114204  -34.034  50.216  0.919 0.0000000000
114205  -34.797  50.651  0.894 0.0000000000
114215  -35.115  51.023  -1.587 0.0000000000
114715  -34.829  51.031  0.139 0.0000000000
114719  -34.875  51.149  -0.734 0.0000000000
114724  -35.722  51.449  -1.729 0.0000000000
123751  -37.848  45.709  0.246 0.0000000000
123878  -37.703  45.533  -0.555 0.0000000000
124025  -36.024  45.684  -1.785 0.0000000000
124098  -38.976  45.793  -0.817 0.0000000000
124921  -40.692  45.240  -2.708 0.0000000000
127376  -45.729  41.881  7.355 0.0000000000
128700  -46.577  46.897  -2.460 0.0000000000
129265  -37.013  45.760  -2.502 0.0000000000
129755  -33.441  49.142  -1.437 0.0000000000
130918  -39.884  45.468  -4.420 0.0000000000
131068  -43.641  34.203  5.661 0.0000000000
131177  -46.163  37.277  8.176 0.0000000000
133451  -45.552  27.346  -4.441 0.0000000000
133631  -45.803  34.108  -3.145 0.0000000000
133904  -42.809  45.747  4.189 0.0000000000
134920  -39.396  38.539  6.843 0.0000000000
136921  -34.284  47.443  -2.652 0.0000000000
137879  -48.159  27.773  -2.577 0.0000000000
138286  -51.056  28.015  6.492 0.0000000000
140327  -48.688  40.365  3.048 0.0000000000
140894  -49.085  26.983  -0.849 0.0000000000
140908  -41.633  45.280  -2.802 0.0000000000
141953  -44.834  27.145  5.624 0.0000000000
143361  -46.125  40.700  5.199 0.0000000000
143677  -43.204  34.322  -0.718 0.0000000000
143807  -36.960  45.533  1.314 0.0000000000
144730  -43.413  26.931  7.565 0.0000000000
146399  -42.239  39.165  6.867 0.0000000000
146849  -36.761  45.186  3.191 0.0000000000
148976  -43.261  31.670  4.504 0.0000000000
149586  -44.782  48.407  0.241 0.0000000000
149763  -38.850  45.526  -1.584 0.0000000000
