#!ascii label  , from subject chris_t1_5 vox2ras=TkReg
908
58129  -35.608  -23.018  39.144 0.0000000000
149872  -19.284  -21.375  40.836 0.0000000000
59085  -26.107  -22.032  39.704 0.0000000000
137164  -40.006  -0.247  16.982 0.0000000000
80495  -46.490  0.376  13.441 0.0000000000
54232  -15.018  -25.661  46.820 0.0000000000
77653  -38.001  -3.075  20.448 0.0000000000
60158  -37.428  -20.581  35.854 0.0000000000
56188  -30.763  -24.420  40.927 0.0000000000
57093  -17.370  -23.638  43.728 0.0000000000
52272  -17.854  -28.841  46.044 0.0000000000
57202  -31.435  -23.576  37.765 0.0000000000
58177  -33.001  -21.776  34.506 0.0000000000
62132  -23.039  -18.158  38.878 0.0000000000
59086  -28.475  -21.849  39.397 0.0000000000
68166  -34.451  -12.809  23.373 0.0000000000
71875  -37.606  -7.927  21.225 0.0000000000
74828  -40.538  -5.698  19.183 0.0000000000
124178  -11.586  -31.233  50.168 0.0000000000
148812  -7.793  -31.724  52.711 0.0000000000
62197  -32.197  -19.451  32.685 0.0000000000
124317  -31.567  -18.702  29.675 0.0000000000
64287  -33.271  -16.328  25.783 0.0000000000
49450  -16.240  -31.296  48.724 0.0000000000
57111  -20.908  -23.886  42.480 0.0000000000
59042  -21.606  -21.775  41.698 0.0000000000
57164  -32.879  -23.945  40.635 0.0000000000
61118  -18.256  -18.626  42.677 0.0000000000
58083  -18.228  -22.577  42.358 0.0000000000
54282  -19.164  -25.601  42.522 0.0000000000
58128  -31.605  -22.269  39.003 0.0000000000
58140  -30.039  -23.275  38.860 0.0000000000
70857  -33.173  -9.287  22.666 0.0000000000
70859  -36.046  -9.878  22.358 0.0000000000
72872  -35.180  -7.023  21.585 0.0000000000
75806  -38.102  -4.488  19.004 0.0000000000
76767  -39.689  -3.205  17.389 0.0000000000
75818  -41.655  -3.976  17.929 0.0000000000
77719  -40.912  -1.866  15.697 0.0000000000
77721  -42.771  -2.327  15.056 0.0000000000
62178  -32.162  -19.190  35.515 0.0000000000
60185  -33.105  -20.643  33.001 0.0000000000
63136  -30.095  -18.149  34.271 0.0000000000
63199  -28.824  -18.293  30.133 0.0000000000
64260  -29.935  -17.350  28.047 0.0000000000
63221  -32.312  -18.431  27.923 0.0000000000
65369  -30.383  -15.508  26.450 0.0000000000
67249  -30.662  -13.794  25.035 0.0000000000
61180  -25.320  -19.886  38.907 0.0000000000
51284  -12.999  -29.224  47.941 0.0000000000
51308  -14.722  -29.410  46.322 0.0000000000
49389  -8.339  -31.991  55.297 0.0000000000
123614  -6.460  -30.900  57.185 0.0000000000
75769  -35.832  -4.388  22.063 0.0000000000
62180  -36.958  -18.814  35.484 0.0000000000
57146  -28.514  -23.898  41.070 0.0000000000
55238  -16.297  -25.498  44.895 0.0000000000
146313  -16.241  -28.753  44.758 0.0000000000
53269  -17.452  -27.369  43.718 0.0000000000
138224  -48.227  0.337  13.446 0.0000000000
57194  -33.027  -23.812  38.084 0.0000000000
58164  -34.294  -22.824  36.424 0.0000000000
57217  -32.548  -23.056  35.960 0.0000000000
62106  -19.879  -18.162  41.097 0.0000000000
61176  -20.804  -19.350  39.525 0.0000000000
64136  -21.581  -16.441  39.493 0.0000000000
63084  -24.756  -16.737  38.254 0.0000000000
61181  -26.340  -19.553  38.377 0.0000000000
61168  -27.591  -19.264  39.572 0.0000000000
59098  -27.173  -22.087  39.019 0.0000000000
57181  -29.099  -23.936  39.200 0.0000000000
56220  -31.242  -24.382  39.260 0.0000000000
66324  -36.403  -14.742  24.414 0.0000000000
145944  -36.885  -5.763  20.084 0.0000000000
73840  -39.137  -6.926  20.058 0.0000000000
148376  -44.434  -2.373  14.102 0.0000000000
49431  -9.460  -31.481  51.171 0.0000000000
49401  -10.374  -32.113  54.109 0.0000000000
135338  -35.526  -21.584  34.759 0.0000000000
61230  -34.946  -20.027  33.121 0.0000000000
62199  -33.988  -18.015  33.447 0.0000000000
63165  -28.387  -17.711  32.820 0.0000000000
63168  -31.370  -18.218  32.067 0.0000000000
64223  -33.857  -17.539  32.302 0.0000000000
133340  -34.642  -17.782  30.733 0.0000000000
64261  -35.006  -17.766  27.800 0.0000000000
64290  -35.845  -16.618  25.729 0.0000000000
66321  -33.475  -14.462  24.139 0.0000000000
132730  -31.688  -11.447  23.531 0.0000000000
61152  -22.541  -19.820  40.911 0.0000000000
51268  -11.795  -29.403  48.763 0.0000000000
50351  -14.084  -30.948  50.238 0.0000000000
50389  -17.728  -30.688  47.239 0.0000000000
50253  -4.636  -31.088  57.681 0.0000000000
58100  -20.385  -23.074  41.177 0.0000000000
58084  -21.064  -23.180  41.975 0.0000000000
59063  -20.636  -22.125  40.646 0.0000000000
57166  -34.307  -23.733  40.374 0.0000000000
60068  -18.565  -20.327  41.696 0.0000000000
60067  -18.153  -20.721  42.427 0.0000000000
59061  -19.029  -21.912  41.097 0.0000000000
57144  -19.474  -23.329  41.372 0.0000000000
72859  -33.185  -7.280  23.029 0.0000000000
137792  -33.770  -7.701  22.521 0.0000000000
73813  -34.215  -6.061  22.711 0.0000000000
79524  -39.144  -0.702  18.369 0.0000000000
77686  -38.618  -2.640  18.045 0.0000000000
78626  -39.401  -1.687  16.883 0.0000000000
76779  -40.266  -2.953  16.863 0.0000000000
79553  -39.736  -0.968  16.413 0.0000000000
79564  -41.144  -0.955  15.437 0.0000000000
62177  -31.467  -18.958  35.006 0.0000000000
64250  -28.423  -15.351  29.132 0.0000000000
64277  -29.949  -15.915  27.045 0.0000000000
65368  -29.250  -14.341  27.138 0.0000000000
66302  -29.715  -13.663  26.189 0.0000000000
59065  -25.657  -21.378  40.197 0.0000000000
61155  -25.296  -20.447  40.826 0.0000000000
59043  -26.036  -21.978  41.980 0.0000000000
53192  -14.069  -27.819  46.591 0.0000000000
53204  -14.664  -27.599  45.828 0.0000000000
79578  -46.087  -0.721  13.216 0.0000000000
50271  -7.257  -31.019  56.726 0.0000000000
59127  -37.708  -21.037  37.604 0.0000000000
60167  -37.722  -19.978  35.673 0.0000000000
57147  -29.454  -24.204  41.268 0.0000000000
129734  -30.570  -24.167  42.382 0.0000000000
58059  -17.218  -21.769  44.452 0.0000000000
57076  -17.019  -22.414  44.954 0.0000000000
148227  -16.865  -23.288  45.606 0.0000000000
56166  -17.093  -24.248  44.350 0.0000000000
54273  -17.006  -26.737  43.717 0.0000000000
55253  -17.351  -26.018  43.256 0.0000000000
55248  -20.108  -25.406  43.511 0.0000000000
54264  -19.239  -26.721  43.906 0.0000000000
57193  -32.320  -24.029  37.715 0.0000000000
57212  -32.927  -23.494  36.495 0.0000000000
57211  -32.205  -23.345  36.622 0.0000000000
63045  -20.584  -16.355  42.066 0.0000000000
63071  -20.844  -17.013  39.984 0.0000000000
64113  -21.927  -15.712  40.612 0.0000000000
64126  -24.791  -15.255  39.865 0.0000000000
63072  -26.216  -16.576  39.165 0.0000000000
63104  -25.875  -18.147  38.038 0.0000000000
63086  -26.579  -17.608  38.718 0.0000000000
144524  -28.828  -21.030  41.346 0.0000000000
60108  -28.236  -20.985  40.244 0.0000000000
60107  -27.602  -20.449  39.395 0.0000000000
59099  -28.051  -22.317  39.068 0.0000000000
57161  -27.804  -23.331  39.364 0.0000000000
57189  -28.838  -23.350  38.885 0.0000000000
57191  -30.779  -23.361  38.422 0.0000000000
128019  -30.271  -23.818  38.727 0.0000000000
56235  -31.612  -24.096  37.878 0.0000000000
56231  -31.957  -24.275  38.283 0.0000000000
66339  -35.389  -14.012  23.828 0.0000000000
67268  -36.696  -14.001  24.185 0.0000000000
124633  -35.891  -12.946  23.295 0.0000000000
70873  -36.607  -9.117  22.069 0.0000000000
69913  -37.298  -10.470  22.653 0.0000000000
76734  -36.894  -3.765  21.140 0.0000000000
74817  -35.797  -5.242  20.872 0.0000000000
76753  -37.007  -4.250  19.914 0.0000000000
141657  -39.192  -5.102  18.915 0.0000000000
74826  -38.686  -5.577  19.301 0.0000000000
73853  -40.313  -6.396  19.595 0.0000000000
72888  -40.448  -7.517  20.423 0.0000000000
77733  -43.370  -2.384  14.685 0.0000000000
79570  -43.208  -0.928  14.175 0.0000000000
142326  -44.304  -0.667  13.605 0.0000000000
50348  -10.875  -30.548  49.631 0.0000000000
51246  -9.293  -29.553  50.870 0.0000000000
50336  -10.525  -31.120  50.262 0.0000000000
49402  -11.510  -31.911  54.088 0.0000000000
49377  -10.220  -31.980  56.351 0.0000000000
58171  -33.570  -22.587  35.385 0.0000000000
58172  -34.409  -22.428  35.653 0.0000000000
59151  -33.955  -21.849  34.140 0.0000000000
61227  -32.290  -20.169  32.974 0.0000000000
60187  -34.515  -20.794  33.042 0.0000000000
61228  -32.986  -19.927  32.668 0.0000000000
62200  -34.737  -18.569  33.730 0.0000000000
62198  -33.104  -18.722  32.718 0.0000000000
63187  -27.559  -17.262  32.159 0.0000000000
143803  -30.545  -18.685  29.757 0.0000000000
63200  -29.853  -18.569  30.646 0.0000000000
63201  -31.109  -18.411  30.686 0.0000000000
123517  -32.455  -17.846  32.036 0.0000000000
63191  -32.736  -17.834  31.382 0.0000000000
64238  -34.647  -17.573  31.656 0.0000000000
63203  -33.076  -17.977  30.382 0.0000000000
64271  -32.918  -16.876  26.520 0.0000000000
63230  -33.367  -18.190  27.723 0.0000000000
63236  -34.286  -17.466  26.781 0.0000000000
64273  -35.838  -17.359  27.508 0.0000000000
64288  -34.177  -16.516  25.636 0.0000000000
65380  -34.611  -15.948  25.026 0.0000000000
65391  -33.107  -15.135  24.613 0.0000000000
68148  -30.088  -11.749  25.041 0.0000000000
142913  -31.496  -12.828  24.051 0.0000000000
69884  -30.982  -10.266  24.492 0.0000000000
61178  -21.857  -18.695  39.162 0.0000000000
61165  -21.992  -19.444  39.701 0.0000000000
62107  -22.944  -19.008  40.409 0.0000000000
50375  -14.491  -30.212  48.378 0.0000000000
51270  -13.404  -30.008  48.365 0.0000000000
50366  -15.117  -30.772  48.998 0.0000000000
52290  -17.368  -28.999  45.171 0.0000000000
51310  -16.647  -29.923  45.937 0.0000000000
135204  -17.760  -30.101  46.732 0.0000000000
129321  -20.908  -24.454  44.499 0.0000000000
57095  -21.071  -23.934  43.715 0.0000000000
131373  -21.842  -22.215  43.767 0.0000000000
59028  -21.849  -21.420  43.100 0.0000000000
57150  -32.424  -24.227  41.232 0.0000000000
123337  -31.989  -24.356  41.929 0.0000000000
61102  -17.780  -19.237  43.272 0.0000000000
59026  -18.037  -21.574  42.936 0.0000000000
57110  -17.971  -23.135  43.173 0.0000000000
56180  -17.825  -24.950  42.559 0.0000000000
57127  -18.962  -23.967  41.671 0.0000000000
56174  -19.981  -25.114  42.657 0.0000000000
58142  -31.697  -22.534  38.022 0.0000000000
58153  -31.789  -22.653  37.096 0.0000000000
59087  -29.310  -22.024  39.994 0.0000000000
138939  -29.624  -22.920  38.897 0.0000000000
58127  -30.795  -22.459  39.100 0.0000000000
69037  -33.904  -11.144  22.825 0.0000000000
69038  -34.861  -11.342  22.766 0.0000000000
70858  -34.181  -9.619  22.533 0.0000000000
70872  -35.598  -8.936  22.205 0.0000000000
133731  -35.978  -7.518  21.312 0.0000000000
76754  -37.577  -3.639  19.569 0.0000000000
77678  -38.183  -2.922  18.687 0.0000000000
76761  -39.194  -3.788  18.158 0.0000000000
75809  -40.416  -4.469  18.254 0.0000000000
74839  -41.418  -4.860  18.826 0.0000000000
75817  -40.841  -4.027  17.770 0.0000000000
76769  -41.307  -3.580  17.274 0.0000000000
77705  -42.242  -2.768  16.252 0.0000000000
77720  -41.964  -2.232  15.590 0.0000000000
130853  -41.695  -0.935  15.120 0.0000000000
50337  -12.595  -31.376  51.048 0.0000000000
50326  -11.571  -31.719  51.246 0.0000000000
125188  -13.458  -31.383  52.976 0.0000000000
60163  -32.588  -20.813  34.674 0.0000000000
60174  -33.133  -21.285  33.759 0.0000000000
62187  -31.763  -19.645  34.553 0.0000000000
62186  -31.177  -19.482  33.956 0.0000000000
63149  -30.530  -18.946  33.487 0.0000000000
133359  -27.519  -16.731  31.221 0.0000000000
144464  -28.212  -16.020  29.736 0.0000000000
63210  -29.103  -18.039  29.413 0.0000000000
63219  -30.482  -18.291  28.480 0.0000000000
63213  -32.143  -18.799  28.777 0.0000000000
63227  -30.802  -17.947  27.900 0.0000000000
64270  -31.537  -17.043  27.222 0.0000000000
65370  -31.409  -15.800  26.260 0.0000000000
65390  -32.192  -14.923  24.921 0.0000000000
66303  -30.312  -14.245  25.642 0.0000000000
62133  -24.045  -18.540  38.834 0.0000000000
62121  -23.406  -18.779  39.607 0.0000000000
61166  -24.488  -19.426  40.605 0.0000000000
51298  -14.228  -29.469  46.996 0.0000000000
51286  -14.887  -30.018  47.602 0.0000000000
49399  -8.011  -32.312  54.202 0.0000000000
50303  -6.758  -31.176  53.189 0.0000000000
49387  -6.543  -31.612  54.239 0.0000000000
50286  -5.972  -31.064  54.774 0.0000000000
50285  -5.263  -30.854  55.356 0.0000000000
63131  -36.433  -17.803  35.569 0.0000000000
58102  -27.029  -23.132  41.000 0.0000000000
58086  -26.966  -23.170  42.153 0.0000000000
56150  -16.397  -23.890  46.365 0.0000000000
55229  -15.860  -25.215  45.933 0.0000000000
53223  -15.237  -27.500  45.133 0.0000000000
54262  -16.194  -26.618  44.400 0.0000000000
139873  -17.195  -28.030  44.195 0.0000000000
53224  -17.570  -28.346  44.568 0.0000000000
54275  -18.264  -26.649  43.174 0.0000000000
54249  -18.699  -27.406  44.361 0.0000000000
53205  -18.454  -28.099  46.186 0.0000000000
130074  -47.374  -0.106  13.398 0.0000000000
57183  -34.500  -23.252  38.584 0.0000000000
129058  -34.895  -22.892  37.806 0.0000000000
127357  -33.948  -23.198  37.263 0.0000000000
57218  -33.144  -23.093  35.820 0.0000000000
146135  -32.793  -22.198  35.063 0.0000000000
59123  -32.147  -22.035  36.590 0.0000000000
59134  -32.684  -21.208  36.205 0.0000000000
60156  -32.787  -20.810  35.416 0.0000000000
61213  -32.705  -19.410  36.058 0.0000000000
60103  -19.619  -20.203  40.333 0.0000000000
60104  -20.471  -20.650  40.118 0.0000000000
140365  -20.155  -18.378  40.218 0.0000000000
145075  -21.178  -17.387  39.232 0.0000000000
63082  -21.851  -17.353  38.815 0.0000000000
64114  -23.029  -15.211  40.772 0.0000000000
64138  -23.370  -15.996  38.842 0.0000000000
144128  -23.548  -17.147  38.303 0.0000000000
62145  -24.578  -18.139  38.283 0.0000000000
61190  -25.717  -19.482  38.343 0.0000000000
60122  -26.064  -20.991  38.727 0.0000000000
130550  -27.765  -18.106  40.212 0.0000000000
147861  -26.930  -19.169  38.748 0.0000000000
60123  -26.846  -21.052  38.849 0.0000000000
58122  -26.714  -22.440  39.366 0.0000000000
57145  -27.677  -23.582  40.414 0.0000000000
57162  -28.391  -23.807  39.776 0.0000000000
56187  -29.966  -24.384  40.654 0.0000000000
57190  -29.575  -23.649  38.952 0.0000000000
56229  -29.949  -24.080  39.115 0.0000000000
56201  -31.212  -24.443  40.171 0.0000000000
131811  -31.822  -24.306  39.715 0.0000000000
136358  -33.244  -23.750  39.354 0.0000000000
136095  -18.692  -18.927  42.085 0.0000000000
69040  -36.312  -11.539  22.828 0.0000000000
74792  -34.668  -5.587  22.046 0.0000000000
72884  -35.789  -6.697  20.981 0.0000000000
143065  -36.567  -7.148  20.805 0.0000000000
75798  -37.436  -4.811  19.493 0.0000000000
73838  -37.369  -6.222  20.040 0.0000000000
72885  -37.902  -7.449  20.647 0.0000000000
71878  -39.999  -7.943  20.981 0.0000000000
77747  -45.125  -2.415  13.842 0.0000000000
79577  -45.054  -0.720  13.363 0.0000000000
80486  -45.663  1.197  13.629 0.0000000000
51240  -8.590  -29.570  51.833 0.0000000000
49423  -8.960  -31.821  51.754 0.0000000000
49425  -11.106  -31.926  52.158 0.0000000000
126206  -9.782  -32.266  52.806 0.0000000000
49412  -9.281  -32.473  53.585 0.0000000000
127561  -8.797  -32.317  54.755 0.0000000000
148607  -35.516  -22.265  36.920 0.0000000000
59135  -35.786  -21.853  36.337 0.0000000000
59142  -36.158  -21.431  35.440 0.0000000000
59161  -34.538  -21.376  33.540 0.0000000000
130341  -35.497  -21.246  33.900 0.0000000000
60166  -37.080  -20.333  35.100 0.0000000000
60176  -36.643  -20.005  34.360 0.0000000000
62189  -35.564  -18.164  34.393 0.0000000000
62188  -34.800  -17.525  34.044 0.0000000000
63148  -29.913  -18.214  33.572 0.0000000000
62195  -29.997  -18.504  32.910 0.0000000000
128923  -28.495  -18.190  31.996 0.0000000000
63167  -30.227  -18.593  32.219 0.0000000000
62210  -31.565  -18.864  32.472 0.0000000000
126876  -32.272  -18.045  32.250 0.0000000000
63151  -34.366  -17.314  33.487 0.0000000000
63222  -33.654  -18.337  28.454 0.0000000000
64244  -35.099  -17.719  29.780 0.0000000000
65382  -36.461  -16.169  25.467 0.0000000000
66322  -34.859  -14.675  24.076 0.0000000000
66337  -33.875  -13.616  23.703 0.0000000000
66320  -32.576  -14.399  24.330 0.0000000000
67282  -32.843  -13.151  23.660 0.0000000000
69027  -33.277  -11.724  23.133 0.0000000000
69909  -32.601  -9.955  22.953 0.0000000000
71848  -32.374  -8.342  23.519 0.0000000000
60105  -21.169  -21.026  40.296 0.0000000000
61136  -21.990  -20.185  41.682 0.0000000000
148756  -23.855  -19.541  41.809 0.0000000000
50362  -11.332  -30.008  49.158 0.0000000000
51283  -12.255  -28.827  48.353 0.0000000000
50363  -12.182  -30.225  48.981 0.0000000000
50350  -12.944  -30.768  49.574 0.0000000000
50339  -14.224  -31.093  51.270 0.0000000000
129002  -15.613  -28.950  45.150 0.0000000000
51300  -16.289  -30.318  46.475 0.0000000000
50377  -16.504  -31.041  47.790 0.0000000000
51176  -6.309  -31.210  58.399 0.0000000000
144964  -4.935  -30.862  57.323 0.0000000000
144400  -4.002  -30.601  56.141 0.0000000000
59062  -19.874  -21.934  40.601 0.0000000000
128433  -20.334  -22.515  40.794 0.0000000000
142129  -34.913  -23.402  39.735 0.0000000000
60087  -19.141  -20.642  40.968 0.0000000000
60086  -18.698  -21.112  41.459 0.0000000000
58099  -19.608  -22.580  40.993 0.0000000000
73798  -33.602  -6.557  23.357 0.0000000000
73799  -34.193  -5.897  23.462 0.0000000000
138064  -39.781  -0.063  17.875 0.0000000000
79537  -39.285  -0.812  17.243 0.0000000000
147061  -40.368  -0.456  16.355 0.0000000000
65361  -29.198  -15.123  27.508 0.0000000000
59066  -26.011  -22.085  40.824 0.0000000000
54220  -14.638  -26.242  47.053 0.0000000000
130312  -14.470  -26.987  46.547 0.0000000000
54231  -15.039  -26.555  45.962 0.0000000000
148321  -46.755  -0.361  13.344 0.0000000000
79579  -47.033  -0.965  13.295 0.0000000000
60159  -38.035  -20.265  36.362 0.0000000000
57148  -30.277  -24.322  41.542 0.0000000000
57149  -31.118  -24.355  41.789 0.0000000000
57094  -17.398  -22.692  44.150 0.0000000000
56173  -17.350  -24.593  43.277 0.0000000000
55246  -17.101  -25.197  43.852 0.0000000000
138416  -17.452  -25.307  43.016 0.0000000000
57203  -31.885  -23.738  37.240 0.0000000000
57210  -31.752  -23.183  37.049 0.0000000000
64112  -21.291  -15.920  41.487 0.0000000000
64128  -26.536  -16.253  40.038 0.0000000000
64127  -25.740  -15.762  39.815 0.0000000000
63073  -26.908  -16.947  39.764 0.0000000000
59067  -28.966  -21.353  40.642 0.0000000000
60124  -27.663  -21.506  39.166 0.0000000000
58124  -28.118  -23.010  38.903 0.0000000000
58125  -28.869  -22.732  38.882 0.0000000000
57192  -30.955  -23.967  38.268 0.0000000000
67283  -34.862  -13.453  23.531 0.0000000000
67284  -35.526  -13.347  23.488 0.0000000000
68167  -35.253  -12.751  23.256 0.0000000000
71864  -37.143  -8.519  21.604 0.0000000000
70874  -37.432  -9.152  22.050 0.0000000000
71865  -38.015  -8.569  21.630 0.0000000000
75781  -37.608  -3.510  20.994 0.0000000000
76746  -36.715  -4.022  20.675 0.0000000000
76747  -37.339  -3.581  20.359 0.0000000000
74837  -39.959  -5.163  18.844 0.0000000000
74827  -39.588  -5.839  19.295 0.0000000000
146924  -43.348  0.660  14.609 0.0000000000
58178  -33.329  -22.166  34.751 0.0000000000
59150  -33.451  -21.719  34.115 0.0000000000
62196  -31.373  -19.609  33.034 0.0000000000
61229  -33.876  -19.258  32.970 0.0000000000
63202  -32.116  -18.086  30.600 0.0000000000
126744  -32.468  -18.496  29.728 0.0000000000
63235  -33.539  -17.561  26.979 0.0000000000
64280  -33.821  -16.942  26.355 0.0000000000
65379  -33.651  -15.816  25.084 0.0000000000
128785  -32.712  -15.664  25.266 0.0000000000
62131  -22.168  -18.133  38.763 0.0000000000
62120  -22.541  -18.709  39.216 0.0000000000
50376  -15.496  -30.735  48.104 0.0000000000
133309  -15.587  -31.178  49.511 0.0000000000
49445  -16.345  -31.779  49.578 0.0000000000
51319  -17.373  -29.659  45.945 0.0000000000
52271  -17.982  -29.400  46.761 0.0000000000
50324  -7.683  -31.076  52.247 0.0000000000
50315  -7.300  -30.578  52.629 0.0000000000
59126  -36.942  -21.505  37.295 0.0000000000
129545  -20.677  -24.516  42.814 0.0000000000
59027  -21.570  -22.419  42.465 0.0000000000
61103  -17.936  -18.393  43.359 0.0000000000
59040  -18.383  -21.737  41.896 0.0000000000
58069  -17.779  -22.213  43.531 0.0000000000
136385  -18.335  -23.617  42.156 0.0000000000
133495  -18.721  -23.215  41.721 0.0000000000
57129  -20.367  -23.742  41.618 0.0000000000
57128  -19.632  -24.080  41.663 0.0000000000
56183  -20.196  -24.441  42.037 0.0000000000
56167  -20.638  -24.843  43.622 0.0000000000
58113  -29.750  -22.445  39.422 0.0000000000
128250  -32.153  -21.751  39.637 0.0000000000
58141  -30.986  -22.776  38.390 0.0000000000
126564  -33.531  -10.253  22.681 0.0000000000
71861  -34.573  -7.336  22.179 0.0000000000
144780  -34.671  -8.284  22.277 0.0000000000
71862  -35.383  -7.937  21.876 0.0000000000
77671  -38.128  -2.646  19.293 0.0000000000
78605  -38.437  -2.216  18.705 0.0000000000
77687  -39.200  -2.500  17.385 0.0000000000
76766  -39.034  -3.145  17.802 0.0000000000
75816  -40.007  -3.951  17.790 0.0000000000
76768  -40.484  -3.493  17.254 0.0000000000
77703  -40.516  -2.471  16.350 0.0000000000
76780  -40.933  -3.074  16.743 0.0000000000
77704  -41.365  -2.614  16.201 0.0000000000
79554  -40.993  -0.266  15.994 0.0000000000
61212  -32.352  -20.093  34.871 0.0000000000
127267  -30.728  -18.703  34.537 0.0000000000
64259  -29.002  -16.448  28.495 0.0000000000
64251  -28.614  -16.843  29.150 0.0000000000
63218  -29.483  -17.782  28.714 0.0000000000
63211  -30.070  -18.481  29.169 0.0000000000
64269  -30.581  -16.988  27.411 0.0000000000
64278  -30.971  -16.327  26.811 0.0000000000
65378  -30.794  -15.094  25.844 0.0000000000
67247  -29.698  -12.829  26.047 0.0000000000
61179  -24.615  -19.229  39.376 0.0000000000
61167  -25.018  -19.833  40.008 0.0000000000
60089  -25.669  -21.286  41.373 0.0000000000
139582  -25.445  -20.542  41.867 0.0000000000
52269  -14.156  -28.813  46.498 0.0000000000
52253  -13.744  -28.534  47.094 0.0000000000
51299  -15.254  -29.960  46.720 0.0000000000
49388  -7.398  -31.931  54.835 0.0000000000
50287  -6.781  -31.561  55.463 0.0000000000
50270  -6.233  -30.888  56.039 0.0000000000
50269  -5.511  -30.828  56.714 0.0000000000
61206  -37.610  -19.287  35.795 0.0000000000
62173  -37.132  -18.364  36.081 0.0000000000
57130  -27.638  -23.619  41.617 0.0000000000
57131  -28.373  -23.860  42.244 0.0000000000
56157  -16.777  -23.903  45.464 0.0000000000
57060  -16.683  -23.288  46.179 0.0000000000
56156  -16.328  -24.598  45.683 0.0000000000
54248  -15.739  -26.069  45.387 0.0000000000
53248  -16.643  -27.451  44.076 0.0000000000
53249  -17.978  -27.742  43.920 0.0000000000
56181  -18.495  -25.271  42.369 0.0000000000
54281  -18.444  -25.979  42.815 0.0000000000
54276  -19.027  -26.362  43.106 0.0000000000
54250  -19.365  -26.639  44.955 0.0000000000
130383  -18.929  -27.069  45.390 0.0000000000
130243  -18.560  -27.791  45.281 0.0000000000
57182  -33.515  -23.629  38.718 0.0000000000
57195  -33.626  -23.554  38.002 0.0000000000
58170  -32.893  -22.646  35.414 0.0000000000
135949  -32.461  -22.442  35.640 0.0000000000
59112  -32.345  -21.944  37.631 0.0000000000
59124  -32.834  -21.235  37.336 0.0000000000
61195  -32.975  -19.743  37.362 0.0000000000
60157  -33.073  -20.205  36.427 0.0000000000
60164  -32.943  -20.068  35.684 0.0000000000
61162  -19.660  -19.109  40.425 0.0000000000
64139  -24.430  -15.793  38.863 0.0000000000
64152  -23.888  -16.524  38.270 0.0000000000
63101  -23.207  -16.676  38.501 0.0000000000
63102  -24.209  -17.346  38.169 0.0000000000
63103  -25.075  -17.712  38.092 0.0000000000
62147  -25.998  -18.910  37.975 0.0000000000
60133  -25.952  -20.233  38.548 0.0000000000
60121  -25.715  -20.602  38.871 0.0000000000
61169  -27.981  -19.942  40.516 0.0000000000
61156  -27.992  -19.011  40.878 0.0000000000
62135  -27.131  -18.401  39.133 0.0000000000
59097  -26.369  -21.718  38.996 0.0000000000
58112  -27.101  -23.009  40.002 0.0000000000
58123  -27.434  -22.745  39.195 0.0000000000
57180  -28.411  -23.488  39.082 0.0000000000
57163  -29.163  -24.191  40.215 0.0000000000
56218  -29.813  -24.282  39.745 0.0000000000
58139  -29.366  -23.243  38.856 0.0000000000
56230  -30.675  -24.218  38.852 0.0000000000
56219  -30.521  -24.357  39.502 0.0000000000
56222  -32.641  -23.981  38.681 0.0000000000
62091  -19.458  -17.681  41.902 0.0000000000
62105  -19.164  -18.610  41.494 0.0000000000
61135  -19.030  -19.655  41.356 0.0000000000
66305  -36.821  -15.288  25.037 0.0000000000
67285  -36.965  -13.183  23.988 0.0000000000
67269  -37.475  -13.769  24.425 0.0000000000
69911  -35.463  -10.668  22.550 0.0000000000
69039  -35.700  -11.489  22.698 0.0000000000
69912  -36.382  -10.765  22.561 0.0000000000
74782  -35.526  -5.061  22.801 0.0000000000
74781  -34.723  -5.472  22.780 0.0000000000
74793  -35.164  -4.954  22.113 0.0000000000
74818  -36.294  -5.509  20.395 0.0000000000
73837  -35.703  -5.909  20.809 0.0000000000
138415  -36.515  -6.335  20.415 0.0000000000
135982  -37.611  -4.183  19.360 0.0000000000
74825  -37.983  -5.247  19.315 0.0000000000
73851  -38.865  -6.296  19.646 0.0000000000
73850  -38.051  -5.965  19.641 0.0000000000
73839  -38.179  -6.765  20.120 0.0000000000
72886  -38.719  -7.441  20.513 0.0000000000
71877  -39.178  -7.896  21.028 0.0000000000
72887  -39.570  -7.473  20.468 0.0000000000
72874  -40.877  -8.032  20.890 0.0000000000
75811  -41.988  -4.447  18.629 0.0000000000
78648  -43.704  -1.914  14.099 0.0000000000
77734  -44.047  -2.628  14.643 0.0000000000
80493  -44.533  0.157  13.626 0.0000000000
80494  -45.443  0.230  13.403 0.0000000000
50335  -9.562  -30.834  50.540 0.0000000000
50334  -8.830  -30.627  51.148 0.0000000000
50325  -8.169  -30.813  51.690 0.0000000000
49415  -12.006  -31.830  52.386 0.0000000000
49413  -10.782  -31.974  53.079 0.0000000000
123655  -8.904  -32.366  52.656 0.0000000000
148033  -8.782  -32.512  54.083 0.0000000000
49400  -9.489  -32.310  54.593 0.0000000000
58154  -34.902  -22.678  37.083 0.0000000000
58180  -34.794  -21.931  35.081 0.0000000000
58173  -35.249  -21.882  35.645 0.0000000000
125907  -32.509  -20.672  33.668 0.0000000000
59160  -33.769  -21.551  33.618 0.0000000000
60186  -33.813  -21.130  33.090 0.0000000000
59162  -35.182  -20.855  33.333 0.0000000000
60165  -36.366  -20.909  34.516 0.0000000000
60175  -35.879  -20.500  33.707 0.0000000000
63147  -28.432  -17.020  33.650 0.0000000000
129015  -29.243  -17.932  33.286 0.0000000000
63198  -28.010  -17.546  30.580 0.0000000000
146102  -27.913  -17.782  31.377 0.0000000000
63188  -28.685  -18.428  31.035 0.0000000000
63190  -30.724  -18.416  31.582 0.0000000000
63189  -29.566  -18.569  31.709 0.0000000000
145860  -33.174  -17.699  32.016 0.0000000000
63169  -33.198  -17.787  32.429 0.0000000000
63170  -33.997  -17.314  32.980 0.0000000000
64203  -34.674  -17.083  33.376 0.0000000000
143665  -32.949  -18.537  28.343 0.0000000000
63223  -34.285  -18.060  28.153 0.0000000000
64252  -35.015  -17.794  28.674 0.0000000000
64282  -35.660  -17.096  26.443 0.0000000000
136699  -36.574  -17.047  26.874 0.0000000000
64283  -36.360  -16.768  26.144 0.0000000000
65371  -37.048  -16.565  26.248 0.0000000000
65392  -34.146  -15.198  24.376 0.0000000000
65393  -35.127  -15.396  24.497 0.0000000000
136778  -34.200  -14.406  24.021 0.0000000000
66304  -31.240  -14.640  25.244 0.0000000000
66319  -31.625  -14.155  24.608 0.0000000000
68163  -31.554  -12.202  23.792 0.0000000000
67281  -32.090  -12.825  23.751 0.0000000000
68164  -32.483  -12.225  23.441 0.0000000000
69026  -32.442  -11.389  23.211 0.0000000000
124907  -31.941  -10.558  23.330 0.0000000000
70845  -31.756  -9.060  23.774 0.0000000000
61163  -20.321  -19.745  39.874 0.0000000000
61164  -21.152  -20.010  39.821 0.0000000000
61151  -21.750  -20.392  40.305 0.0000000000
61137  -22.723  -19.940  42.261 0.0000000000
62109  -24.174  -19.339  41.136 0.0000000000
62108  -23.774  -19.148  41.039 0.0000000000
58085  -26.440  -22.587  42.689 0.0000000000
52238  -12.742  -28.312  48.130 0.0000000000
50365  -14.024  -30.543  49.172 0.0000000000
50364  -12.960  -30.327  48.830 0.0000000000
50338  -13.327  -31.049  50.727 0.0000000000
52289  -15.659  -28.236  44.733 0.0000000000
126626  -15.100  -28.213  45.272 0.0000000000
50397  -17.195  -30.331  46.505 0.0000000000
50388  -16.869  -30.832  47.033 0.0000000000
126734  -17.261  -31.066  47.603 0.0000000000
146198  -5.403  -31.145  58.021 0.0000000000
50268  -4.250  -30.827  56.936 0.0000000000
59041  -21.114  -22.530  41.242 0.0000000000
59064  -21.166  -21.780  40.781 0.0000000000
57165  -33.455  -23.789  40.086 0.0000000000
61117  -18.214  -19.612  42.366 0.0000000000
58098  -18.802  -22.571  41.463 0.0000000000
71849  -32.914  -8.217  22.831 0.0000000000
71850  -33.887  -8.680  22.505 0.0000000000
72860  -33.894  -6.825  22.590 0.0000000000
72871  -34.529  -6.423  22.061 0.0000000000
78614  -38.806  -1.667  17.857 0.0000000000
77702  -39.826  -2.450  16.782 0.0000000000
78627  -40.098  -1.769  16.266 0.0000000000
79563  -40.410  -1.050  15.841 0.0000000000
63129  -31.246  -18.019  35.466 0.0000000000
64184  -30.552  -17.626  35.070 0.0000000000
64268  -29.387  -16.204  27.692 0.0000000000
149605  -29.633  -15.112  26.833 0.0000000000
65377  -29.847  -14.556  26.355 0.0000000000
140613  -29.409  -13.835  26.765 0.0000000000
60106  -25.433  -20.646  39.564 0.0000000000
52270  -14.690  -28.715  45.812 0.0000000000
78656  -46.466  -1.728  13.342 0.0000000000
50272  -8.237  -31.391  57.006 0.0000000000
49376  -7.733  -31.743  55.989 0.0000000000
125606  -7.959  -30.956  57.537 0.0000000000
50256  -7.308  -30.927  57.728 0.0000000000
61207  -38.126  -19.695  36.295 0.0000000000
61214  -37.160  -19.619  35.148 0.0000000000
126393  -29.080  -23.914  41.910 0.0000000000
57133  -29.783  -24.020  42.122 0.0000000000
57116  -30.719  -23.959  43.107 0.0000000000
59016  -17.291  -20.892  44.256 0.0000000000
58049  -16.947  -21.846  45.476 0.0000000000
57075  -17.051  -23.249  44.884 0.0000000000
55239  -16.787  -24.796  44.839 0.0000000000
148521  -16.735  -25.363  44.396 0.0000000000
54274  -17.662  -26.751  43.313 0.0000000000
55254  -19.581  -25.740  42.984 0.0000000000
55247  -19.729  -25.991  43.707 0.0000000000
57204  -33.033  -23.748  37.372 0.0000000000
149463  -32.438  -23.743  37.030 0.0000000000
58163  -32.043  -22.729  36.309 0.0000000000
63044  -20.094  -17.231  41.566 0.0000000000
63059  -20.312  -17.565  40.545 0.0000000000
63060  -20.694  -16.736  41.086 0.0000000000
64123  -21.188  -16.276  40.485 0.0000000000
142199  -25.112  -15.688  39.335 0.0000000000
64140  -25.357  -16.198  38.847 0.0000000000
63085  -25.675  -17.131  38.319 0.0000000000
62134  -26.448  -18.650  38.277 0.0000000000
128084  -28.631  -20.241  41.088 0.0000000000
142980  -27.687  -22.580  39.088 0.0000000000
133257  -31.393  -24.236  38.535 0.0000000000
56221  -31.936  -24.308  38.997 0.0000000000
66323  -35.638  -14.776  24.203 0.0000000000
66340  -36.048  -14.209  24.063 0.0000000000
129708  -36.153  -13.514  23.677 0.0000000000
68168  -36.500  -12.709  23.424 0.0000000000
70860  -36.928  -9.850  22.378 0.0000000000
75770  -36.573  -4.075  21.798 0.0000000000
75779  -35.706  -4.687  21.424 0.0000000000
75780  -36.272  -4.139  21.334 0.0000000000
75793  -36.306  -4.659  20.620 0.0000000000
75797  -36.836  -5.093  19.967 0.0000000000
74836  -38.522  -4.988  19.007 0.0000000000
73852  -39.571  -6.498  19.708 0.0000000000
73841  -39.995  -6.937  20.070 0.0000000000
73842  -40.838  -6.906  20.046 0.0000000000
79569  -42.564  -0.761  14.627 0.0000000000
78647  -42.929  -1.721  14.537 0.0000000000
78653  -43.823  -1.070  13.780 0.0000000000
79571  -43.717  -0.102  14.052 0.0000000000
50347  -9.979  -30.100  50.031 0.0000000000
49432  -10.330  -31.675  51.096 0.0000000000
49391  -10.310  -32.001  55.331 0.0000000000
57219  -33.785  -22.873  35.908 0.0000000000
58179  -34.088  -22.084  34.904 0.0000000000
59152  -34.740  -21.692  34.349 0.0000000000
138439  -33.870  -20.381  32.803 0.0000000000
143374  -29.670  -18.535  29.786 0.0000000000
125303  -31.780  -17.966  31.517 0.0000000000
63192  -33.752  -17.788  31.272 0.0000000000
63204  -34.051  -17.959  30.082 0.0000000000
63229  -32.462  -17.651  27.175 0.0000000000
63231  -34.258  -17.824  27.390 0.0000000000
64272  -34.991  -17.563  26.991 0.0000000000
64281  -34.686  -17.043  26.318 0.0000000000
64289  -35.092  -16.634  25.660 0.0000000000
67248  -30.109  -12.706  25.155 0.0000000000
67265  -31.059  -13.252  24.464 0.0000000000
68149  -30.737  -12.191  24.379 0.0000000000
140940  -31.023  -11.521  23.971 0.0000000000
129297  -31.084  -10.746  23.861 0.0000000000
69897  -31.407  -9.921  23.826 0.0000000000
61177  -21.316  -19.092  39.373 0.0000000000
51285  -13.856  -29.730  47.731 0.0000000000
123319  -14.880  -30.879  49.875 0.0000000000
52304  -16.910  -28.725  44.629 0.0000000000
51318  -16.572  -29.387  45.206 0.0000000000
60147  -37.596  -20.862  36.710 0.0000000000
144543  -20.384  -25.299  44.614 0.0000000000
57077  -21.236  -23.715  44.980 0.0000000000
58060  -21.621  -23.018  44.398 0.0000000000
58070  -21.449  -23.161  43.114 0.0000000000
56189  -31.601  -24.363  41.097 0.0000000000
60034  -17.380  -19.934  43.993 0.0000000000
141799  -17.853  -20.049  43.135 0.0000000000
60051  -17.755  -20.772  43.448 0.0000000000
148577  -17.603  -21.442  43.735 0.0000000000
57109  -17.825  -24.082  42.699 0.0000000000
57126  -18.437  -24.508  42.109 0.0000000000
56182  -19.259  -24.775  41.987 0.0000000000
58152  -31.320  -23.046  37.698 0.0000000000
58126  -30.184  -22.665  39.128 0.0000000000
136118  -30.453  -22.881  38.720 0.0000000000
69028  -34.301  -12.031  23.066 0.0000000000
69910  -34.528  -10.496  22.626 0.0000000000
124295  -35.128  -9.800  22.468 0.0000000000
71851  -34.741  -9.074  22.431 0.0000000000
71863  -36.275  -8.340  21.700 0.0000000000
72873  -36.821  -7.808  21.270 0.0000000000
77664  -37.828  -3.083  19.783 0.0000000000
77670  -37.868  -3.153  19.203 0.0000000000
76759  -37.986  -3.659  18.882 0.0000000000
76760  -38.576  -3.358  18.344 0.0000000000
132650  -38.523  -3.958  18.590 0.0000000000
75807  -38.845  -4.481  18.677 0.0000000000
75808  -39.660  -4.540  18.430 0.0000000000
149150  -40.173  -4.782  18.561 0.0000000000
74838  -40.713  -4.968  18.767 0.0000000000
75810  -41.186  -4.491  18.327 0.0000000000
78639  -42.209  -1.500  14.984 0.0000000000
78638  -41.590  -1.527  15.345 0.0000000000
79565  -42.073  -0.624  14.977 0.0000000000
50327  -12.720  -31.603  52.136 0.0000000000
144438  -32.705  -21.328  34.557 0.0000000000
61219  -31.856  -20.058  33.678 0.0000000000
64243  -27.897  -16.118  30.470 0.0000000000
63209  -28.225  -17.231  29.798 0.0000000000
63212  -31.040  -18.734  28.952 0.0000000000
63220  -31.395  -18.517  28.234 0.0000000000
63228  -31.518  -17.914  27.595 0.0000000000
64279  -31.945  -16.641  26.639 0.0000000000
64286  -32.364  -16.061  26.059 0.0000000000
127037  -31.771  -15.427  25.539 0.0000000000
140588  -30.025  -13.447  25.592 0.0000000000
69017  -30.104  -11.225  25.333 0.0000000000
62122  -24.085  -18.874  40.112 0.0000000000
148736  -24.903  -19.710  41.012 0.0000000000
52239  -13.211  -28.351  47.671 0.0000000000
53181  -13.637  -27.623  47.485 0.0000000000
51297  -13.539  -29.179  47.429 0.0000000000
53194  -18.421  -28.481  47.129 0.0000000000
144181  -7.531  -31.871  53.302 0.0000000000
49410  -7.360  -31.312  52.751 0.0000000000
128877  -7.150  -31.944  53.888 0.0000000000
50301  -5.351  -30.539  54.104 0.0000000000
74794  -36.354  -4.507  22.412 0.0000000000
76726  -37.198  -3.837  21.536 0.0000000000
76735  -38.388  -3.233  21.037 0.0000000000
63130  -36.183  -16.895  35.185 0.0000000000
58111  -26.461  -22.675  40.319 0.0000000000
58101  -26.393  -22.704  41.491 0.0000000000
57112  -27.583  -23.608  42.762 0.0000000000
56149  -15.965  -24.520  46.557 0.0000000000
149145  -15.391  -25.670  46.184 0.0000000000
54247  -15.516  -26.851  44.970 0.0000000000
53247  -15.870  -27.501  44.514 0.0000000000
52303  -16.403  -28.186  44.407 0.0000000000
55257  -17.879  -25.631  42.787 0.0000000000
54280  -17.897  -26.237  43.000 0.0000000000
53270  -18.004  -27.212  43.459 0.0000000000
54263  -18.527  -27.073  43.575 0.0000000000
53225  -18.120  -27.968  44.589 0.0000000000
52291  -17.996  -28.423  45.246 0.0000000000
57213  -33.586  -23.150  36.343 0.0000000000
136341  -32.201  -22.116  35.850 0.0000000000
60145  -33.113  -20.443  37.242 0.0000000000
59141  -32.505  -21.820  35.124 0.0000000000
62172  -32.679  -18.882  36.916 0.0000000000
59082  -19.796  -21.112  40.399 0.0000000000
62119  -20.367  -18.912  39.704 0.0000000000
63070  -20.650  -18.042  39.554 0.0000000000
62129  -20.885  -18.751  39.336 0.0000000000
62130  -21.375  -18.233  39.037 0.0000000000
63083  -22.815  -17.410  38.577 0.0000000000
64098  -22.336  -15.321  41.880 0.0000000000
64124  -22.632  -15.740  39.623 0.0000000000
64125  -23.736  -15.261  39.713 0.0000000000
64137  -22.478  -16.505  38.793 0.0000000000
62144  -23.693  -17.773  38.456 0.0000000000
61189  -25.031  -18.941  38.565 0.0000000000
62146  -25.437  -18.579  38.156 0.0000000000
59084  -25.824  -21.323  39.207 0.0000000000
63074  -27.461  -17.226  40.243 0.0000000000
63087  -27.217  -17.647  39.630 0.0000000000
61182  -27.012  -19.967  38.810 0.0000000000
60134  -26.423  -20.380  38.649 0.0000000000
56200  -30.440  -24.422  40.207 0.0000000000
56202  -32.100  -24.247  40.438 0.0000000000
56203  -32.585  -24.014  39.713 0.0000000000
124460  -34.004  -23.587  39.490 0.0000000000
62076  -18.527  -17.671  43.024 0.0000000000
62090  -18.782  -18.133  42.252 0.0000000000
66325  -37.169  -14.549  24.654 0.0000000000
68177  -35.163  -12.085  22.905 0.0000000000
145865  -35.942  -12.259  22.964 0.0000000000
69029  -36.728  -11.903  23.205 0.0000000000
69041  -36.942  -11.169  22.933 0.0000000000
74809  -35.274  -5.382  21.402 0.0000000000
73826  -35.103  -6.148  21.412 0.0000000000
144994  -37.246  -7.463  20.850 0.0000000000
73849  -37.394  -5.542  19.702 0.0000000000
125047  -37.289  -6.908  20.432 0.0000000000
127862  -39.541  -8.382  21.438 0.0000000000
77748  -45.998  -2.422  13.706 0.0000000000
78654  -44.536  -1.603  13.640 0.0000000000
78655  -45.525  -1.646  13.393 0.0000000000
49422  -8.225  -31.801  52.267 0.0000000000
49424  -10.056  -31.970  51.953 0.0000000000
49411  -8.338  -32.330  53.242 0.0000000000
49390  -9.359  -32.003  55.599 0.0000000000
136673  -8.697  -31.879  56.358 0.0000000000
58143  -35.414  -22.852  38.348 0.0000000000
58165  -35.002  -22.282  36.378 0.0000000000
59136  -36.730  -21.305  36.308 0.0000000000
59143  -36.842  -20.928  35.367 0.0000000000
61220  -35.732  -19.396  33.987 0.0000000000
62179  -36.339  -18.794  34.864 0.0000000000
141785  -36.010  -17.778  34.960 0.0000000000
64183  -29.824  -17.115  34.788 0.0000000000
64182  -28.832  -16.615  34.606 0.0000000000
63135  -29.374  -17.590  34.075 0.0000000000
62209  -30.711  -18.951  32.619 0.0000000000
63166  -29.313  -18.319  32.542 0.0000000000
62211  -32.565  -18.277  32.523 0.0000000000
63150  -33.565  -17.741  32.925 0.0000000000
63137  -35.826  -17.168  34.448 0.0000000000
64224  -34.561  -17.255  32.624 0.0000000000
142700  -33.272  -18.371  29.243 0.0000000000
63214  -34.247  -18.019  29.050 0.0000000000
65394  -36.004  -15.429  24.738 0.0000000000
65381  -35.526  -16.031  25.170 0.0000000000
66338  -34.639  -14.062  23.779 0.0000000000
67266  -32.113  -13.517  24.116 0.0000000000
67267  -32.971  -13.875  23.929 0.0000000000
68165  -33.552  -12.600  23.408 0.0000000000
69898  -32.897  -10.877  22.860 0.0000000000
134248  -31.930  -9.672  23.376 0.0000000000
70856  -32.345  -9.040  23.118 0.0000000000
72858  -32.739  -7.708  23.377 0.0000000000
72847  -32.963  -7.151  23.652 0.0000000000
59083  -20.552  -21.506  40.402 0.0000000000
60088  -21.625  -21.144  40.968 0.0000000000
60069  -21.905  -20.801  42.350 0.0000000000
61153  -23.405  -19.531  41.689 0.0000000000
51256  -10.629  -29.588  49.633 0.0000000000
50349  -11.828  -30.714  49.515 0.0000000000
51269  -12.518  -29.738  48.437 0.0000000000
142081  -12.425  -31.054  50.153 0.0000000000
50352  -14.852  -31.019  50.773 0.0000000000
51309  -15.648  -29.699  45.819 0.0000000000
50387  -15.879  -30.627  47.214 0.0000000000
51301  -18.192  -30.061  47.511 0.0000000000
49451  -17.208  -31.379  48.210 0.0000000000
133945  -17.363  -31.812  49.028 0.0000000000
50242  -7.447  -30.966  58.452 0.0000000000
50255  -6.677  -30.952  58.113 0.0000000000
50241  -6.174  -31.517  58.382 0.0000000000
50254  -5.787  -30.926  57.731 0.0000000000
130350  -4.536  -30.709  56.134 0.0000000000
49366  -3.999  -31.099  57.244 0.0000000000
49375  -3.645  -31.290  56.578 0.0000000000
55245  -16.785  -25.949  44.034 0.0000000000
125586  -19.750  -26.112  44.526 0.0000000000
133346  -25.707  -20.089  38.671 0.0000000000
148408  -34.808  -12.417  23.149 0.0000000000
149202  -17.847  -31.497  48.463 0.0000000000
