#!ascii label  , from subject chris_t1_5 vox2ras=TkReg
363
72412  -25.029  -9.246  -34.098 0.0000000000
68691  -21.627  -12.459  -30.889 0.0000000000
67814  -27.028  -13.321  -31.486 0.0000000000
64939  -23.139  -17.210  -29.138 0.0000000000
147445  -25.678  4.394  -38.443 0.0000000000
81807  -27.182  1.033  -36.575 0.0000000000
76311  -22.156  -4.393  -34.781 0.0000000000
61874  -20.659  -19.777  -26.691 0.0000000000
65944  -22.808  -14.793  -30.197 0.0000000000
64937  -20.579  -15.911  -27.950 0.0000000000
82652  -26.382  2.597  -37.795 0.0000000000
134005  -24.099  -0.244  -36.918 0.0000000000
72409  -22.377  -8.561  -33.228 0.0000000000
128363  -20.531  -5.954  -32.455 0.0000000000
74383  -24.350  -6.861  -34.996 0.0000000000
76331  -26.246  -4.045  -36.226 0.0000000000
74384  -27.502  -6.507  -35.055 0.0000000000
72413  -27.394  -8.759  -33.827 0.0000000000
126945  -20.662  -10.321  -30.608 0.0000000000
71385  -23.882  -10.859  -32.724 0.0000000000
70459  -26.005  -10.912  -33.370 0.0000000000
146789  -24.190  -13.153  -31.870 0.0000000000
65947  -25.496  -15.677  -30.634 0.0000000000
64940  -25.517  -17.162  -28.901 0.0000000000
126772  -21.690  -2.228  -34.808 0.0000000000
128464  -25.157  -1.955  -36.586 0.0000000000
80038  -27.871  -0.829  -34.680 0.0000000000
63881  -20.427  -17.367  -27.221 0.0000000000
62892  -22.274  -18.600  -28.201 0.0000000000
66884  -20.837  -14.795  -28.680 0.0000000000
142120  -19.690  -15.011  -27.223 0.0000000000
81803  -24.165  0.942  -36.449 0.0000000000
144519  -22.391  0.115  -35.760 0.0000000000
72411  -24.054  -8.971  -33.868 0.0000000000
74369  -22.921  -7.267  -34.023 0.0000000000
73427  -24.899  -7.768  -34.928 0.0000000000
74396  -25.905  -6.500  -35.937 0.0000000000
73429  -26.457  -7.776  -35.361 0.0000000000
143074  -27.319  -7.545  -35.039 0.0000000000
72430  -26.802  -8.731  -34.315 0.0000000000
69540  -21.182  -11.864  -30.795 0.0000000000
137224  -22.055  -10.996  -31.943 0.0000000000
69556  -22.540  -11.753  -31.816 0.0000000000
69558  -24.039  -12.192  -32.299 0.0000000000
67810  -23.043  -13.110  -31.427 0.0000000000
123744  -23.121  -15.674  -29.828 0.0000000000
65945  -23.592  -15.221  -30.314 0.0000000000
65929  -23.984  -15.926  -30.190 0.0000000000
65930  -25.313  -16.389  -30.022 0.0000000000
63912  -24.106  -17.213  -29.372 0.0000000000
84331  -25.143  3.899  -37.291 0.0000000000
85229  -24.847  4.724  -36.837 0.0000000000
84360  -25.307  4.765  -38.473 0.0000000000
85268  -24.799  5.920  -39.518 0.0000000000
85248  -26.146  4.926  -38.693 0.0000000000
82644  -26.977  2.321  -37.324 0.0000000000
75329  -21.399  -5.118  -33.784 0.0000000000
77285  -20.642  -3.746  -33.472 0.0000000000
78232  -22.096  -2.974  -34.960 0.0000000000
79151  -23.001  -2.362  -35.842 0.0000000000
78244  -23.451  -2.933  -36.049 0.0000000000
76324  -27.914  -3.836  -35.169 0.0000000000
78246  -27.174  -2.183  -35.448 0.0000000000
79141  -27.809  -1.787  -34.562 0.0000000000
69559  -26.708  -12.008  -32.446 0.0000000000
69576  -27.067  -11.231  -32.752 0.0000000000
61858  -20.034  -19.761  -26.440 0.0000000000
62864  -20.259  -18.281  -26.820 0.0000000000
62878  -20.855  -18.389  -27.430 0.0000000000
61875  -21.473  -19.571  -26.887 0.0000000000
68676  -21.301  -12.963  -30.112 0.0000000000
67795  -22.527  -13.503  -30.832 0.0000000000
66899  -21.090  -14.316  -29.422 0.0000000000
65910  -21.382  -15.537  -28.948 0.0000000000
64956  -21.908  -16.158  -29.055 0.0000000000
83443  -25.514  3.100  -37.804 0.0000000000
83450  -25.916  3.189  -38.161 0.0000000000
82651  -25.843  2.483  -37.710 0.0000000000
82643  -26.320  1.793  -37.362 0.0000000000
81806  -26.569  0.941  -36.822 0.0000000000
72391  -20.668  -8.000  -32.022 0.0000000000
73400  -21.130  -7.379  -32.656 0.0000000000
74368  -22.420  -6.561  -33.901 0.0000000000
75342  -23.461  -5.122  -35.275 0.0000000000
76321  -24.485  -4.520  -36.254 0.0000000000
127333  -25.615  -5.762  -36.187 0.0000000000
75356  -26.686  -5.509  -36.000 0.0000000000
76313  -28.250  -4.223  -34.583 0.0000000000
74385  -28.077  -5.993  -34.416 0.0000000000
60833  -21.417  -20.580  -25.494 0.0000000000
61860  -21.966  -19.852  -25.886 0.0000000000
72381  -21.142  -9.321  -31.736 0.0000000000
71402  -22.582  -9.413  -33.017 0.0000000000
71386  -24.370  -10.349  -33.228 0.0000000000
70473  -25.871  -10.355  -33.671 0.0000000000
127209  -24.637  -11.122  -32.830 0.0000000000
68718  -25.237  -12.192  -32.475 0.0000000000
123728  -25.675  -13.507  -31.855 0.0000000000
67796  -23.692  -13.896  -31.183 0.0000000000
66918  -24.415  -14.375  -31.189 0.0000000000
66919  -25.980  -14.309  -31.376 0.0000000000
65948  -26.353  -15.445  -30.481 0.0000000000
64961  -26.376  -16.296  -29.385 0.0000000000
145753  -27.123  5.247  -37.376 0.0000000000
79160  -23.302  -0.927  -36.182 0.0000000000
132441  -24.764  -0.873  -36.792 0.0000000000
80063  -26.507  -0.598  -36.413 0.0000000000
77317  -26.004  -3.065  -36.194 0.0000000000
79153  -27.099  -1.312  -35.700 0.0000000000
80930  -27.553  0.478  -35.896 0.0000000000
70475  -26.857  -10.193  -33.613 0.0000000000
71388  -27.930  -9.777  -32.956 0.0000000000
64916  -19.708  -15.571  -26.877 0.0000000000
63880  -20.241  -16.270  -27.346 0.0000000000
142473  -21.491  -17.238  -28.424 0.0000000000
63900  -22.704  -18.004  -28.766 0.0000000000
61876  -22.218  -19.396  -26.626 0.0000000000
62881  -23.051  -18.754  -27.649 0.0000000000
63883  -23.638  -18.392  -28.157 0.0000000000
80047  -21.929  0.070  -35.256 0.0000000000
72427  -24.501  -8.376  -34.366 0.0000000000
72428  -25.351  -8.501  -34.603 0.0000000000
73428  -25.713  -7.873  -35.198 0.0000000000
72429  -26.198  -8.509  -34.698 0.0000000000
146262  -25.747  -9.062  -34.246 0.0000000000
68690  -20.973  -12.305  -30.269 0.0000000000
69555  -21.677  -11.653  -31.383 0.0000000000
68702  -22.185  -12.259  -31.427 0.0000000000
68703  -22.864  -12.471  -31.663 0.0000000000
130005  -22.360  -12.842  -31.177 0.0000000000
64957  -22.654  -16.353  -29.340 0.0000000000
64958  -23.591  -16.521  -29.634 0.0000000000
85230  -25.172  4.437  -37.795 0.0000000000
85262  -25.167  5.351  -39.136 0.0000000000
86211  -26.206  5.711  -39.008 0.0000000000
136422  -27.312  1.869  -36.598 0.0000000000
130345  -27.457  2.892  -36.365 0.0000000000
82626  -27.697  2.225  -35.600 0.0000000000
76304  -21.537  -4.371  -34.235 0.0000000000
76303  -20.978  -4.341  -33.653 0.0000000000
77286  -21.190  -3.676  -33.975 0.0000000000
77298  -21.771  -3.691  -34.615 0.0000000000
78243  -22.754  -3.000  -35.526 0.0000000000
77304  -23.198  -3.706  -35.711 0.0000000000
77300  -28.219  -3.385  -34.669 0.0000000000
78234  -28.040  -2.599  -34.653 0.0000000000
68707  -26.360  -12.900  -32.123 0.0000000000
68708  -27.176  -12.506  -31.784 0.0000000000
61859  -20.341  -20.351  -26.332 0.0000000000
61873  -20.141  -19.102  -26.580 0.0000000000
62865  -20.786  -19.138  -27.159 0.0000000000
67778  -20.712  -13.563  -29.387 0.0000000000
67779  -21.635  -13.757  -30.141 0.0000000000
131971  -20.529  -14.161  -28.871 0.0000000000
65909  -20.864  -15.504  -28.400 0.0000000000
64938  -21.287  -16.338  -28.547 0.0000000000
83441  -24.427  2.586  -36.316 0.0000000000
82642  -25.250  2.438  -37.134 0.0000000000
82641  -24.730  1.707  -36.535 0.0000000000
80939  -23.786  0.244  -36.679 0.0000000000
81804  -25.097  0.882  -36.572 0.0000000000
80940  -24.483  0.179  -36.829 0.0000000000
81805  -25.928  0.885  -36.748 0.0000000000
80941  -25.284  0.132  -36.829 0.0000000000
135969  -21.359  -8.166  -32.545 0.0000000000
73401  -21.841  -7.976  -33.066 0.0000000000
146154  -23.573  -7.166  -34.461 0.0000000000
149085  -23.040  -6.696  -34.314 0.0000000000
74381  -22.839  -6.016  -34.416 0.0000000000
74394  -23.960  -5.903  -35.244 0.0000000000
75353  -24.275  -5.205  -35.762 0.0000000000
74395  -24.924  -6.100  -35.749 0.0000000000
73441  -26.508  -7.062  -35.709 0.0000000000
74397  -26.587  -6.317  -35.932 0.0000000000
74398  -27.173  -6.033  -35.664 0.0000000000
75357  -27.266  -5.149  -35.594 0.0000000000
75343  -27.689  -5.583  -35.104 0.0000000000
75344  -28.207  -5.097  -34.505 0.0000000000
73415  -27.636  -7.855  -34.145 0.0000000000
73416  -28.153  -7.259  -33.466 0.0000000000
72414  -27.962  -8.136  -33.272 0.0000000000
59806  -20.932  -21.363  -25.086 0.0000000000
71359  -20.371  -9.506  -30.422 0.0000000000
72380  -20.579  -9.030  -31.074 0.0000000000
71367  -20.858  -9.828  -31.199 0.0000000000
69572  -23.025  -11.120  -32.400 0.0000000000
70457  -22.278  -10.300  -32.535 0.0000000000
129604  -23.278  -10.300  -32.927 0.0000000000
71403  -23.640  -9.597  -33.396 0.0000000000
68704  -23.670  -12.731  -31.900 0.0000000000
69574  -24.668  -11.849  -32.514 0.0000000000
68705  -24.584  -12.637  -32.219 0.0000000000
68706  -25.445  -12.823  -32.273 0.0000000000
142606  -24.858  -13.314  -31.943 0.0000000000
66901  -22.344  -14.159  -30.404 0.0000000000
66916  -23.011  -14.074  -30.823 0.0000000000
65946  -24.466  -15.268  -30.697 0.0000000000
126458  -25.262  -14.876  -31.213 0.0000000000
66928  -25.069  -14.029  -31.595 0.0000000000
140384  -25.938  -15.097  -31.047 0.0000000000
64959  -25.000  -16.958  -29.458 0.0000000000
64960  -25.796  -16.658  -29.478 0.0000000000
64941  -26.326  -16.725  -28.752 0.0000000000
83451  -26.337  3.349  -38.096 0.0000000000
85249  -26.687  4.570  -38.082 0.0000000000
84346  -26.713  3.868  -37.998 0.0000000000
74340  -20.088  -6.457  -31.788 0.0000000000
78218  -20.387  -2.016  -33.465 0.0000000000
79139  -21.293  -1.439  -34.652 0.0000000000
136690  -21.514  -0.748  -35.159 0.0000000000
79150  -21.901  -1.531  -35.376 0.0000000000
79161  -23.705  -1.943  -36.399 0.0000000000
79162  -24.592  -1.506  -36.681 0.0000000000
80062  -25.892  -0.702  -36.599 0.0000000000
79163  -25.394  -1.242  -36.627 0.0000000000
76330  -25.220  -4.549  -36.447 0.0000000000
77316  -25.457  -3.751  -36.481 0.0000000000
149293  -26.552  -3.300  -35.868 0.0000000000
79140  -27.488  -1.525  -35.196 0.0000000000
80037  -27.493  -0.797  -35.532 0.0000000000
80049  -27.073  -0.668  -36.036 0.0000000000
130233  -27.872  -0.106  -35.340 0.0000000000
80917  -28.231  0.135  -34.468 0.0000000000
71405  -26.342  -9.983  -33.850 0.0000000000
70460  -26.657  -10.782  -33.290 0.0000000000
70461  -27.441  -10.428  -33.063 0.0000000000
137597  -19.806  -17.372  -26.311 0.0000000000
129548  -19.818  -16.429  -26.588 0.0000000000
133224  -21.328  -17.939  -27.960 0.0000000000
63882  -21.966  -17.907  -28.604 0.0000000000
62893  -23.065  -18.436  -28.410 0.0000000000
133973  -20.194  -14.276  -28.127 0.0000000000
65895  -20.285  -15.012  -27.845 0.0000000000
81802  -23.215  0.902  -36.076 0.0000000000
80938  -23.186  0.223  -36.412 0.0000000000
72410  -23.102  -8.759  -33.564 0.0000000000
73413  -22.548  -7.865  -33.628 0.0000000000
73414  -23.527  -8.032  -34.099 0.0000000000
73426  -24.176  -7.640  -34.549 0.0000000000
73439  -25.319  -7.057  -35.400 0.0000000000
73440  -26.014  -7.280  -35.587 0.0000000000
144185  -26.921  -7.555  -35.482 0.0000000000
134501  -26.912  -8.175  -35.099 0.0000000000
124316  -27.220  -8.249  -34.577 0.0000000000
69539  -20.723  -11.635  -30.242 0.0000000000
70431  -21.058  -11.106  -30.846 0.0000000000
70441  -21.113  -10.477  -31.230 0.0000000000
70442  -21.465  -10.898  -31.495 0.0000000000
69573  -23.944  -11.526  -32.486 0.0000000000
69557  -23.346  -12.004  -32.139 0.0000000000
67811  -23.658  -13.355  -31.556 0.0000000000
149077  -24.755  -16.002  -30.333 0.0000000000
134469  -24.466  -16.529  -29.857 0.0000000000
63902  -24.661  -17.493  -28.867 0.0000000000
83434  -24.134  3.536  -35.732 0.0000000000
85261  -24.746  5.521  -38.879 0.0000000000
137910  -26.228  6.454  -39.120 0.0000000000
83452  -26.985  3.264  -37.462 0.0000000000
83444  -27.542  3.725  -36.635 0.0000000000
77270  -20.127  -3.424  -32.842 0.0000000000
125479  -20.713  -2.949  -33.602 0.0000000000
78242  -22.341  -2.297  -35.424 0.0000000000
78254  -24.583  -2.361  -36.556 0.0000000000
77306  -26.871  -3.817  -35.671 0.0000000000
127551  -27.130  -3.049  -35.582 0.0000000000
78247  -27.789  -2.975  -35.231 0.0000000000
78233  -27.654  -2.222  -35.048 0.0000000000
69575  -26.303  -11.428  -32.932 0.0000000000
69560  -27.431  -11.679  -32.019 0.0000000000
62863  -19.671  -18.282  -26.084 0.0000000000
62879  -21.524  -18.899  -27.571 0.0000000000
68675  -20.583  -12.681  -29.547 0.0000000000
67794  -21.908  -13.111  -30.649 0.0000000000
66900  -21.864  -14.574  -29.865 0.0000000000
66885  -21.417  -14.934  -29.317 0.0000000000
65928  -22.128  -15.436  -29.531 0.0000000000
63899  -22.155  -17.057  -28.866 0.0000000000
130672  -23.115  3.239  -35.130 0.0000000000
83442  -24.964  3.287  -36.744 0.0000000000
84345  -26.103  4.070  -38.408 0.0000000000
131694  -25.594  1.688  -37.054 0.0000000000
147309  -26.671  2.077  -37.551 0.0000000000
128901  -26.886  1.653  -37.206 0.0000000000
74356  -21.131  -6.461  -32.934 0.0000000000
73412  -21.848  -7.090  -33.386 0.0000000000
74367  -21.629  -6.079  -33.559 0.0000000000
75330  -22.100  -5.652  -34.161 0.0000000000
75340  -21.892  -4.962  -34.419 0.0000000000
76319  -22.897  -4.422  -35.287 0.0000000000
76320  -23.699  -4.446  -35.828 0.0000000000
75354  -25.056  -5.228  -36.183 0.0000000000
75366  -25.731  -5.162  -36.400 0.0000000000
75355  -26.156  -5.753  -36.284 0.0000000000
76322  -26.757  -4.647  -35.898 0.0000000000
76323  -27.342  -4.287  -35.462 0.0000000000
76305  -28.501  -4.589  -33.769 0.0000000000
74370  -27.817  -6.919  -34.291 0.0000000000
67797  -26.865  -14.069  -31.156 0.0000000000
60832  -20.646  -20.841  -25.879 0.0000000000
60844  -21.109  -20.256  -26.299 0.0000000000
148771  -20.812  -8.662  -31.632 0.0000000000
72392  -21.297  -8.723  -32.174 0.0000000000
71368  -21.440  -10.235  -31.914 0.0000000000
71384  -21.718  -9.497  -32.440 0.0000000000
71404  -24.483  -9.669  -33.658 0.0000000000
71410  -25.782  -9.736  -33.977 0.0000000000
70472  -25.195  -10.051  -33.675 0.0000000000
70458  -25.306  -10.736  -33.316 0.0000000000
132347  -25.462  -11.480  -32.868 0.0000000000
68719  -25.933  -12.162  -32.584 0.0000000000
67813  -26.397  -13.624  -31.601 0.0000000000
126944  -23.177  -13.580  -31.208 0.0000000000
66917  -23.665  -14.571  -30.707 0.0000000000
67812  -24.301  -13.674  -31.579 0.0000000000
66920  -26.569  -14.742  -30.822 0.0000000000
65931  -26.131  -16.159  -30.071 0.0000000000
135363  -26.593  5.418  -38.175 0.0000000000
84332  -27.317  4.309  -37.272 0.0000000000
80048  -22.370  -0.696  -35.687 0.0000000000
80059  -23.568  -0.281  -36.616 0.0000000000
143581  -22.760  -1.640  -35.835 0.0000000000
129725  -24.083  -0.853  -36.811 0.0000000000
80060  -24.634  -0.367  -36.863 0.0000000000
80061  -25.322  -0.500  -36.757 0.0000000000
80942  -26.106  0.011  -36.800 0.0000000000
80943  -26.941  0.118  -36.409 0.0000000000
77305  -23.988  -3.709  -36.330 0.0000000000
77315  -24.676  -3.243  -36.480 0.0000000000
78255  -25.316  -2.729  -36.460 0.0000000000
78245  -26.573  -2.546  -35.849 0.0000000000
79152  -26.628  -1.710  -35.927 0.0000000000
79164  -26.205  -1.226  -36.362 0.0000000000
79165  -26.745  -1.094  -36.103 0.0000000000
138021  -27.446  -0.221  -35.893 0.0000000000
81780  -27.896  1.688  -35.062 0.0000000000
71406  -26.857  -9.486  -33.892 0.0000000000
71387  -27.420  -9.678  -33.476 0.0000000000
72394  -27.939  -9.031  -33.101 0.0000000000
64917  -20.088  -15.527  -27.444 0.0000000000
64918  -20.796  -16.879  -28.008 0.0000000000
62880  -22.191  -19.083  -27.386 0.0000000000
63901  -23.679  -17.952  -28.792 0.0000000000
70474  -26.341  -10.455  -33.581 0.0000000000
71411  -26.289  -9.272  -34.107 0.0000000000
72393  -21.868  -8.726  -32.754 0.0000000000
73442  -27.031  -6.889  -35.578 0.0000000000
74355  -20.658  -6.698  -32.409 0.0000000000
74382  -23.514  -6.387  -34.696 0.0000000000
75341  -22.663  -5.156  -34.711 0.0000000000
75367  -26.244  -4.979  -36.323 0.0000000000
76312  -27.834  -4.692  -35.136 0.0000000000
77299  -22.442  -3.712  -35.186 0.0000000000
77307  -27.454  -3.576  -35.421 0.0000000000
77314  -24.060  -2.851  -36.406 0.0000000000
78231  -21.399  -2.957  -34.361 0.0000000000
78256  -25.910  -2.055  -36.311 0.0000000000
80058  -22.849  -0.162  -36.256 0.0000000000
81793  -27.601  1.355  -35.806 0.0000000000
84344  -25.604  3.949  -38.155 0.0000000000
124270  -23.308  -5.689  -34.819 0.0000000000
135966  -24.740  -3.987  -36.513 0.0000000000
144692  -25.812  -4.530  -36.447 0.0000000000
147466  -22.454  -7.186  -33.700 0.0000000000
