#!ascii label  , from subject chris_t1_5 vox2ras=TkReg
1616
5482  -25.385  -84.529  -29.489 0.5000000000
4929  -24.350  -85.047  -29.878 0.6000000238
6035  -32.473  -84.060  -22.214 0.3000000119
138845  -23.582  -85.221  -29.311 0.5000000000
6748  -29.927  -82.073  -23.925 0.4000000060
6728  -30.982  -82.382  -23.694 0.4000000060
6729  -32.357  -82.787  -23.345 0.4000000060
6749  -30.450  -82.021  -24.619 0.4000000060
6108  -25.073  -83.115  -32.873 0.5000000000
5503  -25.278  -84.297  -31.470 0.5000000000
5487  -24.980  -84.813  -30.225 0.5000000000
6106  -23.714  -83.287  -32.595 0.6000000238
5508  -24.169  -83.955  -32.248 0.5000000000
4939  -24.389  -84.965  -30.718 0.6000000238
5428  -33.336  -84.865  -21.084 0.3000000119
4937  -22.979  -84.919  -31.206 0.5000000000
7488  -28.714  -81.586  -26.390 0.5000000000
6747  -28.102  -81.918  -24.980 0.5000000000
5442  -33.294  -84.659  -21.618 0.3000000119
5501  -23.245  -84.418  -31.931 0.6000000238
134908  -23.219  -85.155  -30.744 0.5000000000
7489  -29.677  -81.731  -26.323 0.5000000000
7469  -29.492  -81.789  -24.547 0.4000000060
6036  -33.226  -83.572  -22.660 0.3000000119
6019  -33.471  -84.334  -22.072 0.3000000119
6780  -30.314  -82.273  -27.180 0.4000000060
6765  -31.029  -82.223  -25.517 0.4000000060
6750  -32.039  -82.351  -24.551 0.4000000060
7490  -30.687  -82.266  -26.335 0.4000000060
7524  -26.074  -81.091  -32.838 0.6999999881
7529  -26.091  -81.238  -32.891 0.6999999881
6859  -25.855  -81.851  -33.148 0.6999999881
5483  -26.030  -84.176  -29.515 0.5000000000
137144  -26.172  -80.475  -30.732 0.6999999881
7516  -25.806  -81.432  -30.981 0.6999999881
7528  -24.845  -81.976  -33.194 0.8000000119
139640  -24.772  -82.519  -33.116 0.5000000000
6848  -23.675  -82.504  -32.336 0.6999999881
6798  -26.587  -83.122  -28.102 0.5000000000
6825  -24.997  -82.256  -30.654 0.6999999881
6799  -27.167  -82.522  -27.651 0.4000000060
141715  -27.658  -82.052  -27.213 0.5000000000
5412  -34.336  -84.400  -20.601 0.3000000119
6837  -23.210  -82.484  -31.603 0.6000000238
130984  -27.853  -82.102  -28.018 0.5000000000
7503  -29.319  -81.781  -27.244 0.5000000000
5430  -34.801  -84.340  -21.001 0.3000000119
6847  -22.708  -82.663  -32.091 0.5000000000
6800  -28.868  -82.108  -28.187 0.5000000000
138780  -30.460  -82.951  -28.698 0.4000000060
6802  -30.913  -82.935  -27.977 0.4000000060
141822  -31.938  -82.453  -25.530 0.4000000060
6751  -32.912  -82.366  -24.414 0.4000000060
124429  -33.293  -82.705  -23.424 0.4000000060
6803  -31.823  -83.366  -27.945 0.3000000119
6781  -31.355  -82.790  -27.194 0.4000000060
8831  -24.123  -79.163  -28.277 0.5000000000
138520  -25.058  -79.708  -28.622 0.6000000238
8859  -25.196  -78.718  -29.749 0.6000000238
8160  -26.160  -79.494  -31.479 0.6000000238
7521  -26.136  -80.679  -31.883 0.6000000238
139173  -23.119  -78.882  -26.638 0.5000000000
8830  -23.673  -78.993  -27.747 0.5000000000
8128  -23.894  -79.538  -27.404 0.6000000238
8142  -25.296  -79.397  -29.524 0.6000000238
7512  -25.952  -80.287  -29.914 0.6999999881
6103  -26.255  -83.481  -31.656 0.6000000238
8065  -31.082  -80.668  -21.390 0.3000000119
8099  -22.756  -79.746  -24.416 0.6999999881
8108  -23.441  -80.172  -25.713 0.6000000238
8109  -24.735  -80.659  -25.925 0.6000000238
8129  -24.859  -79.954  -27.795 0.6000000238
136546  -25.471  -80.624  -27.754 0.6999999881
130404  -25.665  -81.742  -29.720 0.6999999881
6104  -26.983  -83.201  -31.282 0.6000000238
6098  -26.539  -83.871  -30.806 0.6000000238
6084  -26.562  -83.537  -29.093 0.5000000000
8803  -22.513  -79.156  -24.694 0.6999999881
8100  -23.506  -80.308  -24.793 0.6000000238
8101  -24.656  -80.784  -25.007 0.6000000238
8116  -24.978  -80.434  -26.895 0.6000000238
124494  -25.551  -81.589  -27.861 0.6999999881
6813  -24.510  -82.586  -28.762 0.6999999881
6815  -27.311  -82.835  -28.739 0.5000000000
6675  -33.710  -83.402  -20.468 0.3000000119
8781  -22.517  -79.338  -23.431 0.6999999881
8089  -22.973  -79.821  -23.536 0.6000000238
8090  -24.038  -80.520  -23.653 0.6999999881
6777  -25.309  -81.900  -26.265 0.6000000238
6776  -24.666  -82.619  -26.409 0.6000000238
126317  -23.977  -82.474  -30.909 0.6999999881
6093  -28.108  -83.026  -30.073 0.5000000000
6827  -29.088  -82.793  -29.866 0.5000000000
7466  -24.728  -81.000  -24.181 0.6000000238
6762  -24.880  -82.534  -25.075 0.6000000238
6796  -24.341  -82.680  -27.778 0.6000000238
124408  -22.762  -82.843  -29.294 0.6000000238
6823  -22.047  -82.509  -30.174 0.6000000238
6840  -28.541  -82.687  -30.540 0.5000000000
126228  -34.666  -84.170  -21.590 0.3000000119
7427  -24.243  -81.286  -22.003 0.6999999881
7442  -24.551  -81.325  -22.800 0.6000000238
6745  -25.231  -82.067  -24.587 0.6000000238
6054  -24.271  -83.089  -25.687 0.6000000238
6064  -23.862  -83.150  -26.567 0.5000000000
6063  -23.022  -83.382  -26.694 0.5000000000
6812  -21.842  -82.682  -29.103 0.5000000000
6836  -22.156  -82.481  -31.337 0.5000000000
142686  -30.243  -82.921  -29.970 0.5000000000
144145  -32.589  -83.299  -28.445 0.3000000119
6077  -32.535  -83.389  -27.948 0.3000000119
6782  -32.407  -83.188  -27.215 0.3000000119
6767  -33.468  -82.791  -26.220 0.4000000060
130815  -33.385  -82.396  -25.241 0.4000000060
6822  -21.181  -82.476  -29.910 0.5000000000
6088  -32.325  -83.231  -29.079 0.3000000119
6087  -32.091  -83.426  -28.571 0.3000000119
6766  -32.674  -82.813  -26.366 0.4000000060
9550  -24.821  -78.204  -26.842 0.5000000000
9549  -24.195  -78.253  -27.529 0.5000000000
10276  -24.963  -77.754  -27.791 0.5000000000
10287  -24.978  -77.692  -28.513 0.5000000000
144540  -24.986  -78.727  -24.060 0.5000000000
9524  -24.376  -78.615  -25.117 0.5000000000
9536  -23.050  -78.772  -26.113 0.5000000000
9564  -23.914  -78.508  -27.916 0.5000000000
9582  -24.828  -78.106  -29.153 0.5000000000
9607  -26.590  -78.720  -31.426 0.6000000238
8875  -26.454  -79.301  -32.063 0.6000000238
141584  -22.687  -78.759  -24.655 0.5000000000
8879  -26.748  -79.697  -32.666 0.6000000238
6860  -26.632  -81.239  -32.886 0.8000000119
8758  -31.311  -79.468  -20.777 0.3000000119
9511  -22.763  -78.361  -23.829 0.6000000238
8802  -22.444  -78.814  -24.136 0.6000000238
131481  -22.699  -78.964  -25.418 0.6000000238
8881  -27.857  -79.801  -32.809 0.4000000060
8767  -31.510  -79.932  -21.374 0.3000000119
8780  -22.342  -78.824  -23.664 0.6999999881
7525  -28.486  -81.462  -32.296 0.5000000000
6850  -26.669  -82.365  -32.291 0.6000000238
136477  -33.197  -81.954  -21.521 0.3000000119
6694  -34.059  -82.792  -20.892 0.3000000119
8764  -22.006  -78.561  -22.137 0.6999999881
7526  -29.661  -81.556  -32.025 0.4000000060
6695  -35.110  -83.001  -20.778 0.3000000119
8765  -22.420  -79.116  -22.684 0.6000000238
8064  -23.917  -80.435  -21.830 0.6999999881
6852  -29.086  -82.186  -31.384 0.4000000060
6712  -34.620  -83.481  -22.398 0.3000000119
8754  -22.226  -79.160  -20.828 0.6000000238
142954  -23.267  -80.321  -20.513 0.6999999881
6723  -24.128  -82.589  -22.907 0.6000000238
6045  -23.594  -83.327  -24.272 0.5000000000
6053  -23.383  -83.446  -25.195 0.5000000000
6082  -22.523  -82.935  -28.383 0.6000000238
6853  -30.191  -82.204  -31.346 0.4000000060
140201  -30.648  -82.626  -30.637 0.4000000060
7519  -32.798  -81.990  -29.667 0.3000000119
6831  -32.581  -82.632  -29.433 0.3000000119
6818  -33.318  -82.807  -28.316 0.3000000119
6805  -33.404  -83.060  -27.659 0.3000000119
6783  -33.204  -83.163  -26.919 0.4000000060
6730  -33.964  -82.704  -23.204 0.3000000119
6708  -23.679  -82.454  -22.208 0.6000000238
6030  -22.948  -83.300  -23.661 0.5000000000
6044  -22.715  -83.422  -24.526 0.5000000000
6052  -22.733  -83.483  -25.922 0.5000000000
6072  -21.508  -83.003  -27.334 0.5000000000
127338  -21.000  -82.640  -27.895 0.6000000238
146761  -20.330  -82.492  -28.742 0.5000000000
6842  -31.332  -82.530  -30.595 0.3000000119
6844  -32.300  -82.225  -30.116 0.3000000119
6015  -23.308  -82.972  -22.862 0.5000000000
6043  -21.860  -83.306  -24.914 0.5000000000
6061  -21.079  -83.045  -26.456 0.5000000000
6760  -20.137  -82.616  -25.087 0.5000000000
131756  -26.207  -78.758  -23.983 0.5000000000
9525  -25.701  -78.690  -24.887 0.5000000000
9551  -25.809  -77.655  -27.131 0.5000000000
138949  -26.401  -77.652  -27.023 0.5000000000
9566  -25.737  -77.651  -27.952 0.5000000000
9583  -25.427  -77.757  -28.972 0.5000000000
126638  -24.216  -78.469  -23.159 0.5000000000
9538  -25.218  -78.515  -25.828 0.5000000000
8860  -27.162  -78.772  -29.555 0.4000000060
130238  -23.492  -78.488  -24.413 0.5000000000
139403  -27.304  -78.896  -30.485 0.4000000060
9446  -31.432  -78.673  -19.577 0.3000000119
9447  -32.249  -78.614  -19.535 0.3000000119
9495  -23.285  -77.900  -22.807 0.6000000238
135820  -27.254  -78.911  -31.828 0.4000000060
8877  -28.157  -79.499  -32.156 0.4000000060
9494  -22.378  -78.047  -23.213 0.6000000238
9493  -22.225  -78.217  -23.133 0.6000000238
8768  -32.296  -79.863  -21.711 0.3000000119
8067  -32.559  -80.561  -21.995 0.3000000119
141430  -21.772  -77.851  -22.514 0.6000000238
8170  -29.030  -80.631  -32.630 0.4000000060
9473  -21.334  -77.695  -21.971 0.6000000238
8166  -30.291  -80.914  -31.890 0.4000000060
7527  -30.496  -81.539  -31.605 0.4000000060
6677  -35.395  -83.734  -20.880 0.3000000119
9461  -21.584  -78.616  -21.569 0.6999999881
6854  -31.356  -81.837  -31.083 0.3000000119
7518  -32.324  -81.750  -30.035 0.3000000119
9539  -26.269  -78.286  -25.629 0.5000000000
124623  -25.849  -78.091  -26.382 0.5000000000
9540  -26.802  -77.657  -26.258 0.5000000000
9567  -26.944  -78.075  -27.507 0.4000000060
143979  -26.707  -78.416  -28.990 0.4000000060
9497  -26.250  -78.407  -22.342 0.6000000238
8849  -28.247  -79.405  -28.971 0.4000000060
8861  -28.097  -79.456  -30.021 0.4000000060
9462  -32.611  -78.645  -20.897 0.3000000119
131781  -32.515  -78.617  -20.169 0.3000000119
10204  -22.087  -77.366  -22.550 0.6000000238
8870  -28.814  -79.755  -31.602 0.4000000060
8878  -28.995  -79.867  -32.035 0.4000000060
8154  -29.927  -80.510  -30.396 0.4000000060
8155  -30.987  -80.842  -30.278 0.4000000060
8163  -31.288  -81.305  -30.780 0.3000000119
8156  -31.805  -81.245  -29.996 0.3000000119
9472  -21.200  -78.769  -21.251 0.6000000238
9526  -26.703  -78.451  -24.820 0.5000000000
140726  -27.480  -77.506  -25.592 0.5000000000
134906  -27.660  -77.485  -25.816 0.4000000060
9552  -27.171  -77.716  -26.514 0.4000000060
9513  -26.709  -78.600  -23.162 0.5000000000
9515  -28.256  -77.786  -23.552 0.5000000000
9568  -27.742  -78.290  -26.857 0.4000000060
9496  -25.262  -78.357  -22.271 0.6000000238
9477  -26.757  -77.906  -21.767 0.6000000238
9498  -27.184  -78.282  -22.495 0.6000000238
8833  -28.035  -78.810  -27.469 0.4000000060
128163  -24.399  -78.100  -22.179 0.6000000238
9475  -25.132  -77.895  -21.782 0.6000000238
8850  -29.327  -79.767  -28.429 0.4000000060
134364  -29.078  -80.056  -29.570 0.4000000060
10223  -22.866  -77.416  -22.480 0.6000000238
8143  -30.208  -80.504  -29.210 0.4000000060
8144  -30.973  -80.535  -28.538 0.4000000060
7443  -33.379  -81.085  -22.049 0.3000000119
8783  -33.624  -79.493  -22.160 0.3000000119
10910  -22.765  -76.489  -22.284 0.6000000238
128406  -31.216  -80.791  -29.412 0.4000000060
7433  -36.233  -82.673  -21.427 0.3000000119
7444  -34.562  -81.290  -21.781 0.3000000119
124875  -21.637  -76.564  -22.208 0.6000000238
10202  -20.408  -78.309  -21.647 0.6000000238
11609  -20.472  -75.527  -22.440 0.6999999881
11639  -22.827  -75.373  -23.538 0.6999999881
10908  -20.801  -76.735  -21.888 0.6000000238
12355  -21.489  -75.263  -22.912 0.6999999881
12377  -22.042  -75.003  -23.918 0.6999999881
11637  -19.705  -75.410  -22.993 0.6000000238
11640  -23.925  -75.166  -23.911 0.6999999881
13196  -23.776  -74.546  -24.069 0.6000000238
12392  -21.083  -74.738  -24.381 0.6999999881
12394  -23.280  -74.637  -24.852 0.6999999881
9527  -27.506  -77.744  -24.905 0.5000000000
10265  -28.085  -77.198  -25.224 0.5000000000
10225  -28.810  -77.348  -22.907 0.5000000000
148994  -29.219  -76.968  -23.328 0.5000000000
10238  -28.847  -77.118  -23.936 0.5000000000
10266  -28.781  -76.813  -25.243 0.5000000000
9541  -28.511  -77.340  -25.601 0.4000000060
9553  -28.080  -77.798  -26.216 0.4000000060
10913  -26.837  -77.090  -21.216 0.6000000238
141557  -28.278  -76.948  -21.485 0.6000000238
10209  -28.822  -76.836  -22.132 0.6000000238
10226  -29.383  -76.573  -22.888 0.6000000238
8817  -28.592  -78.668  -26.742 0.4000000060
9474  -24.124  -77.568  -21.891 0.6000000238
147981  -28.185  -76.527  -21.150 0.6000000238
10915  -28.601  -76.214  -21.440 0.6000000238
128795  -28.985  -79.307  -27.427 0.4000000060
10205  -23.562  -77.028  -21.903 0.6000000238
10206  -25.265  -77.208  -21.572 0.6000000238
10888  -26.456  -76.430  -20.867 0.6000000238
11595  -27.357  -75.574  -20.400 0.6000000238
11596  -27.846  -75.282  -20.502 0.6000000238
8851  -30.248  -80.188  -28.221 0.4000000060
9557  -32.174  -78.586  -26.708 0.4000000060
141137  -24.747  -76.138  -22.022 0.6000000238
11611  -25.714  -76.412  -21.164 0.6000000238
11593  -26.065  -75.827  -20.537 0.6000000238
11582  -26.883  -75.229  -20.020 0.6000000238
136019  -27.285  -73.741  -20.426 0.6000000238
8835  -30.864  -80.096  -27.685 0.4000000060
8837  -32.482  -79.421  -27.110 0.4000000060
10930  -22.852  -75.907  -22.469 0.6000000238
11623  -24.590  -75.389  -22.554 0.5000000000
130408  -25.431  -75.789  -20.868 0.6000000238
11581  -26.301  -75.266  -19.965 0.6000000238
13116  -26.782  -74.072  -19.971 0.6000000238
13888  -26.463  -72.609  -20.837 0.6999999881
10909  -21.555  -76.011  -22.162 0.6999999881
10931  -24.110  -76.086  -22.453 0.6000000238
12341  -24.650  -75.192  -22.448 0.6000000238
11592  -25.051  -75.256  -20.302 0.6000000238
13870  -25.424  -72.959  -19.809 0.6000000238
13887  -25.446  -72.162  -20.646 0.6000000238
15452  -26.091  -70.903  -21.807 0.6000000238
12327  -24.508  -74.911  -20.174 0.6000000238
140966  -24.555  -73.770  -19.555 0.6000000238
13869  -24.977  -71.914  -20.208 0.6000000238
13886  -25.433  -71.626  -20.832 0.6000000238
12357  -24.556  -74.995  -23.050 0.6000000238
12340  -24.335  -74.925  -21.856 0.6000000238
12310  -24.004  -74.264  -19.708 0.5000000000
138557  -24.530  -72.787  -19.653 0.6000000238
123390  -25.397  -71.621  -20.428 0.6000000238
12326  -23.920  -74.765  -20.530 0.5000000000
12406  -21.321  -74.552  -25.520 0.6999999881
13212  -23.446  -74.406  -24.668 0.6999999881
135486  -23.458  -73.952  -23.627 0.5000000000
13157  -22.720  -74.228  -21.395 0.6000000238
12309  -23.297  -74.238  -20.048 0.5000000000
13867  -23.319  -72.721  -19.375 0.5000000000
13136  -22.208  -73.684  -20.693 0.6000000238
15555  -15.519  -69.773  -28.940 0.6000000238
15550  -16.112  -69.750  -28.908 0.6000000238
15557  -16.525  -70.898  -29.551 0.6000000238
10254  -28.544  -76.940  -24.798 0.5000000000
10239  -29.380  -76.568  -23.746 0.5000000000
143392  -29.345  -76.083  -25.050 0.5000000000
9542  -29.605  -77.510  -25.658 0.5000000000
9554  -29.113  -78.204  -26.054 0.4000000060
12342  -28.423  -74.495  -21.277 0.5000000000
12359  -29.459  -74.745  -22.678 0.5000000000
12379  -29.120  -73.935  -22.732 0.5000000000
130060  -30.564  -77.838  -25.977 0.4000000060
10277  -31.167  -77.501  -26.364 0.4000000060
12358  -28.767  -74.299  -22.107 0.5000000000
13197  -28.669  -73.166  -23.283 0.5000000000
8834  -29.986  -79.631  -27.516 0.4000000060
9556  -31.239  -78.397  -26.439 0.4000000060
10289  -32.531  -77.875  -26.920 0.4000000060
13158  -27.399  -73.147  -21.169 0.5000000000
13177  -27.550  -72.785  -21.981 0.5000000000
13178  -28.379  -73.409  -22.422 0.5000000000
8819  -31.699  -79.192  -26.800 0.4000000060
13904  -26.502  -72.180  -21.746 0.6000000238
13923  -26.699  -71.878  -22.544 0.6000000238
13903  -25.844  -71.464  -21.347 0.6000000238
13922  -26.211  -71.297  -22.086 0.5000000000
14655  -26.797  -71.189  -20.355 0.4000000060
14689  -27.581  -70.710  -21.591 0.4000000060
15467  -28.404  -70.660  -22.058 0.4000000060
137500  -25.506  -71.510  -19.712 0.6000000238
14654  -25.994  -71.289  -20.014 0.6000000238
14656  -28.212  -71.339  -19.896 0.5000000000
14690  -28.640  -71.021  -21.209 0.4000000060
15468  -29.332  -70.881  -21.502 0.4000000060
138737  -30.114  -70.643  -21.328 0.4000000060
127817  -20.067  -74.753  -24.885 0.6999999881
13849  -24.151  -71.853  -19.177 0.6000000238
125093  -26.757  -71.395  -19.415 0.5000000000
15453  -29.720  -70.726  -19.981 0.4000000060
13195  -23.406  -73.877  -24.470 0.6000000238
149867  -22.844  -72.943  -19.409 0.5000000000
13848  -23.502  -72.011  -18.959 0.5000000000
14616  -25.988  -71.159  -18.082 0.5000000000
15420  -27.556  -70.881  -18.320 0.5000000000
15437  -28.737  -70.979  -19.124 0.4000000060
15439  -30.089  -70.008  -19.628 0.4000000060
13174  -22.335  -73.536  -22.764 0.6000000238
14635  -23.177  -71.561  -18.380 0.5000000000
16323  -13.560  -69.424  -27.278 0.6999999881
17094  -14.420  -68.647  -28.018 0.6000000238
17888  -14.148  -67.710  -27.264 0.6999999881
16341  -15.589  -69.384  -28.461 0.6000000238
17877  -14.970  -66.960  -26.736 0.6000000238
126113  -16.419  -70.385  -28.647 0.6000000238
16324  -15.445  -68.536  -27.287 0.6000000238
17083  -15.239  -67.683  -27.033 0.6000000238
17863  -15.257  -66.297  -26.210 0.6000000238
133950  -16.662  -66.383  -25.442 0.6000000238
14762  -17.281  -71.376  -29.749 0.5000000000
14735  -16.067  -70.525  -27.674 0.6000000238
15536  -15.709  -69.657  -27.240 0.6000000238
17076  -15.710  -68.375  -26.332 0.6000000238
127621  -15.699  -67.356  -26.173 0.6000000238
130137  -29.413  -76.580  -25.476 0.5000000000
14014  -18.024  -71.878  -29.797 0.5000000000
13991  -16.823  -71.843  -28.366 0.5000000000
16312  -16.088  -69.362  -25.700 0.5000000000
17077  -16.340  -68.510  -25.563 0.5000000000
10944  -29.653  -75.878  -23.543 0.4000000060
11653  -30.077  -75.344  -24.222 0.5000000000
10962  -30.048  -76.258  -26.069 0.5000000000
9543  -30.338  -77.109  -25.867 0.4000000060
13992  -17.370  -72.486  -28.086 0.5000000000
13977  -16.680  -72.138  -27.505 0.5000000000
15511  -16.393  -70.310  -25.192 0.5000000000
16295  -16.743  -69.492  -24.967 0.5000000000
12395  -30.071  -73.848  -24.209 0.5000000000
10969  -30.935  -76.711  -26.497 0.4000000060
10980  -31.488  -76.324  -27.229 0.4000000060
10996  -31.879  -76.009  -28.241 0.4000000060
138487  -18.921  -72.537  -29.493 0.5000000000
13978  -17.423  -72.725  -27.037 0.5000000000
14724  -16.677  -71.589  -25.328 0.6000000238
14715  -16.763  -71.220  -24.712 0.6000000238
10288  -31.884  -77.152  -26.880 0.4000000060
13994  -19.324  -72.705  -27.439 0.6000000238
13966  -17.579  -72.553  -25.855 0.6000000238
13953  -17.169  -72.097  -24.899 0.6999999881
13924  -27.622  -72.578  -22.874 0.4000000060
13943  -26.936  -71.666  -23.354 0.5000000000
12462  -21.796  -73.861  -28.833 0.6000000238
14701  -26.366  -71.022  -22.839 0.5000000000
140803  -27.861  -70.307  -23.538 0.4000000060
12445  -20.975  -74.284  -28.029 0.6000000238
15483  -26.701  -70.669  -22.912 0.4000000060
12429  -21.384  -74.319  -27.066 0.6000000238
12430  -22.327  -74.186  -26.670 0.6000000238
15486  -30.215  -70.529  -22.697 0.4000000060
13957  -22.410  -73.094  -25.371 0.6000000238
12407  -22.626  -74.386  -25.740 0.6999999881
13156  -21.986  -73.599  -21.592 0.6000000238
13134  -20.674  -72.776  -20.503 0.6000000238
13135  -21.723  -73.144  -19.869 0.5000000000
13847  -22.687  -72.293  -18.807 0.5000000000
17075  -13.658  -67.942  -26.532 0.6999999881
17862  -14.000  -67.271  -26.243 0.6999999881
17851  -14.510  -66.362  -25.044 0.6000000238
18697  -14.727  -66.414  -26.221 0.6000000238
19517  -15.090  -65.347  -25.418 0.6000000238
18688  -15.826  -65.647  -25.650 0.6000000238
18689  -16.929  -65.510  -25.479 0.6999999881
126195  -17.479  -66.564  -25.231 0.6000000238
17865  -16.960  -67.344  -25.157 0.6000000238
124267  -30.154  -74.754  -24.913 0.5000000000
11662  -29.757  -75.156  -25.706 0.5000000000
10961  -29.584  -75.872  -25.611 0.5000000000
11663  -29.825  -75.544  -26.299 0.5000000000
129019  -17.161  -68.550  -24.961 0.6000000238
142244  -18.035  -67.719  -24.948 0.5000000000
11679  -29.736  -74.911  -26.366 0.5000000000
10979  -30.570  -75.835  -26.857 0.5000000000
11697  -31.131  -75.646  -27.809 0.4000000060
15498  -17.394  -70.500  -23.599 0.6000000238
16296  -17.456  -69.654  -24.146 0.6000000238
17068  -18.815  -68.296  -24.641 0.5000000000
13198  -29.473  -73.211  -24.010 0.5000000000
13255  -22.317  -72.919  -29.167 0.6000000238
14007  -21.790  -72.531  -28.571 0.4000000060
131152  -20.129  -72.458  -28.189 0.6000000238
126688  -17.818  -72.355  -24.219 0.6000000238
14709  -17.471  -71.261  -23.358 0.6000000238
16282  -18.191  -69.350  -23.482 0.6000000238
13958  -27.317  -71.746  -24.126 0.4000000060
13959  -28.282  -71.807  -25.352 0.4000000060
13995  -21.983  -72.530  -27.849 0.5000000000
13980  -21.378  -72.415  -27.040 0.5000000000
126451  -19.566  -72.611  -26.542 0.6000000238
13967  -18.748  -72.702  -25.627 0.6999999881
13939  -18.712  -72.548  -23.675 0.6000000238
13919  -17.933  -71.523  -22.679 0.6000000238
15481  -17.740  -70.641  -22.741 0.6000000238
14716  -26.657  -71.034  -24.084 0.5000000000
13254  -22.273  -73.283  -28.971 0.6000000238
13955  -20.390  -72.559  -25.190 0.6000000238
138466  -19.421  -72.645  -25.117 0.6000000238
138503  -18.361  -71.718  -22.119 0.6000000238
15463  -18.452  -70.893  -21.379 0.6000000238
16253  -19.085  -69.740  -21.352 0.6000000238
15499  -26.690  -70.790  -23.559 0.4000000060
13981  -22.261  -72.631  -27.029 0.5000000000
146511  -21.795  -72.483  -26.559 0.6000000238
13940  -19.865  -72.797  -23.671 0.6000000238
13882  -18.854  -72.002  -21.074 0.6000000238
14671  -18.865  -71.381  -20.743 0.6000000238
12447  -22.490  -73.688  -27.115 0.6000000238
13231  -22.649  -73.567  -26.499 0.6000000238
13970  -22.156  -72.646  -26.131 0.6000000238
13921  -20.174  -72.791  -22.890 0.6000000238
13920  -19.356  -72.514  -22.228 0.6000000238
13173  -21.233  -73.133  -22.882 0.6000000238
13194  -22.385  -73.359  -23.855 0.6000000238
140195  -21.382  -72.508  -19.202 0.5000000000
14634  -22.346  -71.578  -18.295 0.5000000000
16309  -14.009  -69.614  -25.090 0.6999999881
137412  -14.259  -67.253  -25.419 0.6999999881
15480  -13.614  -70.022  -22.995 0.6999999881
132401  -14.658  -69.087  -23.121 0.6999999881
17052  -14.651  -68.674  -23.953 0.6999999881
17841  -14.645  -67.579  -24.470 0.6999999881
142153  -14.919  -65.987  -24.540 0.6000000238
19505  -16.132  -64.599  -24.282 0.6000000238
20349  -16.680  -64.011  -24.726 0.5000000000
20361  -16.147  -64.465  -25.227 0.6999999881
19537  -17.456  -64.560  -25.639 0.5000000000
18690  -18.005  -65.489  -25.637 0.5000000000
17866  -18.594  -66.529  -25.513 0.5000000000
12409  -29.997  -74.208  -25.786 0.4000000060
12432  -29.697  -74.363  -26.945 0.5000000000
12449  -30.155  -74.653  -27.890 0.5000000000
143305  -30.512  -75.284  -27.562 0.5000000000
11715  -30.711  -75.159  -28.456 0.4000000060
13960  -29.210  -72.524  -24.761 0.4000000060
130909  -29.616  -73.678  -27.316 0.4000000060
17054  -18.614  -68.759  -23.978 0.6000000238
16269  -18.108  -69.872  -22.657 0.6000000238
17042  -19.660  -68.723  -23.133 0.6000000238
16238  -19.507  -69.924  -20.611 0.6000000238
16271  -19.435  -69.237  -22.167 0.6000000238
13883  -19.378  -72.063  -20.439 0.6000000238
14672  -19.406  -71.469  -20.118 0.6000000238
16254  -20.122  -69.297  -21.417 0.6000000238
13902  -20.326  -72.791  -21.920 0.6000000238
15451  -19.920  -70.260  -19.871 0.5000000000
13884  -20.146  -72.364  -19.977 0.6000000238
14652  -20.341  -71.332  -19.154 0.5000000000
14633  -21.540  -71.586  -18.408 0.5000000000
16265  -12.457  -69.615  -22.319 0.6999999881
142040  -14.083  -69.354  -21.937 0.6999999881
17040  -14.764  -69.029  -22.312 0.6999999881
17053  -15.147  -68.291  -23.386 0.6999999881
17041  -15.472  -68.404  -22.345 0.6000000238
18665  -15.522  -66.377  -23.771 0.6999999881
18666  -16.121  -65.655  -23.518 0.4000000060
17039  -11.921  -68.941  -21.940 0.6999999881
16251  -12.798  -69.128  -21.640 0.6999999881
17027  -14.444  -68.995  -21.466 0.6000000238
17028  -15.687  -68.459  -21.466 0.6000000238
19506  -16.910  -64.221  -23.828 0.5000000000
17827  -10.566  -66.917  -23.162 0.6999999881
17816  -11.517  -67.447  -21.748 0.6999999881
20350  -17.399  -63.871  -24.606 0.5000000000
19503  -10.470  -65.986  -22.938 0.6999999881
20364  -18.043  -63.801  -25.450 0.5000000000
19486  -9.582  -65.292  -22.822 0.6000000238
20333  -9.113  -64.812  -22.204 0.6000000238
20316  -7.819  -64.806  -21.184 0.6000000238
20282  -7.652  -64.273  -19.469 0.5000000000
20266  -7.540  -63.746  -18.714 0.5000000000
13243  -29.481  -73.472  -28.145 0.4000000060
12464  -30.286  -74.623  -29.082 0.4000000060
16239  -20.401  -69.560  -20.456 0.6000000238
17818  -16.101  -67.831  -22.135 0.5000000000
18652  -16.177  -66.791  -22.795 0.5000000000
17025  -12.214  -68.232  -21.402 0.6000000238
126408  -14.038  -68.647  -20.874 0.6000000238
130705  -14.997  -68.707  -20.824 0.6000000238
17010  -15.800  -68.390  -20.620 0.6000000238
18641  -16.769  -67.131  -21.769 0.5000000000
19489  -16.716  -64.909  -23.191 0.5000000000
19490  -17.340  -64.611  -22.806 0.5000000000
128584  -10.977  -65.918  -22.209 0.6999999881
17817  -12.036  -67.316  -21.235 0.6000000238
17801  -12.650  -67.666  -20.758 0.6000000238
17009  -14.437  -68.246  -20.191 0.6000000238
17784  -14.827  -67.732  -19.575 0.6000000238
20337  -18.593  -64.423  -23.224 0.5000000000
19488  -10.700  -65.336  -22.411 0.6999999881
19472  -12.028  -65.693  -21.089 0.6000000238
19457  -12.515  -65.100  -20.633 0.6000000238
19458  -13.074  -65.656  -20.113 0.6000000238
19447  -14.172  -65.910  -19.087 0.6000000238
20319  -10.454  -63.957  -21.771 0.6000000238
20320  -11.292  -64.393  -21.613 0.6000000238
20300  -12.344  -64.157  -20.669 0.6000000238
20301  -13.020  -64.646  -20.123 0.6000000238
21147  -9.215  -63.696  -21.072 0.6000000238
21138  -10.529  -62.572  -21.001 0.6000000238
21139  -11.305  -62.819  -20.978 0.6000000238
21123  -12.280  -63.441  -19.819 0.6000000238
21136  -8.714  -63.273  -20.450 0.5000000000
21122  -8.248  -62.867  -19.819 0.5000000000
22001  -9.101  -62.300  -20.195 0.5000000000
22003  -10.679  -62.198  -20.325 0.6000000238
131595  -11.548  -62.853  -20.231 0.6000000238
13256  -29.300  -73.472  -29.301 0.4000000060
20252  -9.075  -64.525  -17.271 0.5000000000
21987  -8.547  -61.967  -19.583 0.5000000000
21988  -9.341  -61.600  -19.825 0.6000000238
132775  -10.398  -61.781  -19.657 0.6000000238
21087  -7.758  -63.759  -17.286 0.5000000000
21947  -6.774  -62.196  -17.669 0.5000000000
21966  -7.393  -62.339  -18.501 0.4000000060
22894  -8.773  -61.446  -19.299 0.5000000000
22879  -9.863  -61.381  -19.152 0.6000000238
135877  -16.786  -67.606  -20.790 0.6000000238
18642  -17.413  -66.081  -21.648 0.5000000000
18653  -17.186  -65.189  -22.380 0.5000000000
17803  -16.686  -67.790  -20.022 0.6000000238
17804  -17.282  -67.322  -20.241 0.5000000000
19491  -18.182  -64.552  -22.295 0.5000000000
18597  -15.641  -66.728  -18.430 0.6999999881
18598  -16.413  -66.886  -18.269 0.6999999881
19431  -14.019  -65.052  -18.922 0.6000000238
19432  -14.581  -65.582  -18.499 0.6999999881
20284  -13.387  -64.393  -19.378 0.6000000238
20269  -14.360  -64.981  -18.301 0.6999999881
21105  -12.530  -63.489  -18.812 0.6000000238
21106  -13.308  -63.983  -18.686 0.6999999881
21088  -11.513  -62.979  -18.370 0.6000000238
21089  -12.350  -63.388  -17.634 0.6999999881
21064  -8.169  -63.186  -15.400 0.5000000000
21928  -6.521  -62.277  -16.765 0.5000000000
22876  -7.440  -61.575  -18.220 0.4000000060
22878  -9.145  -61.068  -18.500 0.6000000238
21968  -10.579  -62.149  -18.710 0.6000000238
21919  -6.647  -62.121  -15.996 0.5000000000
22852  -6.875  -61.440  -17.536 0.4000000060
123699  -8.406  -60.728  -17.875 0.5000000000
19474  -18.349  -64.878  -21.318 0.5000000000
18629  -18.185  -66.010  -20.185 0.5000000000
17787  -17.123  -67.438  -19.423 0.6000000238
18599  -17.568  -66.950  -18.722 0.5000000000
19434  -18.666  -66.026  -18.325 0.5000000000
18579  -15.997  -66.339  -17.755 0.6999999881
19413  -14.858  -65.300  -17.788 0.6999999881
20254  -14.386  -64.631  -17.587 0.6000000238
21948  -11.682  -62.958  -17.345 0.6999999881
129894  -13.911  -63.841  -16.819 0.6000000238
22855  -9.937  -61.723  -17.816 0.6000000238
142610  -10.509  -62.164  -16.893 0.6000000238
21918  -6.493  -61.599  -15.703 0.5000000000
23791  -7.049  -60.921  -17.184 0.4000000060
130418  -9.117  -60.887  -17.502 0.6000000238
126965  -6.506  -60.573  -14.941 0.4000000060
23765  -6.581  -60.665  -15.914 0.4000000060
23779  -7.892  -60.093  -16.440 0.5000000000
22854  -8.489  -60.423  -16.979 0.5000000000
18580  -16.798  -66.515  -17.628 0.6000000238
18582  -18.172  -66.216  -17.578 0.5000000000
19415  -16.419  -65.851  -17.137 0.6000000238
19416  -17.389  -66.036  -17.005 0.5000000000
20256  -15.945  -65.085  -16.798 0.6000000238
21091  -14.588  -64.245  -16.795 0.6000000238
21075  -16.402  -63.880  -16.369 0.5000000000
21074  -14.663  -63.410  -16.504 0.6000000238
21072  -12.419  -63.008  -16.785 0.6999999881
147649  -12.933  -62.491  -16.475 0.5000000000
123563  -9.866  -61.534  -16.570 0.6000000238
22828  -9.716  -61.002  -15.839 0.5000000000
23766  -6.884  -60.095  -15.670 0.4000000060
23768  -9.344  -60.266  -15.511 0.5000000000
19288  -11.719  -65.229  -7.878 0.4000000060
19289  -12.491  -65.652  -8.320 0.3000000119
20143  -11.496  -64.733  -9.704 0.4000000060
20243  -17.808  -64.311  -16.472 0.5000000000
20981  -9.836  -64.052  -9.899 0.3000000119
20156  -10.691  -64.383  -9.867 0.4000000060
136291  -15.705  -63.251  -16.413 0.5000000000
21076  -17.239  -63.708  -16.451 0.5000000000
21848  -8.223  -62.229  -10.364 0.3000000119
20995  -9.507  -63.392  -10.316 0.4000000060
21932  -14.383  -62.437  -16.437 0.5000000000
22756  -7.852  -61.386  -10.474 0.3000000119
21931  -12.917  -61.862  -16.388 0.6000000238
22829  -10.541  -61.064  -15.746 0.6999999881
22839  -12.371  -61.288  -16.217 0.6000000238
24679  -7.977  -59.273  -15.055 0.5000000000
23769  -10.104  -60.516  -15.593 0.5000000000
24681  -9.948  -59.618  -15.440 0.4000000060
24694  -10.707  -59.256  -15.706 0.4000000060
18465  -14.089  -66.535  -7.485 0.3000000119
18464  -13.213  -66.123  -7.765 0.3000000119
19307  -13.631  -65.791  -9.305 0.3000000119
135481  -12.179  -65.072  -9.584 0.3000000119
20173  -11.339  -64.292  -10.641 0.4000000060
21934  -16.618  -63.071  -16.520 0.5000000000
21849  -9.114  -62.523  -10.564 0.4000000060
21007  -10.815  -63.569  -11.284 0.4000000060
22843  -15.945  -62.295  -16.661 0.5000000000
22774  -8.391  -60.933  -10.725 0.4000000060
22775  -9.249  -61.293  -11.173 0.4000000060
22841  -14.270  -61.543  -16.527 0.5000000000
22842  -15.061  -61.876  -16.612 0.5000000000
23704  -8.097  -60.252  -11.024 0.4000000060
22840  -13.397  -61.170  -16.484 0.5000000000
23781  -11.942  -60.320  -16.018 0.5000000000
23782  -12.818  -60.356  -16.504 0.5000000000
25626  -7.257  -58.823  -14.266 0.3000000119
26536  -8.251  -57.402  -14.509 0.4000000060
25648  -10.184  -58.500  -15.568 0.4000000060
24695  -11.462  -59.387  -16.110 0.4000000060
19256  -14.572  -66.001  -6.425 0.3000000119
18482  -13.942  -66.264  -8.397 0.3000000119
19321  -12.850  -65.266  -9.897 0.4000000060
20174  -12.242  -64.430  -11.044 0.4000000060
21952  -19.683  -62.875  -17.178 0.4000000060
21008  -11.645  -63.980  -11.502 0.4000000060
21951  -18.866  -62.466  -17.175 0.4000000060
21862  -9.576  -62.095  -11.107 0.4000000060
21863  -10.461  -62.644  -11.679 0.4000000060
21949  -16.910  -62.382  -17.020 0.4000000060
22793  -9.997  -61.742  -11.761 0.4000000060
23784  -14.167  -60.724  -16.786 0.5000000000
23705  -9.015  -60.523  -11.386 0.4000000060
25592  -7.848  -58.058  -12.425 0.3000000119
23783  -13.535  -60.317  -16.820 0.5000000000
145710  -8.894  -56.660  -15.038 0.3000000119
18466  -14.807  -66.361  -7.705 0.3000000119
18467  -15.181  -66.229  -8.452 0.3000000119
19308  -14.329  -65.750  -9.795 0.3000000119
19322  -13.658  -65.377  -10.244 0.4000000060
129723  -12.944  -64.579  -11.348 0.4000000060
20175  -13.488  -64.366  -11.882 0.3000000119
141008  -11.889  -63.702  -12.076 0.4000000060
21953  -20.462  -62.606  -17.407 0.4000000060
21955  -21.969  -62.657  -17.973 0.4000000060
21864  -11.261  -63.329  -11.934 0.4000000060
21950  -17.850  -62.263  -17.275 0.4000000060
22858  -16.467  -61.658  -17.322 0.4000000060
22792  -9.691  -60.934  -11.943 0.3000000119
23793  -15.350  -60.684  -17.458 0.4000000060
143336  -8.661  -58.830  -11.974 0.3000000119
24641  -9.593  -59.347  -12.265 0.3000000119
27419  -8.424  -56.611  -13.490 0.3000000119
25649  -10.918  -58.272  -16.302 0.4000000060
20944  -15.078  -64.119  -7.256 0.3000000119
126150  -15.015  -65.807  -9.883 0.4000000060
20159  -14.619  -65.185  -11.258 0.4000000060
20158  -13.743  -65.047  -11.180 0.4000000060
21971  -23.339  -62.288  -18.485 0.4000000060
22862  -20.610  -61.721  -17.600 0.4000000060
21024  -12.419  -63.581  -12.430 0.4000000060
22860  -18.542  -61.659  -17.588 0.4000000060
21877  -10.640  -62.103  -12.277 0.4000000060
131225  -17.145  -61.798  -17.546 0.4000000060
22880  -18.285  -60.957  -18.085 0.4000000060
22794  -10.478  -61.342  -12.666 0.3000000119
23795  -16.857  -61.168  -18.103 0.4000000060
25594  -9.982  -58.674  -12.894 0.3000000119
23810  -14.927  -59.992  -17.934 0.5000000000
25593  -9.033  -58.182  -12.298 0.3000000119
26501  -9.298  -57.001  -13.142 0.3000000119
24708  -14.053  -59.909  -17.519 0.5000000000
26554  -9.366  -56.353  -15.326 0.3000000119
24706  -12.454  -58.861  -17.228 0.4000000060
26537  -8.927  -57.395  -14.971 0.4000000060
20945  -15.758  -64.264  -7.992 0.3000000119
20192  -14.162  -64.050  -12.354 0.3000000119
21025  -13.276  -63.670  -12.566 0.3000000119
22864  -22.052  -62.003  -17.882 0.4000000060
21895  -11.910  -62.520  -13.101 0.3000000119
23797  -20.043  -61.003  -17.750 0.4000000060
23798  -21.301  -60.803  -18.225 0.3000000119
22807  -11.166  -61.341  -13.312 0.3000000119
23813  -17.484  -60.757  -18.455 0.4000000060
23796  -19.147  -61.011  -17.792 0.4000000060
144279  -10.759  -58.956  -13.440 0.3000000119
130447  -10.271  -57.838  -13.427 0.3000000119
24725  -15.239  -59.579  -18.804 0.4000000060
27433  -8.805  -55.868  -13.794 0.3000000119
27459  -9.773  -55.668  -15.594 0.3000000119
26556  -10.620  -57.067  -16.835 0.3000000119
25670  -12.091  -58.118  -17.604 0.3000000119
21896  -12.806  -62.271  -13.489 0.3000000119
21040  -13.594  -62.882  -13.285 0.3000000119
146615  -12.002  -61.620  -13.533 0.3000000119
23816  -20.508  -60.407  -18.311 0.3000000119
144807  -18.838  -60.500  -18.266 0.4000000060
24729  -19.890  -59.758  -18.819 0.4000000060
143429  -11.223  -58.269  -13.860 0.3000000119
23812  -16.797  -60.438  -18.826 0.4000000060
23830  -17.362  -60.018  -19.318 0.4000000060
27444  -10.078  -55.651  -14.247 0.3000000119
28354  -9.674  -55.294  -15.212 0.3000000119
24724  -14.319  -59.271  -18.523 0.3000000119
26577  -11.675  -57.300  -17.951 0.3000000119
147918  -11.934  -58.475  -14.122 0.3000000119
26523  -11.281  -56.520  -14.608 0.3000000119
23829  -16.595  -59.909  -19.517 0.3000000119
124067  -17.604  -59.442  -20.278 0.3000000119
28356  -10.704  -55.334  -15.460 0.3000000119
24743  -15.383  -59.421  -19.870 0.3000000119
26575  -10.653  -56.305  -16.868 0.3000000119
25685  -13.192  -58.370  -18.751 0.3000000119
25630  -12.842  -57.785  -15.151 0.3000000119
25631  -13.644  -58.294  -15.348 0.3000000119
26539  -11.475  -55.993  -15.385 0.3000000119
24744  -16.023  -59.676  -20.207 0.3000000119
134274  -12.456  -56.800  -15.607 0.3000000119
26540  -13.301  -57.465  -15.864 0.3000000119
129250  -10.283  -57.528  -16.008 0.4000000060
27432  -8.296  -56.622  -13.938 0.3000000119
27450  -9.285  -55.747  -15.174 0.3000000119
6109  -25.737  -82.800  -32.681 0.6000000238
5497  -26.084  -84.306  -30.613 0.5000000000
5496  -25.440  -84.517  -30.968 0.5000000000
126885  -23.907  -84.498  -31.794 0.5000000000
5488  -26.258  -84.266  -30.208 0.5000000000
6764  -27.517  -82.362  -25.721 0.5000000000
6839  -25.019  -81.758  -32.038 0.6999999881
133838  -26.789  -80.419  -32.986 0.6999999881
128793  -25.050  -82.348  -29.516 0.6999999881
6838  -24.170  -82.245  -31.920 0.6999999881
6779  -27.268  -82.453  -26.717 0.4000000060
6824  -24.286  -82.608  -29.877 0.6999999881
126961  -28.959  -82.598  -29.120 0.5000000000
6005  -35.652  -83.450  -21.325 0.3000000119
139491  -29.635  -82.561  -28.697 0.5000000000
6829  -31.150  -83.098  -30.019 0.3000000119
9600  -26.427  -78.502  -30.515 0.6000000238
8867  -25.758  -78.725  -30.681 0.6000000238
127498  -26.154  -78.121  -29.474 0.5000000000
8810  -22.869  -79.118  -26.110 0.6000000238
7511  -25.905  -80.865  -28.917 0.6999999881
7429  -31.591  -81.433  -21.530 0.3000000119
6763  -25.267  -81.543  -25.355 0.6000000238
7501  -25.473  -81.278  -26.955 0.6000000238
133804  -25.084  -82.308  -28.022 0.6999999881
6851  -27.794  -82.372  -31.439 0.5000000000
6092  -27.477  -83.402  -30.055 0.6000000238
6091  -26.738  -83.868  -30.266 0.5000000000
6075  -24.283  -82.781  -27.070 0.6000000238
6083  -23.442  -82.901  -28.395 0.6999999881
6032  -24.231  -83.064  -24.076 0.5000000000
146721  -22.967  -83.010  -27.914 0.5000000000
6006  -35.948  -83.315  -21.686 0.3000000119
7417  -23.501  -81.004  -20.536 0.6000000238
6062  -22.132  -83.300  -26.630 0.5000000000
136461  -33.457  -83.138  -27.205 0.3000000119
7531  -28.361  -80.704  -32.750 0.5000000000
6713  -35.935  -83.214  -22.160 0.3000000119
6051  -21.889  -83.348  -25.772 0.5000000000
143729  -28.402  -79.301  -28.087 0.4000000060
8769  -32.908  -79.046  -21.691 0.3000000119
10912  -26.083  -76.971  -21.284 0.6000000238
10929  -21.971  -75.667  -22.553 0.6999999881
11622  -24.309  -75.309  -23.184 0.6000000238
12356  -24.412  -74.791  -22.748 0.6000000238
10889  -27.243  -76.300  -20.731 0.6000000238
11642  -29.944  -75.088  -23.428 0.5000000000
8818  -29.614  -79.023  -26.709 0.4000000060
12328  -27.928  -74.540  -20.642 0.6000000238
13159  -28.191  -73.629  -21.587 0.5000000000
12312  -25.868  -74.566  -19.689 0.6000000238
15465  -26.294  -70.870  -22.167 0.4000000060
138031  -21.789  -74.417  -26.326 0.6000000238
13211  -23.153  -73.832  -25.321 0.6999999881
15545  -16.047  -69.730  -28.458 0.6000000238
10955  -29.572  -76.013  -24.372 0.4000000060
13945  -28.412  -72.527  -24.063 0.4000000060
15485  -28.911  -70.548  -22.994 0.4000000060
128192  -24.599  -71.541  -18.638 0.4000000060
124795  -20.656  -74.492  -26.423 0.6000000238
17090  -15.132  -68.210  -27.598 0.6000000238
14736  -15.899  -70.820  -26.537 0.6000000238
11680  -29.983  -75.152  -26.998 0.5000000000
13993  -18.276  -72.975  -27.749 0.5000000000
16297  -18.040  -68.812  -24.425 0.6000000238
132101  -19.071  -72.801  -28.460 0.4000000060
13942  -21.830  -72.952  -24.579 0.5000000000
14717  -27.130  -71.219  -25.038 0.5000000000
124805  -19.276  -72.637  -22.996 0.6000000238
141275  -20.698  -72.716  -24.473 0.5000000000
19484  -7.800  -65.709  -22.137 0.6000000238
21086  -7.290  -63.172  -18.024 0.5000000000
16997  -15.329  -68.270  -20.083 0.5000000000
18626  -12.587  -65.985  -20.568 0.6000000238
17783  -13.954  -67.382  -19.824 0.6000000238
17767  -16.030  -67.345  -18.845 0.6000000238
21149  -10.930  -63.241  -21.424 0.6000000238
21071  -7.909  -63.482  -16.425 0.5000000000
18616  -18.381  -66.293  -19.176 0.5000000000
21090  -13.150  -63.545  -17.139 0.6000000238
21927  -6.406  -61.755  -16.351 0.5000000000
142270  -11.646  -61.859  -16.214 0.6000000238
20126  -10.901  -64.725  -9.033 0.3000000119
139139  -17.040  -64.484  -16.451 0.5000000000
25627  -7.727  -58.562  -14.536 0.3000000119
21077  -18.022  -63.647  -16.552 0.4000000060
21935  -17.515  -62.990  -16.693 0.4000000060
25628  -8.456  -58.437  -14.856 0.4000000060
26521  -7.956  -57.285  -14.152 0.3000000119
24707  -13.125  -59.502  -17.212 0.5000000000
22861  -19.619  -61.870  -17.418 0.4000000060
19274  -15.492  -65.906  -7.919 0.3000000119
24642  -10.357  -59.692  -13.128 0.3000000119
23811  -15.700  -60.304  -18.239 0.4000000060
25669  -11.354  -57.646  -17.207 0.3000000119
24650  -10.992  -59.782  -13.551 0.3000000119
24723  -13.576  -59.057  -18.084 0.4000000060
20962  -15.941  -63.711  -8.667 0.3000000119
25604  -11.677  -59.222  -13.813 0.3000000119
24726  -16.065  -59.950  -19.104 0.4000000060
26524  -12.038  -57.143  -14.936 0.3000000119
6000  -17.823  -83.461  -21.461 0.5000000000
6014  -18.500  -83.283  -22.693 0.5000000000
6719  -18.923  -82.743  -23.229 0.5000000000
6741  -19.485  -82.568  -24.525 0.4000000060
5976  -17.147  -83.080  -19.857 0.5000000000
6684  -18.137  -82.683  -21.153 0.5000000000
6685  -18.674  -82.582  -21.648 0.5000000000
6705  -19.642  -82.385  -22.688 0.5000000000
6742  -20.252  -82.571  -24.073 0.5000000000
6743  -21.045  -83.003  -24.490 0.4000000060
6659  -17.497  -82.067  -19.632 0.4000000060
137586  -18.190  -82.114  -20.653 0.5000000000
6686  -19.309  -82.343  -21.795 0.5000000000
6722  -21.181  -82.762  -23.576 0.4000000060
149595  -18.282  -81.340  -19.881 0.5000000000
7412  -18.536  -81.707  -20.378 0.5000000000
6668  -18.821  -82.143  -21.056 0.5000000000
7398  -18.986  -81.283  -19.806 0.5000000000
6669  -19.791  -82.006  -21.132 0.5000000000
144284  -20.344  -81.702  -20.420 0.5000000000
6688  -21.254  -82.270  -21.863 0.5000000000
128142  -21.978  -82.506  -22.292 0.4000000060
7397  -18.483  -80.805  -19.330 0.5000000000
7399  -20.052  -81.261  -19.591 0.5000000000
6671  -21.835  -81.935  -20.880 0.5000000000
6689  -22.355  -82.310  -21.587 0.5000000000
10187  -17.193  -77.280  -20.331 0.5000000000
8038  -18.851  -79.878  -18.698 0.5000000000
8731  -18.541  -79.067  -18.500 0.5000000000
8039  -19.977  -79.870  -18.643 0.5000000000
9428  -19.159  -78.696  -18.824 0.5000000000
149130  -20.268  -80.521  -18.962 0.5000000000
8733  -20.399  -79.410  -18.771 0.5000000000
7415  -21.801  -81.481  -19.998 0.5000000000
143508  -22.818  -82.010  -20.970 0.5000000000
10173  -18.172  -77.814  -19.489 0.5000000000
128909  -17.649  -77.892  -21.034 0.5000000000
9508  -18.347  -78.933  -23.203 0.5000000000
147100  -19.268  -78.415  -19.334 0.5000000000
10201  -18.495  -78.722  -21.411 0.5000000000
9492  -18.909  -79.082  -22.748 0.5000000000
9443  -19.918  -78.674  -19.152 0.5000000000
140300  -19.759  -78.520  -19.986 0.5000000000
9458  -19.442  -78.909  -21.124 0.5000000000
148178  -21.748  -79.710  -19.344 0.5000000000
146684  -21.037  -78.926  -19.715 0.5000000000
139314  -21.591  -80.354  -19.141 0.5000000000
7416  -22.779  -81.446  -20.312 0.5000000000
6690  -23.834  -81.834  -21.695 0.5000000000
11678  -19.363  -74.911  -26.466 0.5000000000
11661  -19.095  -75.217  -25.491 0.6000000238
10942  -18.898  -77.827  -23.878 0.5000000000
9469  -19.114  -79.130  -22.024 0.5000000000
126261  -19.085  -76.398  -23.087 0.5000000000
9470  -19.819  -78.956  -21.512 0.5000000000
10907  -20.119  -77.479  -21.828 0.5000000000
8744  -22.102  -79.428  -19.880 0.5000000000
8753  -21.556  -79.045  -20.365 0.5000000000
7402  -22.977  -80.649  -19.982 0.5000000000
12461  -20.838  -74.485  -28.956 0.5000000000
12428  -20.130  -74.593  -27.301 0.5000000000
11651  -19.165  -75.358  -24.468 0.6000000238
14767  -13.336  -71.987  -29.831 0.5000000000
14760  -13.953  -71.077  -29.431 0.6000000238
135456  -12.602  -72.091  -29.429 0.5000000000
15544  -13.337  -70.907  -28.528 0.5000000000
16331  -13.672  -69.888  -28.142 0.6000000238
15535  -13.415  -70.781  -27.411 0.6000000238
14750  -12.880  -71.356  -27.951 0.5000000000
14722  -13.014  -71.208  -25.773 0.6000000238
14714  -12.652  -71.252  -25.031 0.5000000000
129404  -13.701  -69.095  -26.278 0.6000000238
148564  -13.604  -70.376  -24.728 0.6000000238
15509  -12.110  -71.073  -24.316 0.5000000000
15510  -13.079  -70.853  -24.208 0.6000000238
16293  -13.803  -70.115  -23.998 0.6000000238
15494  -10.839  -70.134  -23.953 0.5000000000
15478  -12.075  -70.130  -22.936 0.5000000000
17840  -10.150  -67.235  -23.942 0.5000000000
18664  -10.142  -66.433  -23.746 0.6000000238
18638  -7.849  -66.640  -21.607 0.6000000238
146133  -7.688  -66.764  -22.668 0.5000000000
17038  -11.226  -68.511  -22.464 0.6000000238
129733  -11.581  -69.355  -22.611 0.5000000000
19501  -9.098  -65.831  -23.287 0.5000000000
19456  -7.981  -65.588  -20.432 0.6000000238
19469  -7.724  -65.525  -21.506 0.6000000238
127513  -7.726  -64.542  -20.178 0.6000000238
126635  -35.432  -82.557  -22.903 0.3000000119
7471  -36.497  -81.463  -23.887 0.3000000119
6768  -33.952  -82.510  -25.596 0.3000000119
8804  -37.919  -79.907  -24.306 0.3000000119
6769  -34.355  -82.494  -25.927 0.3000000119
6753  -34.325  -82.081  -24.680 0.3000000119
6731  -34.561  -82.455  -23.376 0.3000000119
145842  -22.210  -82.912  -23.019 0.4000000060
9459  -20.203  -78.907  -20.794 0.5000000000
11620  -19.614  -76.145  -22.414 0.5000000000
131047  -15.907  -70.940  -29.680 0.5000000000
6721  -20.390  -82.426  -23.223 0.4000000060
6706  -21.248  -82.493  -22.758 0.5000000000
8048  -19.416  -80.616  -19.123 0.5000000000
10172  -17.473  -77.484  -19.472 0.5000000000
10163  -17.772  -77.878  -18.864 0.5000000000
133160  -16.908  -77.528  -22.265 0.5000000000
9468  -18.384  -79.115  -22.456 0.5000000000
9442  -18.891  -78.191  -20.052 0.5000000000
10237  -19.233  -78.642  -22.840 0.5000000000
132184  -35.516  -81.998  -23.572 0.3000000119
7479  -35.099  -81.934  -25.812 0.3000000119
8102  -36.800  -80.973  -24.395 0.3000000119
7470  -35.612  -81.635  -24.377 0.3000000119
7480  -35.983  -81.359  -24.973 0.3000000119
8110  -36.357  -80.672  -25.351 0.3000000119
24746  -19.259  -59.451  -19.574 0.3000000119
4927  -22.957  -85.310  -30.022 0.5000000000
4928  -23.753  -85.174  -30.390 0.5000000000
4938  -23.744  -85.045  -31.060 0.6000000238
4944  -23.497  -84.738  -31.484 0.5000000000
4945  -24.240  -84.812  -31.258 0.6000000238
5429  -33.979  -84.661  -20.742 0.3000000119
5443  -34.026  -84.546  -21.411 0.3000000119
5495  -24.933  -84.727  -30.883 0.5000000000
5502  -24.709  -84.483  -31.513 0.5000000000
5504  -25.880  -84.236  -31.173 0.5000000000
5506  -22.698  -84.004  -32.260 0.6000000238
5507  -23.428  -83.997  -32.304 0.5000000000
5509  -24.852  -83.891  -32.159 0.5000000000
5991  -34.128  -84.226  -20.364 0.3000000119
5992  -34.878  -84.146  -20.769 0.3000000119
6001  -18.387  -83.101  -21.884 0.5000000000
6004  -35.348  -83.992  -21.040 0.3000000119
6020  -34.021  -84.096  -22.172 0.3000000119
6029  -21.986  -83.229  -24.002 0.5000000000
6031  -23.834  -83.082  -23.534 0.5000000000
6046  -24.242  -83.152  -24.759 0.5000000000
6073  -22.473  -83.123  -27.507 0.5000000000
6074  -23.465  -83.045  -27.423 0.5000000000
6078  -33.012  -83.257  -28.080 0.3000000119
6081  -21.697  -82.806  -28.153 0.6000000238
6085  -27.115  -83.491  -29.693 0.5000000000
6086  -31.330  -83.335  -28.662 0.3000000119
6094  -31.652  -83.307  -29.296 0.3000000119
6102  -25.500  -83.746  -31.952 0.6000000238
6107  -24.470  -83.209  -32.781 0.6000000238
6667  -17.741  -82.444  -20.418 0.5000000000
6670  -20.746  -81.962  -21.126 0.5000000000
6672  -23.403  -81.627  -21.002 0.5000000000
6676  -34.679  -83.658  -20.583 0.3000000119
6687  -20.197  -82.211  -21.862 0.5000000000
6691  -24.314  -82.030  -22.371 0.6000000238
6693  -32.318  -82.131  -21.399 0.3000000119
6696  -35.769  -83.219  -21.142 0.3000000119
6704  -18.850  -82.689  -22.352 0.5000000000
6707  -22.836  -82.704  -22.170 0.5000000000
6711  -31.512  -83.108  -22.759 0.3000000119
6720  -19.553  -82.499  -23.657 0.5000000000
6724  -24.498  -82.610  -23.615 0.5000000000
6725  -25.096  -81.933  -23.897 0.6000000238
6732  -36.208  -82.608  -22.505 0.3000000119
6744  -24.725  -82.587  -24.320 0.6000000238
6752  -33.728  -82.243  -24.286 0.3000000119
6761  -21.021  -83.097  -25.438 0.5000000000
6778  -26.687  -82.984  -27.146 0.4000000060
6784  -33.697  -83.043  -26.808 0.4000000060
6797  -25.079  -82.239  -27.164 0.6000000238
6801  -29.925  -82.400  -28.012 0.4000000060
6804  -33.042  -83.283  -27.493 0.3000000119
6806  -33.857  -82.946  -27.180 0.3000000119
6811  -20.922  -82.491  -28.756 0.5000000000
6814  -25.425  -81.996  -28.737 0.6999999881
6816  -28.176  -82.476  -28.764 0.5000000000
6817  -30.825  -83.233  -29.361 0.3000000119
6819  -33.749  -82.610  -27.885 0.3000000119
6826  -28.023  -82.929  -29.555 0.6000000238
6828  -29.901  -82.830  -29.316 0.5000000000
6830  -31.898  -82.847  -29.902 0.3000000119
6832  -33.167  -82.381  -29.061 0.3000000119
6841  -29.660  -82.584  -30.594 0.4000000060
6843  -31.812  -82.276  -30.520 0.3000000119
6849  -24.532  -82.075  -32.774 0.8000000119
6856  -23.284  -82.841  -32.406 0.5000000000
6857  -24.244  -82.541  -32.728 0.6999999881
6858  -25.219  -82.227  -33.237 0.5000000000
7389  -18.044  -80.411  -18.920 0.5000000000
7400  -21.541  -81.060  -19.475 0.5000000000
7401  -22.277  -80.960  -19.579 0.5000000000
7411  -17.952  -81.739  -20.150 0.5000000000
7413  -19.406  -81.692  -20.429 0.5000000000
7414  -20.977  -81.378  -19.809 0.5000000000
7426  -23.842  -81.154  -21.273 0.6000000238
7430  -32.445  -81.294  -21.788 0.3000000119
7431  -34.265  -82.042  -21.434 0.3000000119
7452  -29.056  -82.059  -23.731 0.4000000060
7467  -25.125  -81.462  -24.562 0.6000000238
7468  -28.734  -81.781  -24.506 0.5000000000
7472  -37.354  -81.318  -23.499 0.3000000119
7477  -28.962  -81.543  -25.374 0.5000000000
7478  -30.039  -81.855  -25.425 0.4000000060
7486  -25.332  -81.081  -26.203 0.6000000238
7487  -27.862  -81.842  -26.474 0.5000000000
7502  -28.354  -81.754  -27.260 0.5000000000
7517  -26.185  -81.074  -29.952 0.6999999881
7520  -25.671  -81.307  -32.272 0.6999999881
7522  -31.865  -81.757  -30.488 0.3000000119
7523  -25.221  -81.617  -33.001 0.8000000119
7530  -27.536  -80.812  -32.881 0.5000000000
7532  -29.194  -81.155  -32.514 0.4000000060
7533  -29.840  -81.032  -32.346 0.4000000060
8037  -17.828  -79.726  -18.517 0.5000000000
8040  -21.143  -79.596  -18.917 0.5000000000
8049  -20.906  -80.806  -19.200 0.5000000000
8050  -22.761  -79.824  -20.234 0.5000000000
8057  -23.606  -80.380  -21.107 0.6000000238
8066  -31.865  -80.589  -21.699 0.3000000119
8077  -23.254  -79.796  -22.610 0.6999999881
8078  -23.995  -80.477  -22.680 0.6999999881
8079  -33.970  -80.373  -22.215 0.3000000119
8107  -22.775  -79.520  -25.382 0.6000000238
8111  -37.048  -80.173  -24.739 0.3000000119
8114  -23.041  -79.523  -26.115 0.6000000238
8115  -23.646  -79.933  -26.549 0.6000000238
8117  -35.714  -81.177  -25.821 0.3000000119
8130  -31.547  -80.440  -28.079 0.4000000060
8145  -31.884  -80.908  -28.932 0.4000000060
8153  -25.659  -79.318  -30.439 0.6000000238
8161  -29.650  -80.379  -31.537 0.4000000060
8162  -30.642  -80.857  -31.192 0.4000000060
8164  -26.454  -80.060  -32.477 0.6000000238
8165  -29.465  -80.540  -32.275 0.4000000060
8167  -30.825  -81.274  -31.318 0.3000000119
8168  -27.636  -80.209  -32.994 0.4000000060
8169  -28.311  -80.275  -32.805 0.4000000060
8732  -19.566  -79.201  -18.651 0.5000000000
8743  -21.380  -79.271  -19.498 0.5000000000
8747  -30.991  -79.039  -20.108 0.3000000119
8755  -22.908  -79.517  -21.255 0.6999999881
8759  -32.066  -79.289  -21.151 0.3000000119
8770  -33.947  -78.729  -21.838 0.3000000119
8782  -33.055  -80.034  -22.218 0.3000000119
8793  -22.418  -79.260  -24.054 0.6999999881
8816  -23.256  -79.230  -26.820 0.5000000000
8829  -23.523  -78.727  -27.278 0.5000000000
8832  -27.417  -78.726  -28.408 0.4000000060
8836  -31.767  -79.941  -27.390 0.4000000060
8847  -24.185  -78.584  -28.422 0.5000000000
8848  -24.562  -78.790  -29.046 0.6000000238
8862  -28.947  -79.921  -30.690 0.4000000060
8868  -27.078  -78.706  -31.153 0.4000000060
8869  -27.934  -79.305  -31.138 0.4000000060
8874  -26.104  -78.901  -31.416 0.6000000238
8876  -27.277  -79.285  -32.445 0.4000000060
8880  -27.143  -79.722  -32.900 0.6000000238
8882  -28.698  -80.073  -32.560 0.4000000060
9429  -19.995  -78.915  -18.781 0.5000000000
9444  -20.656  -79.015  -19.082 0.5000000000
9460  -20.907  -78.891  -20.432 0.5000000000
9471  -20.569  -78.866  -21.185 0.6000000238
9476  -25.876  -78.127  -21.820 0.6000000238
9499  -28.011  -77.956  -22.699 0.5000000000
9509  -18.366  -78.535  -23.906 0.5000000000
9510  -22.468  -78.546  -23.617 0.6000000238
9512  -25.634  -78.673  -23.083 0.6000000238
9514  -27.578  -78.324  -23.314 0.5000000000
9528  -28.172  -77.393  -24.501 0.5000000000
9537  -23.898  -78.535  -26.065 0.5000000000
9555  -30.196  -78.440  -26.175 0.4000000060
9565  -24.418  -78.038  -28.307 0.5000000000
9584  -26.289  -78.005  -28.569 0.5000000000
9598  -25.554  -78.342  -29.948 0.6000000238
9599  -25.782  -78.284  -30.092 0.6000000238
9606  -25.990  -78.564  -30.879 0.6000000238
9612  -26.427  -78.916  -31.723 0.6000000238
9613  -26.772  -79.247  -32.371 0.6000000238
10162  -16.973  -77.621  -18.736 0.5000000000
10188  -18.029  -77.750  -20.267 0.5000000000
10199  -16.872  -77.246  -21.290 0.5000000000
10200  -17.659  -78.504  -21.965 0.5000000000
10203  -21.017  -77.805  -21.672 0.6000000238
10207  -25.994  -77.586  -21.560 0.6000000238
10208  -27.592  -77.391  -21.561 0.6000000238
10224  -28.251  -77.474  -22.090 0.6000000238
10236  -18.765  -78.658  -23.474 0.5000000000
10255  -29.121  -76.585  -24.682 0.5000000000
10278  -31.836  -77.874  -26.618 0.4000000060
10890  -28.029  -76.083  -20.659 0.6000000238
10911  -25.152  -76.498  -21.576 0.6000000238
10914  -27.721  -76.749  -21.096 0.6000000238
10916  -29.135  -76.158  -22.190 0.6000000238
10927  -19.627  -77.412  -22.335 0.5000000000
10928  -20.198  -76.349  -21.954 0.6000000238
10943  -19.183  -77.829  -23.072 0.5000000000
11580  -25.628  -75.264  -20.040 0.6000000238
11591  -24.701  -75.400  -21.183 0.6000000238
11594  -26.716  -75.776  -20.418 0.6000000238
11610  -24.995  -75.849  -21.833 0.5000000000
11612  -28.358  -75.361  -20.974 0.6000000238
11621  -23.383  -75.560  -23.150 0.6999999881
11624  -29.488  -75.650  -22.742 0.6000000238
11638  -20.735  -74.974  -23.323 0.6999999881
11641  -24.145  -74.957  -23.738 0.6999999881
11652  -23.733  -74.854  -24.277 0.6000000238
11713  -19.939  -74.996  -28.391 0.5000000000
12311  -25.019  -74.538  -19.709 0.6000000238
12313  -26.585  -74.624  -19.829 0.6000000238
12314  -27.300  -74.727  -20.177 0.6000000238
12325  -23.063  -74.500  -20.809 0.5000000000
12339  -23.575  -74.583  -21.849 0.6000000238
12343  -28.986  -75.301  -21.862 0.6000000238
12378  -23.330  -75.056  -24.375 0.6999999881
12391  -19.953  -74.975  -23.897 0.6999999881
12393  -22.500  -74.763  -24.891 0.6999999881
12405  -20.029  -74.635  -25.737 0.6999999881
12408  -23.112  -74.197  -25.450 0.6999999881
12431  -22.791  -74.019  -26.241 0.6000000238
12446  -22.032  -74.003  -27.585 0.6000000238
12448  -29.747  -74.117  -28.635 0.5000000000
12463  -22.452  -73.204  -27.930 0.6000000238
13113  -23.302  -73.572  -19.636 0.5000000000
13114  -23.885  -73.273  -19.557 0.5000000000
13115  -26.117  -73.903  -19.663 0.6000000238
13137  -26.337  -73.275  -20.081 0.6999999881
13138  -27.929  -73.904  -20.933 0.5000000000
13155  -20.891  -73.128  -21.230 0.6000000238
13175  -23.265  -74.210  -22.537 0.5000000000
13176  -24.105  -74.630  -23.433 0.6000000238
13210  -22.750  -73.441  -24.762 0.6000000238
13213  -29.917  -73.352  -24.642 0.4000000060
13218  -22.943  -73.865  -25.935 0.6999999881
13232  -29.781  -73.422  -26.501 0.4000000060
13242  -22.595  -73.098  -27.170 0.5000000000
13263  -22.294  -73.120  -30.173 0.6000000238
13845  -21.195  -72.091  -18.670 0.5000000000
13846  -21.829  -72.240  -18.594 0.5000000000
13864  -19.846  -71.802  -19.668 0.5000000000
13865  -20.584  -72.122  -19.185 0.6000000238
13866  -22.192  -72.754  -19.279 0.5000000000
13868  -23.910  -72.366  -19.453 0.5000000000
13885  -20.941  -72.700  -19.859 0.6000000238
13901  -19.356  -72.363  -21.320 0.6000000238
13938  -17.833  -72.054  -23.383 0.6000000238
13941  -21.033  -72.924  -23.726 0.5000000000
13944  -27.689  -72.376  -23.571 0.4000000060
13954  -18.621  -72.622  -24.636 0.6999999881
13956  -21.478  -72.607  -25.284 0.5000000000
13965  -16.389  -71.551  -26.045 0.6000000238
13968  -19.959  -72.545  -25.839 0.6000000238
13969  -21.137  -72.445  -26.074 0.6000000238
13971  -22.682  -73.353  -26.003 0.6000000238
13979  -18.481  -72.884  -26.669 0.6000000238
13982  -22.576  -72.973  -26.575 0.6000000238
13996  -22.366  -72.818  -27.861 0.5000000000
14003  -17.361  -71.859  -29.086 0.5000000000
14004  -18.169  -72.615  -28.781 0.5000000000
14006  -21.081  -72.422  -28.958 0.4000000060
14008  -22.202  -72.736  -28.574 0.5000000000
14018  -21.983  -72.645  -29.514 0.4000000060
14632  -20.901  -71.512  -18.683 0.5000000000
14636  -23.895  -71.500  -18.455 0.5000000000
14637  -25.383  -71.496  -18.829 0.4000000060
14638  -26.259  -71.464  -18.952 0.5000000000
14639  -27.673  -71.291  -19.172 0.5000000000
14653  -24.859  -71.776  -19.681 0.6000000238
14673  -25.894  -71.179  -21.203 0.6000000238
14674  -26.569  -70.764  -21.538 0.4000000060
14675  -27.759  -71.081  -20.840 0.4000000060
14676  -28.908  -71.191  -20.391 0.4000000060
14687  -18.546  -71.549  -21.491 0.6000000238
14688  -25.994  -70.995  -21.956 0.4000000060
14700  -18.173  -71.114  -22.051 0.6000000238
14723  -16.238  -70.991  -25.591 0.6000000238
14734  -13.064  -71.363  -26.735 0.6000000238
14749  -12.132  -71.977  -28.799 0.5000000000
14751  -16.388  -71.301  -28.073 0.6000000238
14759  -13.292  -71.408  -29.328 0.5000000000
14761  -16.782  -71.014  -29.094 0.6000000238
14768  -15.072  -70.754  -29.394 0.5000000000
15416  -20.761  -70.859  -18.774 0.5000000000
15421  -28.308  -70.620  -18.456 0.5000000000
15434  -19.762  -71.081  -19.620 0.6000000238
15438  -29.475  -70.452  -19.274 0.4000000060
15450  -19.299  -70.772  -20.238 0.6000000238
15464  -18.844  -70.469  -20.885 0.6000000238
15466  -27.027  -70.555  -22.213 0.4000000060
15479  -12.879  -70.218  -22.788 0.6999999881
15482  -18.285  -70.459  -22.062 0.6000000238
15484  -27.539  -70.435  -22.908 0.4000000060
15495  -11.698  -70.489  -23.645 0.5000000000
15496  -12.536  -70.576  -23.522 0.5000000000
15497  -13.175  -70.487  -23.407 0.6000000238
15500  -27.066  -70.445  -23.597 0.4000000060
15512  -16.930  -70.399  -24.388 0.6000000238
15523  -13.476  -70.571  -26.242 0.6000000238
15524  -15.850  -70.145  -26.061 0.5000000000
15548  -13.816  -70.458  -28.833 0.6000000238
15549  -14.549  -70.095  -28.891 0.6000000238
15551  -16.438  -70.326  -29.092 0.6000000238
15556  -16.128  -70.209  -29.273 0.6000000238
16240  -21.245  -69.227  -20.271 0.6000000238
16252  -18.649  -69.768  -22.040 0.6000000238
16266  -13.377  -69.612  -22.221 0.6999999881
16267  -14.127  -69.520  -22.608 0.6999999881
16268  -17.663  -69.974  -23.227 0.6000000238
16270  -18.770  -69.254  -22.779 0.6000000238
16280  -11.203  -69.725  -23.310 0.5000000000
16281  -14.267  -69.511  -23.488 0.6999999881
16283  -18.866  -68.862  -23.430 0.6000000238
16294  -14.343  -69.139  -24.499 0.6999999881
16310  -13.988  -68.266  -25.624 0.6999999881
16311  -15.711  -69.196  -26.508 0.6000000238
16332  -15.543  -68.948  -27.983 0.6000000238
16339  -14.151  -69.443  -28.359 0.6000000238
16340  -14.913  -69.246  -28.504 0.6000000238
17008  -13.150  -68.530  -21.039 0.6000000238
17011  -16.048  -68.160  -19.947 0.5000000000
17024  -11.524  -68.220  -21.891 0.6999999881
17026  -13.673  -69.096  -21.506 0.6999999881
17029  -16.332  -68.052  -21.221 0.6000000238
17037  -10.604  -67.897  -23.087 0.6000000238
17055  -19.303  -68.532  -24.010 0.6000000238
17067  -14.419  -68.167  -24.816 0.6999999881
17082  -13.617  -68.231  -27.178 0.6999999881
17088  -14.057  -68.228  -27.589 0.6999999881
17089  -14.625  -68.107  -27.639 0.6000000238
17095  -15.119  -68.660  -28.096 0.6000000238
17766  -15.199  -67.255  -18.952 0.6999999881
17768  -16.808  -67.326  -18.757 0.6000000238
17785  -15.651  -67.767  -19.471 0.6000000238
17786  -16.401  -67.641  -19.420 0.6000000238
17802  -13.495  -67.979  -20.380 0.6000000238
17819  -17.241  -66.993  -21.033 0.6000000238
17828  -11.029  -67.629  -22.408 0.6000000238
17829  -15.590  -67.491  -23.069 0.6000000238
17839  -9.817  -66.791  -24.137 0.6000000238
17842  -15.041  -66.987  -24.082 0.6999999881
17864  -16.139  -66.730  -25.680 0.6000000238
17875  -13.837  -67.563  -26.851 0.6999999881
17876  -14.411  -67.207  -26.689 0.6000000238
17889  -14.785  -67.584  -27.207 0.6000000238
18483  -14.582  -66.367  -8.186 0.3000000119
18498  -14.668  -66.124  -9.030 0.3000000119
18581  -17.533  -66.614  -17.841 0.5000000000
18596  -14.865  -66.408  -18.702 0.6999999881
18600  -18.131  -66.519  -18.305 0.5000000000
18613  -13.674  -66.324  -19.639 0.6000000238
18614  -14.429  -66.867  -19.269 0.6000000238
18615  -17.719  -66.817  -19.687 0.5000000000
18623  -7.666  -65.899  -21.206 0.6000000238
18627  -13.045  -66.844  -20.219 0.6000000238
18628  -17.659  -66.476  -20.631 0.5000000000
18637  -7.633  -66.240  -22.010 0.6000000238
18639  -11.589  -66.434  -21.591 0.6999999881
18640  -12.290  -66.679  -20.860 0.6000000238
18650  -8.110  -66.159  -22.802 0.5000000000
18651  -11.011  -66.690  -22.362 0.6999999881
18663  -9.480  -66.383  -23.858 0.6000000238
18676  -14.680  -65.851  -25.627 0.6000000238
18677  -14.820  -65.449  -25.077 0.6000000238
18687  -15.095  -65.679  -25.825 0.6000000238
19273  -15.080  -65.910  -7.129 0.3000000119
19290  -13.205  -65.898  -8.588 0.3000000119
19305  -11.772  -65.144  -8.858 0.4000000060
19306  -12.691  -65.481  -9.101 0.3000000119
19323  -14.543  -65.483  -10.532 0.4000000060
19339  -15.241  -65.399  -10.876 0.4000000060
19402  -16.797  -65.247  -16.656 0.5000000000
19403  -17.648  -65.118  -16.610 0.5000000000
19404  -18.500  -64.696  -16.680 0.5000000000
19414  -15.603  -65.575  -17.420 0.6999999881
19433  -15.295  -65.948  -18.151 0.6999999881
19443  -7.791  -64.938  -19.968 0.6000000238
19446  -13.582  -65.282  -19.563 0.6000000238
19455  -7.705  -65.124  -20.736 0.6000000238
19470  -8.156  -65.106  -21.877 0.6000000238
19471  -11.320  -65.278  -21.764 0.6999999881
19473  -17.989  -65.582  -21.061 0.5000000000
19485  -8.606  -65.455  -22.565 0.6000000238
19487  -10.238  -65.211  -22.772 0.6000000238
19502  -9.921  -65.774  -23.414 0.5000000000
19504  -15.398  -65.379  -24.461 0.6000000238
19518  -15.488  -64.810  -25.049 0.6000000238
19519  -16.155  -64.300  -24.936 0.6000000238
19535  -15.577  -65.060  -25.450 0.6000000238
19536  -16.409  -64.790  -25.441 0.6999999881
20097  -14.370  -65.298  -6.128 0.3000000119
20112  -15.524  -65.044  -7.460 0.3000000119
20127  -15.947  -65.067  -8.286 0.3000000119
20142  -10.057  -64.417  -9.220 0.3000000119
20144  -12.160  -64.751  -10.251 0.3000000119
20157  -12.894  -64.964  -10.700 0.4000000060
20238  -8.487  -63.993  -16.839 0.5000000000
20241  -15.507  -64.219  -16.526 0.5000000000
20242  -16.337  -64.584  -16.525 0.5000000000
20253  -13.653  -64.135  -17.604 0.6999999881
20255  -15.077  -64.917  -16.980 0.6000000238
20267  -7.959  -64.544  -18.555 0.5000000000
20268  -13.859  -64.530  -18.452 0.6999999881
20283  -7.988  -64.866  -19.284 0.5000000000
20298  -7.799  -64.506  -20.600 0.6000000238
20299  -8.221  -64.103  -20.817 0.6000000238
20317  -8.653  -64.450  -21.485 0.6000000238
20318  -9.650  -64.147  -21.711 0.6000000238
20321  -11.577  -63.695  -21.229 0.6000000238
20334  -10.001  -64.590  -22.366 0.6000000238
20335  -10.698  -64.616  -22.096 0.6999999881
20336  -17.696  -64.296  -23.525 0.5000000000
20362  -16.613  -64.075  -25.125 0.5000000000
20363  -17.254  -63.846  -25.251 0.5000000000
20374  -16.981  -64.179  -25.366 0.5000000000
20375  -17.898  -63.978  -25.695 0.5000000000
20996  -10.358  -63.840  -10.555 0.4000000060
21009  -12.521  -64.113  -11.875 0.4000000060
21023  -11.846  -63.179  -12.517 0.4000000060
21063  -7.301  -62.756  -16.163 0.5000000000
21070  -7.189  -62.958  -17.069 0.5000000000
21073  -13.545  -63.051  -16.509 0.5000000000
21078  -18.797  -63.834  -16.670 0.4000000060
21092  -19.579  -63.671  -17.043 0.4000000060
21094  -21.052  -63.228  -17.621 0.4000000060
21095  -21.628  -63.064  -17.882 0.4000000060
21104  -7.425  -63.033  -18.793 0.5000000000
21121  -7.604  -63.391  -19.373 0.5000000000
21124  -12.727  -63.927  -20.064 0.6000000238
21135  -7.794  -63.840  -20.133 0.6000000238
21137  -9.671  -62.764  -20.804 0.6000000238
21148  -10.168  -63.306  -21.374 0.6000000238
21850  -9.942  -63.040  -11.000 0.4000000060
21878  -11.195  -62.657  -12.403 0.4000000060
21879  -12.608  -63.090  -13.036 0.3000000119
21929  -11.389  -62.473  -16.760 0.6000000238
21930  -12.237  -62.263  -16.436 0.6000000238
21933  -15.153  -62.644  -16.476 0.5000000000
21936  -18.381  -63.036  -16.810 0.4000000060
21937  -19.094  -63.178  -16.916 0.4000000060
21946  -6.431  -61.748  -17.030 0.5000000000
21954  -21.340  -62.425  -17.682 0.4000000060
21967  -8.082  -61.786  -18.902 0.4000000060
21969  -11.112  -62.444  -19.513 0.6000000238
21970  -22.572  -62.508  -18.221 0.4000000060
21986  -7.835  -62.519  -19.187 0.5000000000
21989  -9.942  -61.505  -19.897 0.6000000238
22002  -9.932  -61.932  -20.457 0.6000000238
22757  -8.716  -61.666  -10.646 0.4000000060
22808  -13.587  -62.067  -13.557 0.3000000119
22827  -6.429  -61.209  -15.762 0.5000000000
22836  -6.465  -61.315  -16.513 0.5000000000
22837  -10.784  -61.773  -16.205 0.6000000238
22838  -11.416  -61.105  -15.861 0.6999999881
22851  -6.601  -61.296  -17.041 0.5000000000
22853  -7.624  -60.995  -17.817 0.5000000000
22856  -14.897  -61.072  -16.822 0.5000000000
22857  -15.660  -61.394  -17.021 0.5000000000
22859  -17.661  -61.453  -17.854 0.4000000060
22863  -21.368  -61.520  -17.844 0.3000000119
22877  -8.446  -61.216  -18.570 0.4000000060
22895  -9.298  -61.313  -19.283 0.5000000000
23682  -7.537  -60.761  -10.664 0.3000000119
23724  -8.714  -59.655  -11.659 0.3000000119
23725  -9.507  -60.159  -11.953 0.3000000119
23726  -10.101  -60.353  -12.614 0.3000000119
23727  -10.815  -60.590  -13.357 0.3000000119
23767  -8.437  -59.858  -15.575 0.5000000000
23770  -10.898  -60.234  -15.684 0.5000000000
23777  -6.670  -60.932  -16.694 0.4000000060
23778  -7.106  -60.418  -16.471 0.5000000000
23780  -8.859  -60.502  -15.936 0.5000000000
23792  -7.704  -60.511  -17.238 0.4000000060
23794  -16.092  -60.972  -17.754 0.4000000060
23814  -18.197  -60.316  -18.689 0.4000000060
23815  -19.571  -60.394  -18.226 0.4000000060
24639  -7.188  -58.644  -12.369 0.3000000119
24640  -7.839  -59.014  -11.972 0.3000000119
24678  -7.118  -59.478  -14.959 0.3000000119
24680  -8.949  -59.410  -15.192 0.4000000060
24693  -7.434  -59.831  -15.745 0.5000000000
24696  -12.314  -59.509  -16.591 0.4000000060
24727  -18.330  -59.654  -19.442 0.3000000119
24728  -19.021  -59.900  -18.734 0.4000000060
24745  -16.744  -59.638  -20.288 0.3000000119
25613  -11.685  -57.639  -14.315 0.3000000119
25614  -12.388  -58.143  -14.537 0.3000000119
25629  -9.347  -58.542  -15.229 0.4000000060
25650  -11.790  -58.616  -16.838 0.4000000060
25671  -12.841  -58.590  -17.871 0.4000000060
25686  -13.921  -58.654  -19.205 0.3000000119
26511  -8.979  -56.289  -13.509 0.3000000119
26512  -9.975  -56.546  -13.747 0.3000000119
26513  -10.863  -57.237  -14.066 0.3000000119
26520  -7.367  -58.112  -13.947 0.3000000119
26522  -10.623  -56.211  -14.262 0.3000000119
26535  -7.660  -57.991  -14.282 0.3000000119
26538  -9.657  -57.450  -15.509 0.4000000060
26555  -10.084  -56.444  -16.117 0.3000000119
26576  -11.131  -56.801  -17.440 0.3000000119
27434  -9.428  -55.876  -13.968 0.3000000119
27442  -8.670  -56.478  -14.478 0.3000000119
27443  -9.083  -55.850  -14.474 0.3000000119
27451  -12.046  -56.057  -16.030 0.3000000119
27460  -10.307  -55.829  -16.241 0.3000000119
27481  -10.717  -55.910  -16.799 0.3000000119
27482  -11.198  -56.201  -17.389 0.3000000119
28342  -9.420  -55.276  -14.895 0.3000000119
28343  -9.684  -55.250  -14.685 0.3000000119
28344  -10.559  -55.450  -14.820 0.3000000119
28355  -9.997  -55.145  -15.222 0.3000000119
123388  -11.963  -63.456  -20.555 0.6000000238
123406  -14.379  -66.454  -6.921 0.3000000119
124091  -18.736  -72.142  -21.761 0.6000000238
124449  -20.479  -72.457  -26.540 0.5000000000
124464  -32.857  -82.997  -28.709 0.3000000119
124553  -23.130  -78.631  -25.347 0.5000000000
124729  -23.142  -82.605  -30.366 0.6999999881
124958  -20.342  -72.454  -27.259 0.6000000238
125466  -18.533  -72.235  -22.664 0.6000000238
125542  -13.766  -58.823  -18.646 0.3000000119
125744  -25.421  -81.623  -33.089 0.8000000119
126138  -20.085  -72.585  -20.864 0.6000000238
126312  -8.503  -57.222  -12.851 0.3000000119
126446  -15.112  -68.819  -21.656 0.6000000238
126582  -12.997  -63.759  -17.920 0.6999999881
126621  -11.863  -64.692  -21.178 0.6000000238
127509  -30.779  -79.299  -26.879 0.4000000060
127791  -24.447  -71.999  -19.670 0.6000000238
128505  -17.684  -64.990  -21.862 0.5000000000
128777  -24.981  -82.391  -25.749 0.6000000238
128781  -17.320  -71.717  -24.057 0.6000000238
129607  -25.635  -84.530  -30.357 0.5000000000
129729  -21.296  -73.286  -22.052 0.6000000238
129805  -13.265  -70.802  -25.174 0.6000000238
129882  -27.037  -77.783  -25.510 0.5000000000
129915  -23.668  -78.548  -26.781 0.5000000000
130000  -21.348  -73.233  -20.589 0.5000000000
130306  -16.192  -71.521  -27.034 0.5000000000
130517  -13.692  -70.182  -25.460 0.6000000238
130660  -10.888  -62.541  -17.553 0.6000000238
130691  -29.691  -74.096  -27.752 0.4000000060
131260  -21.170  -72.423  -27.966 0.4000000060
131563  -12.936  -63.805  -19.439 0.6000000238
131924  -27.054  -71.333  -18.781 0.5000000000
132476  -13.796  -68.837  -27.814 0.6999999881
133384  -18.710  -65.746  -17.636 0.5000000000
133434  -31.713  -82.652  -26.390 0.4000000060
133540  -30.215  -74.553  -24.173 0.5000000000
133573  -27.428  -83.269  -30.538 0.6000000238
133677  -32.765  -82.471  -25.438 0.4000000060
133822  -16.350  -60.570  -18.401 0.4000000060
134408  -22.611  -73.586  -19.877 0.5000000000
134555  -19.246  -75.579  -23.647 0.6000000238
134558  -21.910  -71.093  -18.220 0.5000000000
135360  -35.426  -83.744  -21.524 0.3000000119
135394  -23.451  -83.403  -26.003 0.5000000000
135638  -18.446  -65.313  -20.638 0.5000000000
135954  -18.117  -78.486  -18.629 0.5000000000
136273  -17.039  -66.944  -18.187 0.6999999881
136431  -11.014  -63.914  -21.672 0.6000000238
136504  -31.858  -78.965  -20.360 0.3000000119
136760  -25.455  -78.043  -29.595 0.5000000000
136866  -11.196  -61.983  -12.933 0.3000000119
137040  -29.602  -70.910  -20.808 0.4000000060
137105  -34.897  -81.934  -24.775 0.3000000119
137208  -20.535  -82.320  -22.501 0.5000000000
137521  -14.326  -66.556  -25.867 0.6999999881
137556  -35.341  -83.211  -22.388 0.3000000119
138205  -27.172  -78.541  -24.032 0.5000000000
138634  -11.354  -70.720  -24.267 0.5000000000
138670  -31.302  -82.194  -24.781 0.4000000060
138688  -17.115  -71.051  -23.971 0.6000000238
139014  -24.623  -82.059  -23.135 0.6000000238
139311  -25.306  -73.784  -19.584 0.6000000238
139481  -23.239  -82.260  -21.514 0.6000000238
139586  -20.340  -82.751  -25.931 0.5000000000
140245  -27.798  -78.107  -24.053 0.5000000000
140298  -16.754  -72.203  -26.470 0.5000000000
140651  -19.574  -72.718  -24.433 0.6000000238
140933  -12.812  -71.512  -29.040 0.5000000000
140977  -20.963  -75.868  -22.082 0.6999999881
141141  -16.870  -72.046  -25.653 0.6000000238
141299  -30.912  -82.237  -31.183 0.4000000060
141344  -19.589  -78.755  -22.139 0.5000000000
141377  -16.520  -67.717  -25.478 0.6000000238
141714  -16.775  -65.970  -22.555 0.5000000000
141970  -17.879  -72.571  -24.988 0.6000000238
142044  -29.090  -71.057  -19.707 0.4000000060
142146  -20.476  -78.723  -19.751 0.5000000000
142320  -9.223  -60.884  -16.442 0.5000000000
142408  -29.678  -75.554  -25.018 0.4000000060
142650  -27.419  -81.609  -32.421 0.8000000119
142689  -9.211  -55.504  -14.513 0.3000000119
142720  -9.477  -57.776  -12.849 0.3000000119
142923  -23.382  -79.785  -21.809 0.6999999881
142974  -8.714  -56.692  -13.195 0.3000000119
142992  -22.371  -80.127  -19.544 0.5000000000
143214  -18.581  -78.154  -19.081 0.5000000000
143218  -16.793  -71.022  -29.498 0.6000000238
143357  -22.412  -72.942  -28.497 0.6000000238
143850  -14.682  -60.477  -17.278 0.5000000000
143942  -16.158  -64.378  -8.634 0.3000000119
143946  -14.318  -66.826  -26.267 0.6999999881
144058  -20.840  -80.042  -18.660 0.5000000000
144082  -26.809  -78.890  -32.048 0.6000000238
144129  -29.704  -74.088  -23.447 0.5000000000
144409  -21.419  -82.430  -30.855 0.5000000000
144485  -22.240  -73.565  -28.027 0.6000000238
144606  -16.336  -68.072  -20.488 0.6000000238
144885  -20.771  -61.050  -17.884 0.3000000119
145253  -23.647  -82.808  -29.314 0.6999999881
145382  -18.608  -70.260  -21.504 0.6000000238
145512  -7.687  -63.987  -18.018 0.5000000000
145619  -28.169  -81.742  -25.750 0.5000000000
145750  -24.758  -81.356  -23.470 0.6000000238
146099  -13.589  -62.091  -16.396 0.5000000000
146168  -27.991  -71.934  -24.648 0.5000000000
146196  -35.910  -83.109  -21.322 0.3000000119
146997  -18.307  -64.134  -16.541 0.5000000000
147068  -24.581  -77.040  -21.629 0.6000000238
147213  -26.575  -84.000  -29.878 0.5000000000
147642  -11.798  -63.072  -19.390 0.6000000238
147843  -21.136  -81.686  -20.449 0.5000000000
148052  -22.519  -83.455  -25.264 0.5000000000
148066  -27.572  -77.846  -22.084 0.6000000238
148320  -24.685  -74.978  -22.675 0.6000000238
148533  -10.230  -61.419  -15.996 0.6999999881
148679  -21.160  -75.549  -22.418 0.6999999881
148716  -15.151  -65.595  -10.385 0.4000000060
148751  -34.856  -82.025  -23.850 0.3000000119
149287  -33.941  -82.831  -26.372 0.3000000119
149399  -33.809  -83.289  -22.753 0.3000000119
149534  -19.358  -76.791  -22.667 0.5000000000
149603  -18.861  -75.551  -26.139 0.5000000000
149635  -11.041  -64.976  -8.298 0.3000000119
149700  -14.119  -64.250  -17.137 0.6000000238
