#!ascii label  , from subject chris_t1_5 vox2ras=TkReg
1598
53662  9.440  -26.925  57.277 0.0000000000
67579  40.675  -12.733  28.356 0.0000000000
51713  26.834  -28.942  47.505 0.0000000000
54787  36.070  -26.261  48.109 0.0000000000
55839  18.322  -25.722  46.581 0.0000000000
52654  15.943  -28.088  54.458 0.0000000000
76443  48.116  -3.806  20.757 0.0000000000
74363  47.209  -5.532  29.983 0.0000000000
64432  32.253  -16.097  44.304 0.0000000000
78418  53.405  -1.497  13.356 0.0000000000
127599  24.538  -27.310  52.922 0.0000000000
136151  13.022  -25.370  56.222 0.0000000000
77340  47.707  -3.903  24.869 0.0000000000
75414  43.653  -6.208  24.210 0.0000000000
66488  39.960  -14.288  33.637 0.0000000000
129295  45.428  -12.409  34.094 0.0000000000
65516  36.170  -15.727  34.791 0.0000000000
56724  34.797  -23.242  43.386 0.0000000000
53806  31.982  -27.321  47.347 0.0000000000
55724  20.929  -25.258  52.474 0.0000000000
55652  18.544  -25.134  57.133 0.0000000000
55765  17.138  -26.588  50.470 0.0000000000
54755  13.676  -26.773  51.494 0.0000000000
53822  21.856  -27.762  46.939 0.0000000000
76425  52.848  -3.029  21.242 0.0000000000
78301  52.536  -2.162  25.891 0.0000000000
69587  45.644  -10.068  28.564 0.0000000000
64443  36.744  -16.350  42.081 0.0000000000
59514  34.782  -20.122  47.146 0.0000000000
75528  51.178  -4.634  16.839 0.0000000000
77440  56.064  -1.272  18.099 0.0000000000
78395  58.209  -0.497  16.306 0.0000000000
55667  23.678  -25.002  55.669 0.0000000000
145329  11.449  -25.489  57.116 0.0000000000
122513  12.933  -28.101  57.920 0.0000000000
55598  11.803  -25.438  60.067 0.0000000000
75457  43.053  -5.584  22.824 0.0000000000
67477  39.529  -13.196  36.755 0.0000000000
125597  42.306  -13.398  36.945 0.0000000000
53630  4.865  -26.910  60.400 0.0000000000
64599  35.942  -16.434  30.976 0.0000000000
52806  28.320  -27.493  44.723 0.0000000000
53845  30.454  -26.571  44.644 0.0000000000
52766  29.707  -28.319  47.244 0.0000000000
54776  19.297  -25.800  49.122 0.0000000000
124257  18.727  -25.284  51.894 0.0000000000
55803  17.551  -25.704  48.795 0.0000000000
54830  19.875  -26.449  46.475 0.0000000000
53782  21.450  -26.736  49.285 0.0000000000
53672  17.004  -26.943  56.089 0.0000000000
138523  50.388  -3.328  21.212 0.0000000000
77364  53.044  -2.051  23.808 0.0000000000
77387  49.579  -3.139  23.164 0.0000000000
76365  46.771  -4.519  27.614 0.0000000000
77319  49.019  -3.211  27.776 0.0000000000
68629  40.568  -11.436  25.158 0.0000000000
70561  42.821  -9.875  25.349 0.0000000000
68590  43.306  -11.728  28.026 0.0000000000
130257  32.934  -17.320  41.291 0.0000000000
135799  35.180  -17.783  39.496 0.0000000000
63430  35.167  -17.590  43.060 0.0000000000
55848  35.034  -24.727  45.533 0.0000000000
58612  36.642  -21.736  44.816 0.0000000000
57599  37.676  -22.914  46.786 0.0000000000
74491  47.497  -5.717  18.523 0.0000000000
75520  48.789  -4.945  16.784 0.0000000000
75505  49.805  -5.256  18.734 0.0000000000
75492  51.994  -4.200  19.088 0.0000000000
80302  58.058  0.688  13.964 0.0000000000
79359  56.484  -0.390  14.457 0.0000000000
79333  57.655  -0.538  17.177 0.0000000000
78399  55.219  -2.070  15.278 0.0000000000
52722  25.319  -28.504  50.673 0.0000000000
52739  27.901  -28.571  49.897 0.0000000000
53705  27.010  -26.867  53.593 0.0000000000
52671  13.698  -28.406  54.084 0.0000000000
50654  15.577  -30.364  56.765 0.0000000000
49679  12.793  -31.095  56.390 0.0000000000
75485  45.519  -5.516  21.120 0.0000000000
77389  47.811  -3.568  22.612 0.0000000000
146536  45.504  -4.529  22.528 0.0000000000
76393  45.415  -5.191  24.219 0.0000000000
74383  45.740  -5.745  26.980 0.0000000000
66525  40.231  -14.035  30.802 0.0000000000
139241  43.193  -12.827  31.055 0.0000000000
139200  43.013  -13.476  33.902 0.0000000000
63394  31.217  -17.212  44.402 0.0000000000
54785  38.384  -25.864  48.178 0.0000000000
52625  7.061  -27.898  57.244 0.0000000000
55602  9.125  -25.742  60.354 0.0000000000
129634  6.915  -26.032  60.214 0.0000000000
66568  38.021  -13.953  27.849 0.0000000000
65550  38.065  -15.151  31.156 0.0000000000
66490  37.799  -14.496  33.935 0.0000000000
67463  37.585  -13.630  37.252 0.0000000000
55883  31.950  -24.844  42.905 0.0000000000
54842  32.757  -25.709  45.439 0.0000000000
147581  33.685  -26.469  47.797 0.0000000000
53779  30.303  -27.760  50.089 0.0000000000
54769  32.284  -26.809  50.245 0.0000000000
55669  21.699  -24.789  55.543 0.0000000000
131932  20.148  -24.091  57.911 0.0000000000
55671  19.587  -24.800  55.395 0.0000000000
135264  18.312  -25.494  53.801 0.0000000000
54706  17.204  -26.749  53.081 0.0000000000
54800  16.127  -26.944  48.598 0.0000000000
55767  15.226  -26.786  51.154 0.0000000000
131555  14.337  -26.308  52.641 0.0000000000
55716  13.018  -24.983  53.692 0.0000000000
54711  11.360  -26.547  54.132 0.0000000000
53698  10.024  -27.710  54.807 0.0000000000
52809  25.728  -27.863  44.172 0.0000000000
52811  23.469  -27.847  43.998 0.0000000000
130093  24.303  -28.564  47.154 0.0000000000
52724  23.282  -27.769  50.001 0.0000000000
125038  22.929  -26.270  52.998 0.0000000000
76381  53.454  -3.047  25.214 0.0000000000
140257  49.440  -3.173  25.281 0.0000000000
72450  41.354  -7.235  23.850 0.0000000000
130714  44.600  -7.484  26.509 0.0000000000
72412  46.510  -7.810  29.567 0.0000000000
68558  45.209  -11.473  30.921 0.0000000000
70483  47.427  -9.272  31.516 0.0000000000
63514  34.572  -16.684  35.760 0.0000000000
64505  36.021  -15.689  38.043 0.0000000000
129871  38.111  -13.861  40.512 0.0000000000
60461  33.701  -18.876  45.882 0.0000000000
62359  32.957  -17.595  46.706 0.0000000000
57573  35.891  -22.182  49.344 0.0000000000
60420  34.912  -19.266  48.834 0.0000000000
64399  33.831  -16.688  46.399 0.0000000000
63382  36.704  -16.884  46.162 0.0000000000
66364  38.218  -14.418  44.125 0.0000000000
77462  52.521  -2.692  14.998 0.0000000000
76477  53.331  -3.541  17.016 0.0000000000
123010  54.305  -2.842  20.036 0.0000000000
56578  24.040  -25.656  56.594 0.0000000000
54655  10.333  -26.596  57.028 0.0000000000
55642  11.247  -25.442  57.702 0.0000000000
54627  10.721  -25.713  58.468 0.0000000000
68505  39.193  -12.428  38.191 0.0000000000
68504  40.208  -12.504  38.188 0.0000000000
52598  3.588  -27.528  59.659 0.0000000000
122584  27.125  -28.385  45.929 0.0000000000
52793  28.618  -27.881  45.516 0.0000000000
51712  27.857  -28.785  47.458 0.0000000000
130062  18.672  -25.728  47.885 0.0000000000
55785  18.589  -25.628  49.328 0.0000000000
134829  17.761  -25.638  47.303 0.0000000000
127208  19.383  -26.214  45.109 0.0000000000
54831  19.082  -26.029  46.831 0.0000000000
54815  19.620  -26.240  47.407 0.0000000000
52638  16.340  -27.723  55.752 0.0000000000
52639  16.068  -28.066  56.612 0.0000000000
133566  49.054  -3.655  20.719 0.0000000000
77400  50.108  -3.258  21.785 0.0000000000
77401  49.255  -3.306  22.112 0.0000000000
75385  46.875  -4.772  28.627 0.0000000000
124074  47.724  -3.935  28.721 0.0000000000
67609  40.646  -11.999  26.449 0.0000000000
122630  42.093  -11.621  26.761 0.0000000000
68592  41.858  -11.947  27.637 0.0000000000
123581  30.924  -16.381  43.392 0.0000000000
63432  32.476  -16.712  42.778 0.0000000000
62400  34.061  -17.493  42.109 0.0000000000
64431  33.195  -16.498  44.260 0.0000000000
138134  36.173  -25.157  46.578 0.0000000000
55846  36.762  -24.180  45.656 0.0000000000
55812  37.151  -25.159  46.778 0.0000000000
75496  47.728  -5.197  19.818 0.0000000000
74478  48.927  -5.311  18.987 0.0000000000
75494  49.491  -4.691  19.539 0.0000000000
76453  50.327  -4.099  19.929 0.0000000000
79365  56.137  -0.385  13.519 0.0000000000
78416  55.640  -1.277  13.915 0.0000000000
78405  55.976  -1.303  14.858 0.0000000000
132752  54.316  -2.270  14.505 0.0000000000
53739  25.177  -27.858  52.493 0.0000000000
52704  26.404  -28.347  51.775 0.0000000000
53724  25.545  -27.469  53.102 0.0000000000
53685  13.362  -26.875  55.061 0.0000000000
50677  13.180  -29.784  54.928 0.0000000000
51654  12.850  -28.601  55.785 0.0000000000
51624  13.060  -29.247  59.440 0.0000000000
133293  12.555  -30.388  58.175 0.0000000000
74472  45.127  -6.107  20.561 0.0000000000
75469  45.840  -4.415  21.747 0.0000000000
75470  44.481  -4.949  22.164 0.0000000000
135425  43.361  -5.835  23.440 0.0000000000
75426  44.200  -5.502  23.400 0.0000000000
75413  44.433  -6.005  24.430 0.0000000000
135075  45.450  -5.614  25.470 0.0000000000
74392  44.540  -6.401  25.628 0.0000000000
66501  40.652  -14.233  32.282 0.0000000000
66500  42.011  -13.840  32.559 0.0000000000
126348  41.268  -14.053  34.199 0.0000000000
74482  45.543  -6.099  19.719 0.0000000000
53652  7.450  -26.965  58.576 0.0000000000
141482  6.262  -26.798  59.411 0.0000000000
143199  36.465  -14.751  27.689 0.0000000000
65570  38.146  -14.423  29.195 0.0000000000
64619  36.845  -15.650  29.560 0.0000000000
65541  35.418  -16.510  33.083 0.0000000000
65540  36.886  -15.586  32.848 0.0000000000
66492  36.604  -15.221  34.717 0.0000000000
66461  37.491  -14.312  35.440 0.0000000000
66463  36.665  -14.978  35.633 0.0000000000
54884  31.245  -25.171  42.618 0.0000000000
53821  31.045  -27.267  46.182 0.0000000000
54843  31.935  -25.994  45.189 0.0000000000
53819  32.603  -26.710  46.762 0.0000000000
54822  33.933  -25.781  46.786 0.0000000000
53805  32.835  -26.866  47.626 0.0000000000
53737  28.814  -27.634  52.086 0.0000000000
52718  29.464  -28.126  50.359 0.0000000000
53736  29.735  -27.360  51.875 0.0000000000
141514  31.517  -26.257  51.720 0.0000000000
54746  33.473  -26.701  50.732 0.0000000000
55707  21.452  -25.033  53.773 0.0000000000
55670  20.959  -24.763  55.203 0.0000000000
135808  20.640  -24.906  53.676 0.0000000000
124256  18.283  -25.764  51.470 0.0000000000
129391  18.700  -25.258  52.653 0.0000000000
55727  18.168  -26.030  51.872 0.0000000000
55693  17.909  -26.007  53.789 0.0000000000
124105  16.465  -26.858  51.510 0.0000000000
54816  16.169  -27.067  47.490 0.0000000000
53761  13.930  -27.527  50.669 0.0000000000
53784  14.722  -27.265  50.346 0.0000000000
54754  14.293  -26.733  51.294 0.0000000000
55730  14.235  -26.047  52.257 0.0000000000
55731  13.696  -25.422  52.573 0.0000000000
55715  13.560  -25.213  53.226 0.0000000000
54722  12.830  -25.551  52.612 0.0000000000
53697  10.786  -27.286  54.512 0.0000000000
53860  26.925  -27.131  42.948 0.0000000000
53862  25.187  -27.494  42.624 0.0000000000
53836  21.424  -27.491  45.028 0.0000000000
52799  22.771  -28.047  45.476 0.0000000000
124304  23.464  -28.297  45.836 0.0000000000
52771  23.487  -28.363  47.612 0.0000000000
52756  24.111  -28.374  48.485 0.0000000000
52743  22.459  -27.762  48.521 0.0000000000
54752  21.058  -25.947  50.727 0.0000000000
53742  22.340  -26.594  51.655 0.0000000000
54705  21.541  -25.435  52.924 0.0000000000
55706  22.071  -25.187  54.304 0.0000000000
56584  19.078  -24.842  57.608 0.0000000000
54588  8.995  -26.016  61.527 0.0000000000
53618  10.726  -26.348  61.243 0.0000000000
122344  54.469  -2.372  23.649 0.0000000000
78311  52.492  -2.025  25.107 0.0000000000
78310  53.577  -2.348  24.736 0.0000000000
77325  53.146  -2.368  26.658 0.0000000000
77317  52.968  -2.164  27.647 0.0000000000
77369  47.183  -4.025  23.174 0.0000000000
126168  48.402  -3.581  23.915 0.0000000000
147260  48.764  -3.420  25.340 0.0000000000
77309  49.977  -2.948  27.767 0.0000000000
69606  44.536  -10.004  26.779 0.0000000000
139942  43.531  -8.826  25.738 0.0000000000
139970  45.104  -9.075  27.412 0.0000000000
72425  45.198  -7.568  27.422 0.0000000000
71430  46.296  -8.646  29.096 0.0000000000
67519  44.348  -12.793  32.982 0.0000000000
68559  44.425  -12.005  31.098 0.0000000000
68548  45.064  -12.183  32.588 0.0000000000
62476  33.709  -18.295  36.656 0.0000000000
63459  35.830  -17.361  40.839 0.0000000000
63474  35.567  -17.095  38.994 0.0000000000
64475  36.151  -16.349  40.376 0.0000000000
65467  37.039  -15.023  39.749 0.0000000000
65441  36.896  -14.997  41.537 0.0000000000
56739  34.362  -22.899  42.792 0.0000000000
57646  34.861  -22.259  43.181 0.0000000000
58586  35.602  -20.870  45.931 0.0000000000
58598  35.494  -20.803  44.890 0.0000000000
148610  34.827  -19.964  46.290 0.0000000000
61341  32.919  -18.081  46.744 0.0000000000
60441  33.883  -19.120  47.484 0.0000000000
56664  38.189  -23.750  48.421 0.0000000000
62342  35.271  -18.471  48.672 0.0000000000
63363  34.423  -17.689  47.624 0.0000000000
64383  35.410  -17.252  47.518 0.0000000000
146710  35.152  -16.758  46.532 0.0000000000
64382  36.201  -16.771  48.040 0.0000000000
75529  50.386  -4.676  16.534 0.0000000000
76495  51.704  -3.803  15.816 0.0000000000
76493  53.288  -3.412  16.137 0.0000000000
76478  52.456  -3.897  16.480 0.0000000000
140099  52.833  -3.313  20.507 0.0000000000
76440  53.311  -3.375  19.843 0.0000000000
77412  53.726  -2.906  20.833 0.0000000000
77411  54.705  -2.516  20.829 0.0000000000
79351  58.182  0.136  15.620 0.0000000000
78380  56.643  -0.740  17.680 0.0000000000
78371  57.140  -1.001  18.480 0.0000000000
78372  56.455  -1.262  18.838 0.0000000000
54680  23.977  -25.853  54.311 0.0000000000
54701  25.660  -26.204  54.276 0.0000000000
55666  24.587  -24.948  55.813 0.0000000000
55655  12.372  -25.187  56.430 0.0000000000
123393  13.062  -26.921  56.953 0.0000000000
55625  12.549  -25.396  57.954 0.0000000000
54614  12.644  -26.151  59.427 0.0000000000
51609  12.648  -28.193  60.278 0.0000000000
75458  42.040  -5.732  22.825 0.0000000000
75428  42.484  -6.036  23.482 0.0000000000
66458  39.869  -13.725  35.461 0.0000000000
66457  41.325  -13.712  35.460 0.0000000000
67476  40.430  -13.223  36.825 0.0000000000
67447  42.062  -12.711  38.264 0.0000000000
53654  4.805  -27.163  59.280 0.0000000000
53643  4.341  -26.997  59.831 0.0000000000
52577  4.051  -27.486  60.490 0.0000000000
64620  36.085  -16.349  29.685 0.0000000000
64573  35.053  -16.591  33.543 0.0000000000
53856  30.189  -26.266  43.828 0.0000000000
52805  29.143  -27.271  44.978 0.0000000000
52791  30.301  -27.559  45.916 0.0000000000
136939  30.484  -28.071  47.631 0.0000000000
54736  20.488  -25.592  50.982 0.0000000000
144279  19.874  -25.089  51.881 0.0000000000
55763  19.202  -25.327  50.706 0.0000000000
123135  18.151  -25.714  50.227 0.0000000000
141489  17.511  -25.946  49.865 0.0000000000
53763  12.303  -27.815  51.239 0.0000000000
52727  11.480  -27.851  50.372 0.0000000000
53837  20.538  -26.980  45.039 0.0000000000
53808  21.135  -27.228  47.182 0.0000000000
124631  21.851  -27.216  48.709 0.0000000000
53796  20.950  -26.826  47.944 0.0000000000
54774  20.710  -26.107  49.473 0.0000000000
54651  17.916  -25.719  56.673 0.0000000000
76426  51.988  -3.053  21.543 0.0000000000
77384  52.530  -2.379  22.941 0.0000000000
77385  51.486  -2.760  22.752 0.0000000000
145578  51.089  -2.698  23.302 0.0000000000
78312  51.432  -2.155  24.728 0.0000000000
76374  47.018  -4.291  26.215 0.0000000000
77328  48.145  -3.589  26.279 0.0000000000
136912  47.672  -3.805  27.397 0.0000000000
77303  48.646  -3.463  29.233 0.0000000000
70574  41.396  -9.250  24.137 0.0000000000
69623  41.857  -10.595  25.023 0.0000000000
68613  43.361  -10.944  26.556 0.0000000000
69588  45.028  -10.754  28.257 0.0000000000
68541  46.469  -11.948  33.858 0.0000000000
62437  33.024  -18.267  39.397 0.0000000000
62451  33.639  -18.637  38.499 0.0000000000
62422  33.664  -17.988  39.943 0.0000000000
62408  35.273  -17.800  41.225 0.0000000000
63429  35.958  -17.684  42.597 0.0000000000
56699  35.597  -24.010  44.761 0.0000000000
57635  35.720  -22.265  43.934 0.0000000000
56698  36.389  -23.673  44.967 0.0000000000
57613  37.311  -22.319  45.980 0.0000000000
57600  37.283  -21.951  47.114 0.0000000000
127815  46.970  -5.168  17.267 0.0000000000
75531  47.958  -4.463  16.395 0.0000000000
74503  48.504  -5.417  17.558 0.0000000000
74502  49.230  -5.313  17.486 0.0000000000
75518  50.580  -4.986  17.394 0.0000000000
75502  52.066  -4.432  17.848 0.0000000000
75493  51.207  -4.472  19.325 0.0000000000
125653  51.223  -3.955  20.110 0.0000000000
79372  56.659  0.550  13.194 0.0000000000
79358  57.379  0.174  14.918 0.0000000000
79353  57.750  0.151  15.806 0.0000000000
79341  58.031  -0.206  16.499 0.0000000000
78397  56.917  -0.158  16.212 0.0000000000
78388  56.408  -0.825  16.867 0.0000000000
77449  55.779  -1.451  17.286 0.0000000000
51708  25.738  -28.763  48.828 0.0000000000
51700  27.278  -28.943  49.250 0.0000000000
52740  27.030  -28.861  50.158 0.0000000000
52703  27.330  -28.333  51.678 0.0000000000
53704  27.939  -26.723  53.462 0.0000000000
51673  15.107  -28.808  54.241 0.0000000000
142624  15.243  -29.606  55.706 0.0000000000
50675  14.566  -29.982  54.984 0.0000000000
49689  13.890  -31.412  55.588 0.0000000000
51645  12.704  -29.056  57.430 0.0000000000
48756  12.937  -32.038  57.038 0.0000000000
130823  47.450  -4.659  20.526 0.0000000000
76430  47.670  -3.533  21.589 0.0000000000
75468  46.546  -3.993  21.713 0.0000000000
77404  46.732  -3.862  22.127 0.0000000000
140540  46.721  -4.312  23.242 0.0000000000
76432  44.458  -4.958  22.663 0.0000000000
124940  45.625  -4.870  23.572 0.0000000000
76383  46.085  -4.926  24.904 0.0000000000
75402  45.953  -5.165  25.913 0.0000000000
74382  46.220  -5.361  27.698 0.0000000000
74374  46.213  -5.669  28.191 0.0000000000
66548  40.595  -13.162  29.186 0.0000000000
67567  41.933  -12.747  29.280 0.0000000000
134087  41.768  -13.383  30.590 0.0000000000
67521  42.862  -13.420  32.489 0.0000000000
67505  43.730  -13.236  34.001 0.0000000000
144829  42.752  -13.461  35.573 0.0000000000
67490  43.648  -13.248  35.626 0.0000000000
68535  45.417  -12.533  35.136 0.0000000000
64424  31.489  -16.216  44.460 0.0000000000
54786  37.333  -26.285  48.142 0.0000000000
75522  46.176  -4.757  17.184 0.0000000000
74492  46.706  -5.860  18.662 0.0000000000
74470  46.926  -5.556  20.159 0.0000000000
79380  53.625  0.305  11.705 0.0000000000
79375  52.462  -0.209  12.466 0.0000000000
53663  8.575  -27.106  57.525 0.0000000000
147969  9.341  -26.253  58.631 0.0000000000
53651  8.308  -26.848  58.360 0.0000000000
54618  7.683  -26.168  59.873 0.0000000000
53613  7.848  -26.478  61.811 0.0000000000
54606  5.948  -26.160  60.694 0.0000000000
67610  38.896  -12.689  26.472 0.0000000000
66595  38.312  -13.334  26.818 0.0000000000
66580  39.138  -13.370  27.772 0.0000000000
66550  39.068  -13.947  29.240 0.0000000000
65548  39.307  -14.434  30.987 0.0000000000
65537  39.241  -14.660  31.993 0.0000000000
64598  36.729  -15.890  30.451 0.0000000000
65539  37.794  -15.176  32.574 0.0000000000
140211  38.558  -14.418  33.618 0.0000000000
66460  38.151  -13.975  35.270 0.0000000000
147247  38.154  -13.370  36.582 0.0000000000
67449  38.451  -12.859  38.245 0.0000000000
55881  33.290  -24.329  43.447 0.0000000000
54876  31.461  -25.451  43.506 0.0000000000
54859  32.467  -25.495  44.579 0.0000000000
55866  33.747  -24.467  44.168 0.0000000000
133628  34.294  -24.896  45.484 0.0000000000
55814  34.662  -25.466  46.872 0.0000000000
54788  35.147  -26.011  47.883 0.0000000000
52753  29.042  -28.500  48.755 0.0000000000
52752  29.968  -28.266  48.352 0.0000000000
53794  31.498  -27.471  48.969 0.0000000000
54732  30.875  -26.312  51.973 0.0000000000
53753  31.602  -26.920  50.551 0.0000000000
53776  32.322  -27.072  49.280 0.0000000000
54790  33.657  -26.734  48.759 0.0000000000
54767  34.057  -26.690  49.317 0.0000000000
54765  35.586  -26.638  49.048 0.0000000000
56592  22.089  -24.358  56.800 0.0000000000
56593  21.373  -24.160  56.909 0.0000000000
56595  19.882  -24.674  56.465 0.0000000000
55672  19.008  -24.970  55.902 0.0000000000
55709  19.183  -24.976  53.462 0.0000000000
142629  18.664  -25.128  54.122 0.0000000000
55673  18.349  -25.225  55.481 0.0000000000
54682  17.954  -25.860  55.101 0.0000000000
54683  17.421  -26.477  54.139 0.0000000000
52668  16.311  -27.622  53.709 0.0000000000
55823  17.279  -25.831  47.808 0.0000000000
55804  17.024  -26.039  48.599 0.0000000000
55787  16.509  -26.664  49.828 0.0000000000
52758  14.552  -27.906  48.692 0.0000000000
54778  15.454  -26.931  50.051 0.0000000000
55766  16.159  -26.675  50.608 0.0000000000
55729  15.158  -26.616  51.903 0.0000000000
54707  15.945  -27.037  52.322 0.0000000000
52669  15.330  -28.107  53.463 0.0000000000
53695  14.213  -26.897  53.280 0.0000000000
54685  13.722  -26.042  54.558 0.0000000000
55696  12.907  -25.176  54.552 0.0000000000
54723  12.070  -25.975  52.934 0.0000000000
54710  11.900  -25.733  53.714 0.0000000000
55697  12.269  -25.315  54.975 0.0000000000
54687  11.256  -26.437  54.981 0.0000000000
53675  10.549  -27.007  56.213 0.0000000000
53676  9.727  -27.252  56.481 0.0000000000
52641  8.059  -27.966  56.061 0.0000000000
52642  7.176  -28.297  56.349 0.0000000000
53859  27.785  -26.900  43.157 0.0000000000
52807  27.478  -27.704  44.490 0.0000000000
124082  26.219  -28.460  45.782 0.0000000000
52810  24.304  -27.884  44.101 0.0000000000
124258  25.279  -28.405  45.702 0.0000000000
129988  25.134  -28.686  47.333 0.0000000000
52755  25.009  -28.641  48.365 0.0000000000
123136  24.577  -28.382  50.088 0.0000000000
53757  23.802  -27.686  51.334 0.0000000000
53780  22.680  -27.355  50.049 0.0000000000
53741  23.104  -27.102  51.500 0.0000000000
54721  23.625  -26.758  52.980 0.0000000000
54681  23.069  -25.825  54.230 0.0000000000
55668  22.933  -25.069  55.526 0.0000000000
128803  10.440  -25.449  60.003 0.0000000000
52570  11.879  -27.103  61.099 0.0000000000
77363  53.998  -2.173  24.125 0.0000000000
77388  48.651  -3.376  22.778 0.0000000000
140008  49.831  -3.047  24.118 0.0000000000
78294  50.801  -2.210  26.111 0.0000000000
77318  49.650  -3.050  26.919 0.0000000000
78283  50.579  -2.382  26.720 0.0000000000
78282  51.817  -2.399  27.170 0.0000000000
74412  41.696  -6.209  23.406 0.0000000000
73448  42.468  -6.407  24.043 0.0000000000
70573  42.242  -8.875  24.603 0.0000000000
72439  42.812  -7.329  24.619 0.0000000000
73437  43.881  -6.528  25.061 0.0000000000
73428  44.918  -6.579  26.328 0.0000000000
73413  45.865  -6.253  27.991 0.0000000000
73408  46.729  -6.056  29.552 0.0000000000
67565  43.546  -12.288  29.912 0.0000000000
68570  44.792  -11.415  29.753 0.0000000000
69566  45.345  -10.900  29.878 0.0000000000
68546  46.545  -11.620  32.814 0.0000000000
69552  46.329  -10.527  30.961 0.0000000000
70502  46.320  -9.987  30.415 0.0000000000
71429  46.625  -8.592  29.837 0.0000000000
129106  47.119  -7.142  30.787 0.0000000000
63530  34.180  -17.289  33.640 0.0000000000
64549  35.180  -16.218  34.613 0.0000000000
62449  34.941  -17.374  37.610 0.0000000000
64521  35.530  -16.480  37.105 0.0000000000
65494  36.318  -15.363  36.364 0.0000000000
65484  37.043  -14.506  37.392 0.0000000000
133253  37.689  -13.953  38.223 0.0000000000
67434  38.586  -13.097  40.031 0.0000000000
58614  34.923  -20.885  43.965 0.0000000000
142510  32.056  -17.385  45.222 0.0000000000
62367  32.432  -17.221  45.927 0.0000000000
64411  32.239  -16.263  45.270 0.0000000000
55811  37.948  -24.550  47.065 0.0000000000
56677  37.522  -22.695  47.654 0.0000000000
58575  35.762  -21.206  47.979 0.0000000000
58543  35.460  -20.587  49.312 0.0000000000
59502  34.828  -20.261  48.012 0.0000000000
61326  33.959  -18.390  47.755 0.0000000000
63373  33.238  -17.176  46.863 0.0000000000
124479  32.746  -16.242  45.218 0.0000000000
64421  34.209  -16.584  45.053 0.0000000000
63403  35.943  -17.458  44.381 0.0000000000
64430  37.072  -16.502  43.626 0.0000000000
65378  37.014  -15.842  47.709 0.0000000000
64407  37.572  -16.099  45.001 0.0000000000
65410  37.313  -15.555  43.229 0.0000000000
66396  38.173  -14.151  42.408 0.0000000000
79367  51.939  -0.706  12.953 0.0000000000
78407  53.377  -1.984  13.991 0.0000000000
77470  53.336  -2.477  14.731 0.0000000000
77451  54.056  -2.939  15.988 0.0000000000
77441  55.154  -2.158  17.770 0.0000000000
76460  52.559  -4.089  18.469 0.0000000000
147450  53.826  -3.310  18.641 0.0000000000
77428  55.475  -1.836  18.675 0.0000000000
77418  55.724  -1.821  20.047 0.0000000000
56568  22.391  -24.962  57.097 0.0000000000
56579  23.082  -25.290  56.623 0.0000000000
54641  10.500  -25.981  57.731 0.0000000000
54642  9.884  -26.453  57.723 0.0000000000
68492  39.129  -12.208  38.988 0.0000000000
68491  39.821  -12.137  38.921 0.0000000000
51716  27.429  -28.739  46.700 0.0000000000
55821  18.516  -25.660  47.180 0.0000000000
131035  18.327  -25.581  47.891 0.0000000000
55822  18.129  -25.535  47.231 0.0000000000
55838  18.634  -25.832  46.513 0.0000000000
143749  18.964  -25.942  47.510 0.0000000000
52655  15.817  -28.566  55.357 0.0000000000
76428  49.519  -3.398  21.283 0.0000000000
76429  48.599  -3.455  21.391 0.0000000000
75378  46.898  -5.033  29.058 0.0000000000
75371  47.293  -4.993  29.774 0.0000000000
67593  40.408  -12.468  27.322 0.0000000000
67608  41.242  -11.982  27.035 0.0000000000
67592  41.151  -12.296  27.761 0.0000000000
63420  31.661  -16.228  43.660 0.0000000000
63433  31.525  -16.647  42.719 0.0000000000
63419  32.827  -16.552  43.552 0.0000000000
54809  35.854  -25.680  47.162 0.0000000000
138502  36.976  -25.862  47.402 0.0000000000
146361  48.143  -4.454  20.119 0.0000000000
75495  48.545  -4.935  19.612 0.0000000000
75483  48.784  -4.098  20.065 0.0000000000
75482  49.461  -3.939  20.130 0.0000000000
133139  55.180  -1.062  13.062 0.0000000000
78417  54.462  -1.714  13.658 0.0000000000
53740  24.514  -27.812  51.983 0.0000000000
53707  25.115  -26.878  53.684 0.0000000000
128151  13.333  -25.881  55.894 0.0000000000
52640  13.108  -27.773  55.413 0.0000000000
53674  13.219  -26.720  56.203 0.0000000000
74473  44.194  -5.990  20.673 0.0000000000
74456  44.684  -5.754  21.306 0.0000000000
74457  43.758  -5.817  21.503 0.0000000000
75427  43.074  -6.141  23.802 0.0000000000
134695  43.993  -5.912  23.931 0.0000000000
74400  44.157  -6.321  24.864 0.0000000000
124765  40.511  -14.266  32.983 0.0000000000
66487  40.870  -14.171  33.541 0.0000000000
52610  6.199  -27.466  58.250 0.0000000000
65582  36.692  -14.971  28.343 0.0000000000
64636  36.454  -15.803  28.801 0.0000000000
141390  35.434  -16.216  33.885 0.0000000000
65528  36.050  -15.929  34.394 0.0000000000
66478  36.612  -15.085  35.131 0.0000000000
131910  36.291  -15.501  35.136 0.0000000000
53807  31.349  -27.522  46.827 0.0000000000
53820  31.820  -27.022  46.435 0.0000000000
53720  29.292  -26.890  52.579 0.0000000000
124528  20.840  -25.069  53.074 0.0000000000
123348  17.889  -25.969  50.692 0.0000000000
124255  17.631  -26.622  51.184 0.0000000000
55728  17.712  -26.548  52.073 0.0000000000
54737  13.819  -25.983  51.860 0.0000000000
55750  13.497  -25.459  52.317 0.0000000000
54738  13.219  -25.963  51.961 0.0000000000
52786  21.859  -27.826  45.897 0.0000000000
52785  22.799  -28.172  46.566 0.0000000000
130827  22.519  -27.972  47.615 0.0000000000
147460  22.904  -28.106  48.088 0.0000000000
130214  21.168  -25.824  51.381 0.0000000000
54735  21.365  -25.654  52.130 0.0000000000
55637  18.462  -24.974  57.792 0.0000000000
52574  8.951  -27.317  61.303 0.0000000000
52573  9.837  -27.016  61.066 0.0000000000
77397  53.713  -2.588  21.725 0.0000000000
124061  54.429  -2.309  22.663 0.0000000000
77398  53.031  -2.589  22.229 0.0000000000
124942  53.183  -2.227  25.370 0.0000000000
122463  52.985  -2.566  26.239 0.0000000000
78291  52.976  -2.416  27.364 0.0000000000
76391  47.152  -4.189  24.016 0.0000000000
77353  47.759  -3.865  23.986 0.0000000000
70520  45.280  -10.161  27.839 0.0000000000
137122  45.054  -9.783  27.312 0.0000000000
70531  45.424  -9.484  27.901 0.0000000000
71451  45.387  -8.504  27.867 0.0000000000
71441  45.853  -9.125  28.466 0.0000000000
68542  45.011  -12.422  33.344 0.0000000000
129646  45.742  -12.101  33.144 0.0000000000
62465  33.171  -18.896  37.173 0.0000000000
64458  36.334  -16.879  41.396 0.0000000000
132594  36.601  -15.754  41.166 0.0000000000
64474  36.605  -15.511  40.310 0.0000000000
145105  36.831  -15.575  41.775 0.0000000000
129272  34.986  -20.809  46.604 0.0000000000
60440  34.212  -19.409  46.721 0.0000000000
62333  35.568  -18.495  49.506 0.0000000000
63352  35.263  -17.930  48.285 0.0000000000
63362  35.283  -17.577  47.911 0.0000000000
64391  35.525  -17.055  47.320 0.0000000000
63361  36.054  -17.189  48.336 0.0000000000
76481  50.160  -3.988  15.926 0.0000000000
76480  51.003  -4.227  16.120 0.0000000000
76479  51.667  -4.248  16.437 0.0000000000
76472  51.919  -4.381  17.116 0.0000000000
140565  54.500  -2.448  21.636 0.0000000000
78403  58.307  -0.333  15.513 0.0000000000
78396  58.098  -1.173  15.658 0.0000000000
142064  56.812  -0.853  18.221 0.0000000000
78358  56.904  -1.404  19.225 0.0000000000
55685  24.273  -25.236  55.118 0.0000000000
54654  11.603  -25.629  56.438 0.0000000000
55640  12.339  -25.050  57.212 0.0000000000
125338  11.813  -25.196  57.145 0.0000000000
55627  11.663  -25.337  58.898 0.0000000000
55626  12.161  -25.269  58.547 0.0000000000
54615  12.187  -25.594  59.379 0.0000000000
52596  12.979  -27.520  59.899 0.0000000000
54601  12.187  -25.948  60.211 0.0000000000
75459  41.093  -5.848  22.550 0.0000000000
74430  41.848  -5.945  23.157 0.0000000000
67493  39.228  -13.433  36.042 0.0000000000
67492  40.104  -13.446  36.138 0.0000000000
52597  3.757  -27.696  58.964 0.0000000000
52584  3.519  -27.536  60.021 0.0000000000
53847  28.868  -26.941  44.178 0.0000000000
52779  28.968  -28.303  46.400 0.0000000000
52792  29.495  -27.765  45.693 0.0000000000
52778  29.822  -27.997  46.400 0.0000000000
52777  30.598  -27.887  46.778 0.0000000000
55762  19.832  -25.477  50.462 0.0000000000
55784  19.169  -25.590  49.847 0.0000000000
55802  18.186  -25.519  48.657 0.0000000000
123347  18.098  -25.600  49.486 0.0000000000
54849  19.838  -26.482  45.505 0.0000000000
140078  20.340  -26.905  45.869 0.0000000000
53824  20.658  -27.036  46.517 0.0000000000
53809  20.363  -26.743  47.282 0.0000000000
54798  19.302  -26.013  48.247 0.0000000000
129889  20.053  -26.030  48.890 0.0000000000
54775  19.931  -25.755  49.682 0.0000000000
122339  20.547  -25.834  50.247 0.0000000000
54652  17.266  -26.128  56.624 0.0000000000
126337  17.054  -26.606  57.165 0.0000000000
76427  51.172  -3.247  21.148 0.0000000000
139612  52.003  -2.825  22.264 0.0000000000
77399  51.058  -3.096  21.888 0.0000000000
77386  50.409  -3.036  22.664 0.0000000000
77366  50.437  -2.836  23.630 0.0000000000
140237  51.252  -2.377  23.964 0.0000000000
76364  47.111  -4.221  27.082 0.0000000000
140860  47.258  -4.139  27.722 0.0000000000
76347  48.142  -3.795  29.240 0.0000000000
68638  40.342  -11.027  24.550 0.0000000000
69637  40.706  -10.248  24.167 0.0000000000
69624  41.093  -10.858  24.750 0.0000000000
68601  42.699  -11.692  27.438 0.0000000000
141643  42.886  -11.385  26.832 0.0000000000
68600  43.499  -11.376  27.242 0.0000000000
69598  44.134  -10.793  26.966 0.0000000000
68589  44.268  -11.313  27.858 0.0000000000
124916  32.065  -17.975  39.854 0.0000000000
62423  32.759  -17.786  40.452 0.0000000000
140608  34.406  -17.480  42.727 0.0000000000
62409  34.461  -17.796  41.444 0.0000000000
62399  35.094  -17.791  42.146 0.0000000000
63444  35.915  -17.586  41.727 0.0000000000
55847  35.942  -24.364  45.328 0.0000000000
56686  37.450  -23.470  46.045 0.0000000000
56697  37.045  -23.188  45.316 0.0000000000
132162  46.992  -5.697  17.956 0.0000000000
74504  47.684  -5.557  17.734 0.0000000000
74489  49.134  -5.455  18.192 0.0000000000
74488  49.939  -5.384  17.887 0.0000000000
75504  50.732  -5.000  18.393 0.0000000000
123438  50.352  -4.800  19.220 0.0000000000
76442  50.788  -3.593  20.668 0.0000000000
76441  51.893  -3.477  20.641 0.0000000000
79364  57.019  0.363  14.031 0.0000000000
80293  57.842  0.304  15.203 0.0000000000
79354  56.791  -0.326  15.427 0.0000000000
78398  56.209  -1.153  15.850 0.0000000000
77459  55.528  -1.791  16.315 0.0000000000
143399  25.410  -28.665  49.660 0.0000000000
51701  26.358  -28.862  49.470 0.0000000000
122784  26.136  -28.716  50.353 0.0000000000
53723  26.495  -27.449  53.049 0.0000000000
52691  26.934  -27.973  52.421 0.0000000000
53722  27.443  -27.349  52.936 0.0000000000
53738  27.877  -27.840  52.276 0.0000000000
51674  14.226  -28.951  54.043 0.0000000000
50686  14.404  -29.450  54.459 0.0000000000
51675  13.636  -29.282  54.387 0.0000000000
50668  12.780  -30.300  55.682 0.0000000000
49701  13.434  -30.620  55.195 0.0000000000
49690  13.138  -31.090  55.691 0.0000000000
48767  14.001  -32.064  56.026 0.0000000000
48768  13.366  -31.748  56.114 0.0000000000
52624  13.067  -27.493  57.367 0.0000000000
123137  12.881  -28.390  56.873 0.0000000000
75484  46.488  -4.901  20.997 0.0000000000
76444  47.193  -3.899  21.280 0.0000000000
132411  45.491  -4.390  22.265 0.0000000000
126169  46.354  -4.017  22.116 0.0000000000
76418  46.194  -4.270  22.251 0.0000000000
77370  46.619  -4.168  22.543 0.0000000000
140177  45.995  -4.465  22.515 0.0000000000
75471  43.529  -5.467  22.447 0.0000000000
76420  44.086  -5.216  22.933 0.0000000000
76394  44.890  -5.040  23.481 0.0000000000
146964  45.862  -4.972  24.165 0.0000000000
75411  45.643  -5.334  25.034 0.0000000000
75393  45.540  -5.677  26.209 0.0000000000
75392  46.076  -5.278  26.891 0.0000000000
74375  45.847  -5.910  27.587 0.0000000000
66524  40.494  -13.693  29.930 0.0000000000
66523  41.319  -13.201  29.831 0.0000000000
127048  41.075  -13.702  30.661 0.0000000000
66485  42.553  -13.648  33.310 0.0000000000
67513  43.469  -13.250  33.215 0.0000000000
66444  41.971  -13.532  36.067 0.0000000000
138571  43.632  -13.264  36.444 0.0000000000
67489  44.380  -13.083  36.244 0.0000000000
67504  44.623  -12.909  35.392 0.0000000000
68517  45.685  -12.519  36.506 0.0000000000
63407  30.913  -16.717  44.085 0.0000000000
63421  30.970  -16.232  43.884 0.0000000000
63406  31.488  -16.493  44.592 0.0000000000
75506  45.264  -5.297  18.251 0.0000000000
74505  46.195  -5.431  17.902 0.0000000000
74493  45.882  -5.864  18.847 0.0000000000
74471  46.019  -5.904  20.398 0.0000000000
74481  46.409  -5.970  19.547 0.0000000000
79374  53.511  -0.350  12.295 0.0000000000
53664  7.732  -27.308  57.776 0.0000000000
53641  7.042  -26.632  59.495 0.0000000000
54604  7.514  -25.957  60.715 0.0000000000
54594  7.871  -26.036  61.484 0.0000000000
54595  6.909  -26.019  61.325 0.0000000000
53642  5.362  -26.687  60.196 0.0000000000
53629  5.661  -26.539  60.711 0.0000000000
67620  39.360  -12.095  25.794 0.0000000000
122538  38.538  -12.363  25.613 0.0000000000
66583  37.176  -13.830  27.077 0.0000000000
66596  37.578  -13.458  26.593 0.0000000000
66582  37.816  -13.751  27.280 0.0000000000
66594  38.865  -13.189  27.148 0.0000000000
66581  38.482  -13.622  27.518 0.0000000000
66566  39.471  -13.547  28.511 0.0000000000
66567  38.607  -13.876  28.341 0.0000000000
122437  38.003  -15.028  30.206 0.0000000000
65556  38.763  -14.363  30.097 0.0000000000
136385  38.579  -14.788  30.785 0.0000000000
65549  38.655  -14.859  31.511 0.0000000000
64584  36.619  -15.905  31.649 0.0000000000
65526  37.411  -15.021  33.489 0.0000000000
65525  38.168  -14.763  33.130 0.0000000000
66475  38.274  -14.195  34.377 0.0000000000
66476  37.595  -14.354  34.710 0.0000000000
67496  37.381  -14.317  36.038 0.0000000000
67495  37.853  -13.846  36.182 0.0000000000
67479  37.820  -13.443  36.929 0.0000000000
67462  38.056  -13.199  37.595 0.0000000000
55901  32.553  -24.361  42.213 0.0000000000
55900  33.231  -23.966  42.617 0.0000000000
55882  32.690  -24.609  43.170 0.0000000000
54861  30.894  -25.903  44.149 0.0000000000
55849  33.212  -25.089  44.858 0.0000000000
131289  33.878  -24.814  45.041 0.0000000000
54841  33.641  -25.310  45.760 0.0000000000
54811  34.521  -26.011  47.610 0.0000000000
54810  35.007  -25.617  47.261 0.0000000000
52754  28.177  -28.765  49.015 0.0000000000
52737  29.686  -28.167  49.391 0.0000000000
52736  30.594  -27.881  49.161 0.0000000000
54748  31.915  -26.387  51.040 0.0000000000
53777  31.778  -27.143  49.794 0.0000000000
53792  33.001  -26.918  48.586 0.0000000000
54768  33.108  -26.852  49.649 0.0000000000
124882  34.020  -26.713  49.878 0.0000000000
54766  34.756  -26.668  49.404 0.0000000000
147705  21.751  -24.531  56.294 0.0000000000
55690  20.175  -24.735  54.857 0.0000000000
56604  20.391  -24.687  55.748 0.0000000000
55744  19.244  -25.139  51.523 0.0000000000
55726  19.403  -25.025  52.441 0.0000000000
55710  18.507  -25.363  53.299 0.0000000000
55692  18.313  -25.365  54.591 0.0000000000
129115  18.079  -25.485  56.044 0.0000000000
55712  17.478  -26.564  52.655 0.0000000000
143498  16.974  -26.994  54.212 0.0000000000
53709  16.730  -27.073  53.271 0.0000000000
54799  16.582  -26.218  48.101 0.0000000000
55805  16.626  -26.410  48.999 0.0000000000
54777  16.129  -26.789  49.592 0.0000000000
54753  15.023  -26.920  50.907 0.0000000000
55788  15.754  -26.782  50.372 0.0000000000
126406  15.515  -26.702  51.232 0.0000000000
55747  15.530  -26.689  51.467 0.0000000000
55748  14.724  -26.498  51.730 0.0000000000
55714  14.067  -25.845  52.688 0.0000000000
55713  15.122  -26.722  52.138 0.0000000000
53710  15.743  -27.502  52.834 0.0000000000
54708  14.864  -27.103  52.592 0.0000000000
53711  14.886  -27.582  52.921 0.0000000000
135627  13.357  -25.208  53.829 0.0000000000
55695  13.421  -25.517  54.156 0.0000000000
53744  12.144  -27.489  51.999 0.0000000000
53712  11.566  -26.790  53.339 0.0000000000
54686  11.780  -25.652  54.547 0.0000000000
54667  11.714  -25.690  55.419 0.0000000000
53686  10.665  -27.147  55.373 0.0000000000
53687  9.898  -27.515  55.659 0.0000000000
52658  8.165  -28.185  55.166 0.0000000000
52659  7.271  -28.669  55.397 0.0000000000
52819  26.366  -27.641  43.516 0.0000000000
52818  27.223  -27.442  43.706 0.0000000000
52808  26.607  -27.834  44.309 0.0000000000
52795  26.846  -28.044  45.143 0.0000000000
52796  25.914  -28.023  45.016 0.0000000000
147982  24.000  -27.767  43.447 0.0000000000
52784  23.831  -28.461  46.556 0.0000000000
124389  24.311  -28.353  45.711 0.0000000000
52783  24.744  -28.565  46.479 0.0000000000
52782  25.647  -28.698  46.482 0.0000000000
52770  24.389  -28.571  47.790 0.0000000000
52741  23.837  -28.068  49.430 0.0000000000
52723  23.858  -27.962  50.445 0.0000000000
53781  22.217  -27.290  49.335 0.0000000000
53759  21.941  -26.871  50.111 0.0000000000
53725  22.991  -26.679  52.308 0.0000000000
54703  23.360  -26.193  53.631 0.0000000000
55687  22.377  -25.025  55.042 0.0000000000
56602  22.357  -24.812  55.980 0.0000000000
56571  20.733  -23.924  58.001 0.0000000000
50667  15.558  -29.694  56.347 0.0000000000
54617  8.950  -25.952  59.615 0.0000000000
54616  9.465  -25.986  59.064 0.0000000000
55601  9.898  -25.505  60.565 0.0000000000
52572  10.568  -26.898  61.124 0.0000000000
52571  11.307  -26.898  61.154 0.0000000000
139811  11.631  -27.489  61.064 0.0000000000
51598  12.126  -28.070  61.012 0.0000000000
51599  11.551  -28.012  61.016 0.0000000000
77383  53.723  -2.156  23.304 0.0000000000
77335  53.572  -2.408  24.765 0.0000000000
77403  47.308  -3.530  22.074 0.0000000000
77402  48.147  -3.417  22.038 0.0000000000
77352  49.261  -3.272  24.486 0.0000000000
77351  49.982  -2.759  24.932 0.0000000000
77337  50.647  -2.309  25.227 0.0000000000
77338  50.085  -2.575  25.662 0.0000000000
131388  48.056  -3.566  27.005 0.0000000000
77327  48.768  -3.336  26.822 0.0000000000
78271  50.183  -2.516  26.865 0.0000000000
78270  50.996  -2.607  27.417 0.0000000000
139668  50.990  -2.362  26.967 0.0000000000
78269  51.997  -2.355  27.198 0.0000000000
78268  52.701  -2.190  27.626 0.0000000000
73450  40.898  -6.782  23.542 0.0000000000
73465  40.790  -6.379  23.210 0.0000000000
73449  41.643  -6.426  23.713 0.0000000000
129909  42.125  -6.931  24.155 0.0000000000
70562  42.186  -9.759  24.839 0.0000000000
127092  42.880  -9.030  25.214 0.0000000000
71463  43.972  -8.243  26.045 0.0000000000
71470  43.388  -8.023  25.290 0.0000000000
72431  43.945  -7.485  25.759 0.0000000000
72438  43.570  -7.039  25.171 0.0000000000
73429  44.219  -6.811  25.761 0.0000000000
72413  46.154  -7.687  28.785 0.0000000000
72420  45.547  -6.848  27.772 0.0000000000
126042  45.976  -6.870  28.394 0.0000000000
73409  46.260  -6.158  28.690 0.0000000000
127995  46.339  -6.909  29.205 0.0000000000
67555  42.215  -12.966  30.100 0.0000000000
67566  42.828  -12.570  29.469 0.0000000000
67554  43.003  -12.749  30.366 0.0000000000
68571  44.176  -11.875  30.256 0.0000000000
128352  44.766  -11.621  30.472 0.0000000000
69565  45.717  -10.796  30.521 0.0000000000
70467  47.402  -10.058  31.788 0.0000000000
123308  46.801  -10.732  31.528 0.0000000000
70484  46.984  -9.833  31.021 0.0000000000
71419  46.826  -9.116  30.397 0.0000000000
71406  47.251  -8.773  31.036 0.0000000000
63523  33.909  -17.084  35.347 0.0000000000
129312  34.025  -17.082  34.443 0.0000000000
64550  34.635  -16.622  34.131 0.0000000000
64539  34.507  -16.505  34.918 0.0000000000
62436  34.311  -18.305  39.168 0.0000000000
62450  34.428  -18.186  38.090 0.0000000000
126581  35.046  -17.691  38.572 0.0000000000
63484  35.837  -16.306  38.510 0.0000000000
63485  35.491  -16.884  38.096 0.0000000000
64506  35.772  -16.142  37.804 0.0000000000
64530  35.886  -15.924  36.469 0.0000000000
64520  36.101  -15.606  37.225 0.0000000000
66438  36.686  -14.885  36.962 0.0000000000
65485  36.668  -15.181  37.848 0.0000000000
134732  37.532  -14.421  40.111 0.0000000000
66425  37.553  -14.364  39.045 0.0000000000
66418  38.083  -13.781  39.594 0.0000000000
67439  38.078  -13.596  38.750 0.0000000000
57634  36.428  -22.278  44.471 0.0000000000
58613  36.010  -21.475  44.301 0.0000000000
60460  34.506  -19.525  45.428 0.0000000000
59542  34.812  -20.135  44.617 0.0000000000
60472  33.757  -19.058  44.783 0.0000000000
135428  33.092  -18.455  45.141 0.0000000000
61348  32.573  -17.970  45.644 0.0000000000
134733  32.581  -17.602  45.865 0.0000000000
63385  32.453  -16.806  45.727 0.0000000000
137692  32.872  -17.157  46.311 0.0000000000
54808  37.863  -25.501  47.439 0.0000000000
55794  38.546  -24.800  47.890 0.0000000000
56665  37.244  -23.058  48.646 0.0000000000
136140  36.542  -22.355  48.919 0.0000000000
57585  37.006  -22.076  48.118 0.0000000000
57586  35.907  -22.062  48.574 0.0000000000
60411  35.024  -19.072  49.440 0.0000000000
59493  35.049  -19.924  49.288 0.0000000000
129476  34.999  -20.296  48.745 0.0000000000
59503  34.781  -19.693  48.454 0.0000000000
60430  34.213  -19.179  48.097 0.0000000000
61325  34.362  -18.819  48.143 0.0000000000
63372  33.888  -17.224  47.175 0.0000000000
63383  33.623  -16.946  46.803 0.0000000000
64400  32.945  -16.504  45.783 0.0000000000
64410  33.713  -16.435  45.662 0.0000000000
64409  34.583  -16.633  46.220 0.0000000000
63391  35.625  -16.925  46.026 0.0000000000
142651  35.794  -17.230  45.177 0.0000000000
147396  36.456  -17.175  45.531 0.0000000000
63415  36.655  -17.307  44.002 0.0000000000
64408  37.192  -16.916  45.335 0.0000000000
64381  36.720  -15.965  48.257 0.0000000000
65370  37.027  -14.955  48.180 0.0000000000
65392  37.908  -15.258  45.494 0.0000000000
65400  37.835  -15.110  44.576 0.0000000000
64419  37.519  -15.869  44.106 0.0000000000
65409  37.718  -14.939  43.697 0.0000000000
65424  37.650  -14.774  42.811 0.0000000000
66381  38.207  -14.309  43.265 0.0000000000
76483  47.920  -3.596  15.922 0.0000000000
139138  48.685  -4.127  16.135 0.0000000000
140080  51.916  -2.376  14.657 0.0000000000
78408  52.536  -2.141  14.336 0.0000000000
77461  53.304  -2.956  15.422 0.0000000000
146984  53.929  -3.121  16.645 0.0000000000
77450  54.779  -2.459  16.761 0.0000000000
77442  54.199  -2.979  17.437 0.0000000000
77420  54.057  -3.150  19.198 0.0000000000
77429  54.451  -2.762  18.439 0.0000000000
77419  54.981  -2.382  19.418 0.0000000000
77427  55.801  -1.601  19.386 0.0000000000
138322  55.049  -2.366  20.222 0.0000000000
77410  55.608  -2.217  20.830 0.0000000000
80303  57.587  0.880  13.442 0.0000000000
80307  58.177  0.958  12.972 0.0000000000
141735  10.943  -26.307  56.543 0.0000000000
122440  11.332  -25.393  58.449 0.0000000000
122795  11.030  -25.444  59.294 0.0000000000
123578  38.950  -12.920  37.371 0.0000000000
67460  39.832  -12.896  37.493 0.0000000000
52794  27.728  -27.953  45.316 0.0000000000
52780  28.008  -28.321  46.107 0.0000000000
52768  28.203  -28.599  46.785 0.0000000000
52767  28.731  -28.588  47.323 0.0000000000
148278  18.886  -25.688  49.248 0.0000000000
55801  18.702  -25.671  48.625 0.0000000000
124359  17.865  -25.553  47.911 0.0000000000
54850  19.157  -26.089  45.922 0.0000000000
53673  16.795  -27.397  56.822 0.0000000000
51644  16.017  -28.497  57.454 0.0000000000
143467  49.896  -3.656  20.692 0.0000000000
75386  46.609  -4.826  28.063 0.0000000000
76356  47.142  -4.349  28.314 0.0000000000
75377  47.435  -4.433  29.232 0.0000000000
68616  40.864  -11.698  25.791 0.0000000000
68628  41.462  -11.294  25.452 0.0000000000
68615  41.390  -11.694  26.228 0.0000000000
68591  42.458  -11.988  28.214 0.0000000000
63446  32.243  -16.973  41.953 0.0000000000
63445  33.164  -17.049  42.024 0.0000000000
63431  33.508  -16.990  42.761 0.0000000000
63418  34.077  -16.964  43.499 0.0000000000
55831  35.855  -24.893  46.000 0.0000000000
55830  36.747  -24.746  46.226 0.0000000000
55829  37.387  -24.346  46.351 0.0000000000
74479  48.051  -5.451  19.138 0.0000000000
74490  48.313  -5.567  18.369 0.0000000000
78406  55.164  -1.850  14.406 0.0000000000
127364  25.997  -28.503  51.106 0.0000000000
52705  25.402  -28.241  51.687 0.0000000000
52692  25.987  -27.967  52.469 0.0000000000
52656  13.352  -27.920  54.575 0.0000000000
51664  13.094  -28.824  54.778 0.0000000000
128100  12.819  -29.444  55.354 0.0000000000
140397  12.642  -29.352  56.278 0.0000000000
51637  12.896  -28.785  58.612 0.0000000000
136240  45.091  -4.919  21.713 0.0000000000
146855  44.958  -4.603  22.514 0.0000000000
75442  43.719  -5.528  23.139 0.0000000000
75425  44.665  -5.528  23.948 0.0000000000
75412  45.137  -5.685  24.705 0.0000000000
75403  44.930  -6.063  25.387 0.0000000000
74391  45.204  -6.103  26.258 0.0000000000
66509  40.855  -14.017  31.482 0.0000000000
66486  41.708  -14.000  33.444 0.0000000000
66471  42.204  -13.784  34.229 0.0000000000
67474  43.180  -13.316  37.037 0.0000000000
53665  6.903  -27.385  58.008 0.0000000000
131960  6.602  -27.017  58.731 0.0000000000
65596  36.586  -14.258  27.128 0.0000000000
65581  37.260  -14.307  27.788 0.0000000000
65580  37.874  -14.231  28.365 0.0000000000
128998  37.368  -14.657  28.687 0.0000000000
65571  37.373  -14.970  29.480 0.0000000000
64597  37.260  -15.384  30.118 0.0000000000
64585  35.756  -16.533  32.109 0.0000000000
65551  36.152  -16.184  32.700 0.0000000000
65527  36.695  -15.470  33.996 0.0000000000
66491  37.155  -14.790  34.357 0.0000000000
66477  37.035  -14.692  34.978 0.0000000000
66462  37.011  -14.666  35.557 0.0000000000
66446  37.050  -14.538  36.223 0.0000000000
53833  30.754  -26.938  45.411 0.0000000000
53844  31.216  -26.336  44.889 0.0000000000
53832  31.527  -26.703  45.645 0.0000000000
54824  32.274  -26.336  45.966 0.0000000000
54823  33.052  -25.949  46.326 0.0000000000
137019  33.266  -26.317  47.048 0.0000000000
52702  28.259  -28.181  51.484 0.0000000000
52719  28.569  -28.376  50.598 0.0000000000
53756  29.202  -28.003  51.286 0.0000000000
53755  30.069  -27.651  51.023 0.0000000000
54731  31.979  -26.298  51.458 0.0000000000
54747  32.703  -26.544  50.746 0.0000000000
55688  21.573  -24.933  54.688 0.0000000000
55689  20.808  -24.819  54.362 0.0000000000
125491  20.023  -24.820  54.007 0.0000000000
55745  18.576  -25.466  50.973 0.0000000000
145739  18.476  -25.540  52.122 0.0000000000
129972  18.326  -25.695  52.543 0.0000000000
55711  18.108  -25.888  53.041 0.0000000000
53810  15.600  -27.518  47.846 0.0000000000
52745  13.615  -28.060  49.676 0.0000000000
52744  14.383  -27.838  49.542 0.0000000000
147325  14.217  -27.698  50.090 0.0000000000
55768  14.418  -26.455  51.615 0.0000000000
55749  13.937  -25.781  52.078 0.0000000000
55694  13.757  -25.541  53.371 0.0000000000
55732  13.218  -25.038  52.900 0.0000000000
53713  10.913  -27.462  53.661 0.0000000000
53714  10.144  -27.882  53.949 0.0000000000
53861  26.077  -27.392  42.739 0.0000000000
52820  25.520  -27.705  43.393 0.0000000000
53835  22.159  -27.784  45.041 0.0000000000
52812  22.789  -27.874  44.571 0.0000000000
52798  23.715  -27.986  44.958 0.0000000000
52757  23.291  -28.066  48.573 0.0000000000
52742  22.952  -27.734  49.321 0.0000000000
53760  21.248  -26.292  50.129 0.0000000000
54751  21.728  -26.347  50.933 0.0000000000
54734  21.799  -26.043  51.697 0.0000000000
53726  22.221  -26.023  52.464 0.0000000000
54704  22.393  -25.728  53.625 0.0000000000
55594  9.349  -25.633  60.953 0.0000000000
142146  9.985  -25.463  60.957 0.0000000000
52565  9.897  -26.405  61.302 0.0000000000
77350  52.271  -2.020  24.268 0.0000000000
77349  53.192  -2.010  24.609 0.0000000000
78300  53.284  -2.439  25.445 0.0000000000
77336  53.339  -2.567  25.383 0.0000000000
76370  53.063  -3.028  25.899 0.0000000000
76360  52.979  -3.051  26.954 0.0000000000
77368  47.702  -3.762  23.235 0.0000000000
125806  48.512  -3.532  24.774 0.0000000000
77311  48.790  -3.259  28.629 0.0000000000
136215  49.419  -3.206  28.276 0.0000000000
69607  43.782  -10.201  26.351 0.0000000000
70560  43.354  -9.608  25.803 0.0000000000
70545  44.023  -9.218  26.337 0.0000000000
70544  44.693  -9.170  26.908 0.0000000000
71452  44.892  -8.367  27.120 0.0000000000
127797  45.897  -8.323  28.457 0.0000000000
67535  43.760  -12.659  31.477 0.0000000000
67553  43.691  -12.418  30.695 0.0000000000
67534  44.410  -12.412  32.030 0.0000000000
122506  45.161  -11.848  31.713 0.0000000000
62488  33.431  -17.877  35.734 0.0000000000
63503  34.065  -17.393  36.219 0.0000000000
62420  35.307  -17.750  40.363 0.0000000000
63473  35.710  -17.210  39.893 0.0000000000
135848  35.950  -16.368  39.357 0.0000000000
136837  36.272  -15.685  38.700 0.0000000000
65468  36.973  -15.146  38.816 0.0000000000
64490  36.453  -15.649  39.563 0.0000000000
65454  36.957  -14.965  40.665 0.0000000000
66410  37.578  -14.492  41.029 0.0000000000
58597  36.354  -21.231  45.187 0.0000000000
59529  35.028  -20.429  45.617 0.0000000000
61347  33.122  -18.343  46.138 0.0000000000
61340  33.465  -18.654  46.931 0.0000000000
145668  33.289  -18.300  47.258 0.0000000000
55776  38.640  -24.018  48.915 0.0000000000
56653  37.311  -23.141  49.363 0.0000000000
57572  36.735  -22.490  49.483 0.0000000000
61316  35.017  -18.920  48.691 0.0000000000
132732  34.527  -18.480  48.110 0.0000000000
124466  34.694  -18.141  48.000 0.0000000000
63371  34.632  -17.357  47.359 0.0000000000
64392  34.451  -16.985  47.014 0.0000000000
64398  34.811  -16.797  46.759 0.0000000000
64397  35.928  -16.931  46.854 0.0000000000
75530  49.524  -4.513  16.293 0.0000000000
131966  51.620  -2.996  15.160 0.0000000000
76494  52.505  -3.379  15.610 0.0000000000
76451  52.495  -3.598  20.036 0.0000000000
138656  52.588  -3.818  19.372 0.0000000000
80297  58.039  0.322  14.892 0.0000000000
79357  58.315  0.102  14.834 0.0000000000
124339  58.373  -0.449  14.645 0.0000000000
78379  57.233  -0.669  17.823 0.0000000000
77426  57.363  -1.884  18.777 0.0000000000
53708  24.221  -26.584  53.624 0.0000000000
54679  24.941  -25.723  54.721 0.0000000000
55684  25.190  -25.144  55.389 0.0000000000
55650  24.801  -25.021  56.352 0.0000000000
55674  12.813  -25.200  56.109 0.0000000000
148703  13.268  -25.996  56.525 0.0000000000
55654  12.783  -25.124  56.675 0.0000000000
141233  13.096  -26.749  57.590 0.0000000000
53650  13.006  -26.210  58.037 0.0000000000
55641  11.856  -25.193  57.940 0.0000000000
54626  12.672  -25.749  58.556 0.0000000000
52609  12.959  -27.775  58.986 0.0000000000
134368  13.069  -28.434  59.614 0.0000000000
140346  12.988  -28.906  59.937 0.0000000000
131967  12.455  -28.846  60.337 0.0000000000
75472  42.344  -5.612  22.381 0.0000000000
75443  42.768  -5.764  23.197 0.0000000000
66474  39.675  -14.032  34.633 0.0000000000
66473  40.688  -13.949  34.928 0.0000000000
143332  40.597  -13.660  35.627 0.0000000000
66445  40.971  -13.461  36.152 0.0000000000
67475  41.363  -13.315  36.860 0.0000000000
67459  40.784  -12.962  37.537 0.0000000000
67458  41.722  -13.059  37.590 0.0000000000
146509  5.035  -27.622  58.620 0.0000000000
53631  4.099  -27.051  60.132 0.0000000000
53623  4.544  -27.146  60.537 0.0000000000
52576  4.608  -27.533  60.950 0.0000000000
140067  35.229  -16.778  32.417 0.0000000000
65529  35.520  -16.176  34.237 0.0000000000
53846  29.685  -26.789  44.396 0.0000000000
53834  29.951  -27.102  45.209 0.0000000000
52765  31.170  -27.769  47.488 0.0000000000
55743  20.563  -25.338  51.796 0.0000000000
55725  20.298  -25.057  52.463 0.0000000000
122582  19.844  -25.260  51.232 0.0000000000
55764  18.633  -25.586  50.117 0.0000000000
52746  12.650  -27.967  49.536 0.0000000000
52725  13.161  -27.973  50.264 0.0000000000
53762  13.127  -27.690  51.021 0.0000000000
53743  12.940  -27.165  51.788 0.0000000000
127452  21.019  -27.305  45.800 0.0000000000
53823  21.286  -27.498  46.463 0.0000000000
53795  21.714  -27.424  47.926 0.0000000000
142877  21.359  -26.928  48.512 0.0000000000
54796  20.814  -26.444  48.693 0.0000000000
54797  20.177  -26.382  48.087 0.0000000000
77365  51.926  -2.302  23.479 0.0000000000
78302  51.618  -2.122  25.557 0.0000000000
136122  46.926  -4.383  25.084 0.0000000000
76373  47.619  -3.928  25.781 0.0000000000
76363  47.618  -3.889  26.638 0.0000000000
77320  48.231  -3.412  27.769 0.0000000000
76355  47.712  -3.784  28.106 0.0000000000
77312  48.256  -3.445  28.618 0.0000000000
130393  40.587  -9.545  23.810 0.0000000000
69636  41.501  -10.178  24.511 0.0000000000
141540  42.456  -10.371  25.284 0.0000000000
132827  41.976  -11.371  26.023 0.0000000000
68627  42.256  -10.926  25.595 0.0000000000
69622  42.976  -10.458  25.867 0.0000000000
69597  44.797  -10.509  27.442 0.0000000000
125397  46.087  -12.332  34.635 0.0000000000
141352  32.748  -18.706  38.567 0.0000000000
133751  33.194  -18.832  37.949 0.0000000000
62421  34.531  -17.967  40.077 0.0000000000
143731  33.687  -17.599  41.544 0.0000000000
138487  34.702  -17.864  40.786 0.0000000000
63443  36.373  -17.206  42.149 0.0000000000
56712  35.265  -23.640  44.035 0.0000000000
57636  35.400  -22.922  43.726 0.0000000000
56711  36.006  -23.112  44.321 0.0000000000
56710  36.636  -22.926  44.775 0.0000000000
57622  36.933  -22.341  45.070 0.0000000000
58596  36.883  -21.715  45.435 0.0000000000
57614  36.654  -21.345  46.303 0.0000000000
125519  35.695  -21.084  46.991 0.0000000000
142560  47.320  -4.645  16.690 0.0000000000
75521  47.864  -5.110  17.020 0.0000000000
75519  49.743  -5.021  17.049 0.0000000000
75517  51.388  -4.748  17.677 0.0000000000
75503  51.673  -4.548  18.466 0.0000000000
76452  51.909  -3.956  19.792 0.0000000000
80298  57.714  0.512  14.438 0.0000000000
80292  58.035  0.267  15.614 0.0000000000
141354  58.250  -0.040  16.074 0.0000000000
79342  57.819  -0.142  16.529 0.0000000000
78387  57.294  -0.448  17.165 0.0000000000
51714  25.879  -28.848  47.947 0.0000000000
51707  26.601  -28.940  48.551 0.0000000000
52720  27.651  -28.536  50.811 0.0000000000
52721  26.760  -28.607  50.998 0.0000000000
53721  28.380  -27.159  52.791 0.0000000000
53706  26.063  -26.912  53.683 0.0000000000
54700  26.592  -26.245  54.113 0.0000000000
54677  27.103  -25.779  54.685 0.0000000000
54699  27.466  -26.154  53.985 0.0000000000
55840  17.975  -25.735  46.633 0.0000000000
51663  15.156  -29.254  55.138 0.0000000000
49699  15.017  -30.265  55.759 0.0000000000
50676  13.851  -30.028  54.739 0.0000000000
49700  14.199  -30.663  55.224 0.0000000000
49688  14.792  -31.003  55.950 0.0000000000
48766  14.550  -31.674  56.299 0.0000000000
135294  13.125  -27.673  56.443 0.0000000000
50655  12.541  -30.132  56.994 0.0000000000
123029  12.635  -29.597  58.023 0.0000000000
123241  12.608  -31.077  57.354 0.0000000000
76431  46.934  -3.643  21.900 0.0000000000
77390  47.161  -3.799  22.555 0.0000000000
76407  44.509  -5.075  23.084 0.0000000000
76419  44.820  -4.772  22.777 0.0000000000
76406  45.311  -4.695  22.930 0.0000000000
76405  46.111  -4.550  23.002 0.0000000000
76392  46.376  -4.652  23.969 0.0000000000
127474  46.460  -4.688  25.822 0.0000000000
138277  46.487  -4.698  26.780 0.0000000000
130842  46.422  -4.914  27.459 0.0000000000
75379  46.535  -5.154  28.435 0.0000000000
74368  46.550  -5.493  28.900 0.0000000000
66547  41.199  -12.806  29.039 0.0000000000
67537  42.474  -13.201  31.006 0.0000000000
66508  41.697  -13.695  31.373 0.0000000000
66499  42.354  -13.571  31.840 0.0000000000
67536  43.060  -13.125  31.695 0.0000000000
67520  43.672  -12.976  32.311 0.0000000000
145508  44.037  -13.065  33.525 0.0000000000
67512  44.515  -12.834  33.903 0.0000000000
66472  41.540  -13.891  34.807 0.0000000000
67506  43.077  -13.395  34.744 0.0000000000
67491  42.914  -13.407  36.282 0.0000000000
144181  44.096  -13.090  34.721 0.0000000000
140553  44.836  -12.701  34.657 0.0000000000
68528  45.934  -12.392  35.886 0.0000000000
64433  31.660  -16.023  44.259 0.0000000000
129717  36.416  -26.621  48.758 0.0000000000
74480  47.258  -5.772  19.354 0.0000000000
79366  52.938  -0.926  12.870 0.0000000000
53677  8.798  -27.419  56.691 0.0000000000
54643  9.184  -26.576  58.122 0.0000000000
54629  8.790  -26.316  58.908 0.0000000000
144645  8.348  -26.193  59.529 0.0000000000
54630  7.958  -26.578  59.139 0.0000000000
122681  8.342  -25.938  60.152 0.0000000000
54603  8.499  -25.829  60.881 0.0000000000
54589  8.454  -26.208  61.596 0.0000000000
126899  5.657  -26.818  59.639 0.0000000000
54619  6.173  -26.249  60.175 0.0000000000
53614  7.087  -26.641  62.022 0.0000000000
52568  7.605  -27.177  61.997 0.0000000000
68630  39.810  -11.658  25.191 0.0000000000
67619  40.181  -11.872  25.811 0.0000000000
126992  39.828  -12.347  26.503 0.0000000000
67594  39.487  -12.839  27.202 0.0000000000
67580  39.841  -12.954  28.004 0.0000000000
66565  40.076  -13.150  28.675 0.0000000000
66549  39.924  -13.657  29.230 0.0000000000
66526  39.627  -14.019  30.040 0.0000000000
66510  40.036  -14.349  31.697 0.0000000000
66502  39.816  -14.439  32.677 0.0000000000
148356  39.267  -14.410  33.365 0.0000000000
65557  37.399  -15.503  30.869 0.0000000000
130373  37.504  -15.447  31.809 0.0000000000
141148  38.133  -15.150  31.873 0.0000000000
65538  38.509  -14.897  32.313 0.0000000000
66503  38.937  -14.626  32.850 0.0000000000
66489  39.056  -14.165  34.036 0.0000000000
138702  38.780  -14.015  34.740 0.0000000000
66459  38.964  -13.763  35.378 0.0000000000
67494  38.452  -13.554  36.019 0.0000000000
67478  38.701  -13.222  36.635 0.0000000000
126466  38.267  -13.105  37.169 0.0000000000
67461  38.503  -12.786  37.910 0.0000000000
68493  38.774  -12.510  38.855 0.0000000000
56740  33.712  -23.069  42.186 0.0000000000
56725  33.971  -23.727  43.176 0.0000000000
54877  30.696  -25.676  43.263 0.0000000000
54860  31.704  -25.750  44.349 0.0000000000
54875  32.192  -25.191  43.762 0.0000000000
55867  32.890  -24.840  44.029 0.0000000000
56713  34.503  -23.926  43.857 0.0000000000
55865  34.605  -24.371  44.718 0.0000000000
55833  34.389  -25.219  46.163 0.0000000000
55832  34.982  -25.182  46.293 0.0000000000
55813  35.328  -25.315  46.749 0.0000000000
51706  27.532  -28.920  48.320 0.0000000000
51705  28.424  -28.717  48.139 0.0000000000
127241  29.182  -28.517  47.962 0.0000000000
52738  28.808  -28.433  49.670 0.0000000000
52751  30.900  -27.894  48.286 0.0000000000
52750  31.588  -27.615  48.089 0.0000000000
53735  30.579  -26.992  51.618 0.0000000000
53754  30.922  -27.320  50.814 0.0000000000
54749  31.311  -26.584  51.337 0.0000000000
53778  31.103  -27.392  49.876 0.0000000000
53793  32.221  -27.232  48.330 0.0000000000
125074  33.522  -26.744  50.157 0.0000000000
54789  34.202  -26.476  48.393 0.0000000000
125502  34.685  -26.380  48.551 0.0000000000
144612  35.217  -26.374  48.639 0.0000000000
56569  21.904  -24.267  57.616 0.0000000000
134315  21.206  -23.950  57.591 0.0000000000
56582  20.552  -24.177  57.368 0.0000000000
56603  21.135  -24.600  56.041 0.0000000000
56594  20.660  -24.487  56.520 0.0000000000
56583  19.782  -24.541  57.426 0.0000000000
56596  19.143  -24.944  56.809 0.0000000000
55708  20.060  -24.944  53.187 0.0000000000
55691  19.372  -24.848  54.473 0.0000000000
132677  18.786  -24.951  54.989 0.0000000000
123764  18.486  -25.192  56.337 0.0000000000
55653  18.220  -25.370  56.743 0.0000000000
128492  17.636  -25.917  55.979 0.0000000000
54665  17.283  -26.417  55.355 0.0000000000
53684  16.696  -27.332  54.882 0.0000000000
55786  17.035  -26.187  49.345 0.0000000000
125934  16.884  -26.441  50.016 0.0000000000
53811  14.715  -27.824  47.682 0.0000000000
53797  15.370  -27.577  48.611 0.0000000000
53783  15.063  -27.425  49.446 0.0000000000
54801  15.749  -27.168  49.335 0.0000000000
55746  16.339  -26.712  51.042 0.0000000000
123675  16.502  -26.872  51.952 0.0000000000
137760  16.623  -26.989  52.234 0.0000000000
133439  14.506  -28.492  53.733 0.0000000000
54684  14.024  -25.971  53.404 0.0000000000
53696  13.697  -27.364  54.046 0.0000000000
54666  13.073  -25.519  55.394 0.0000000000
54739  12.545  -26.540  52.363 0.0000000000
54709  12.523  -25.247  53.330 0.0000000000
53727  11.841  -27.106  52.634 0.0000000000
55717  12.344  -25.155  54.122 0.0000000000
55675  12.622  -25.264  55.563 0.0000000000
55676  12.145  -25.354  55.754 0.0000000000
54668  11.143  -26.415  55.857 0.0000000000
53688  8.991  -27.712  55.863 0.0000000000
53678  7.927  -27.678  56.953 0.0000000000
52626  6.243  -27.936  57.579 0.0000000000
53858  28.621  -26.688  43.355 0.0000000000
53848  28.000  -27.048  44.016 0.0000000000
52781  26.540  -28.778  46.567 0.0000000000
136021  25.033  -27.842  43.980 0.0000000000
52797  24.894  -27.974  44.842 0.0000000000
52769  26.004  -28.844  47.150 0.0000000000
140826  24.679  -28.482  49.174 0.0000000000
52706  24.549  -28.161  51.056 0.0000000000
123231  22.475  -26.991  50.839 0.0000000000
53758  23.191  -27.499  50.701 0.0000000000
124695  23.754  -27.246  52.186 0.0000000000
55686  23.268  -25.326  54.901 0.0000000000
144951  22.599  -25.470  54.457 0.0000000000
56601  22.966  -25.049  55.973 0.0000000000
51653  15.768  -28.996  56.271 0.0000000000
126444  15.883  -29.403  57.187 0.0000000000
54628  9.892  -26.079  58.405 0.0000000000
55628  10.237  -25.802  59.186 0.0000000000
141462  10.985  -25.326  60.085 0.0000000000
55593  10.400  -25.653  61.071 0.0000000000
54602  11.002  -25.501  60.959 0.0000000000
54590  11.577  -25.778  60.816 0.0000000000
52583  12.347  -27.340  60.569 0.0000000000
146198  48.271  -3.540  23.233 0.0000000000
77367  48.995  -3.342  23.634 0.0000000000
123315  50.536  -2.531  24.472 0.0000000000
78293  51.847  -2.177  26.322 0.0000000000
77339  48.234  -3.607  25.497 0.0000000000
128888  48.827  -3.368  25.880 0.0000000000
77326  49.586  -3.084  26.143 0.0000000000
77310  49.840  -2.995  27.489 0.0000000000
78284  50.126  -2.673  26.875 0.0000000000
78295  50.140  -2.552  26.395 0.0000000000
126073  51.333  -2.265  26.757 0.0000000000
124436  51.834  -2.171  26.937 0.0000000000
148312  52.903  -1.883  27.892 0.0000000000
74431  40.973  -6.039  22.953 0.0000000000
74411  42.326  -6.255  23.765 0.0000000000
74401  42.992  -6.349  24.076 0.0000000000
128130  41.068  -8.251  23.780 0.0000000000
72449  41.962  -8.004  24.259 0.0000000000
71471  42.665  -8.246  24.797 0.0000000000
140116  42.655  -6.731  24.280 0.0000000000
73438  43.165  -6.588  24.483 0.0000000000
140169  43.554  -6.407  24.502 0.0000000000
126681  45.483  -6.214  26.963 0.0000000000
73421  45.275  -6.820  27.081 0.0000000000
73414  45.613  -6.367  27.529 0.0000000000
67578  41.656  -12.432  28.435 0.0000000000
67577  42.388  -12.402  28.820 0.0000000000
68581  43.028  -12.074  28.755 0.0000000000
122589  44.057  -11.796  29.459 0.0000000000
136324  43.825  -11.773  28.683 0.0000000000
68579  44.603  -11.397  28.824 0.0000000000
69578  45.278  -10.858  29.126 0.0000000000
69577  45.819  -10.214  29.626 0.0000000000
68547  45.855  -11.753  32.263 0.0000000000
129970  45.968  -11.244  31.405 0.0000000000
69537  47.258  -10.951  32.365 0.0000000000
69538  46.528  -11.319  32.041 0.0000000000
142566  46.090  -9.525  29.064 0.0000000000
70512  46.373  -9.363  29.763 0.0000000000
72406  46.949  -8.030  30.409 0.0000000000
132799  46.709  -7.000  30.075 0.0000000000
74358  47.247  -6.164  30.592 0.0000000000
64561  34.690  -16.952  33.493 0.0000000000
64560  35.091  -16.372  33.973 0.0000000000
65517  35.778  -16.063  34.587 0.0000000000
129538  33.832  -18.591  37.582 0.0000000000
62464  34.323  -17.837  37.128 0.0000000000
63502  34.794  -17.009  36.633 0.0000000000
64538  35.199  -16.208  35.342 0.0000000000
65506  35.883  -15.917  35.127 0.0000000000
66447  36.716  -14.854  36.291 0.0000000000
66437  37.062  -14.221  36.915 0.0000000000
65477  37.283  -14.531  38.106 0.0000000000
66431  37.421  -13.955  37.558 0.0000000000
67451  38.005  -13.410  37.964 0.0000000000
67450  38.464  -12.932  38.654 0.0000000000
58629  35.248  -21.643  43.687 0.0000000000
62368  31.922  -17.118  45.141 0.0000000000
63393  31.838  -16.614  45.042 0.0000000000
64412  31.743  -16.082  44.936 0.0000000000
64423  32.095  -15.974  44.819 0.0000000000
56685  37.781  -23.814  46.654 0.0000000000
145857  38.274  -24.225  47.607 0.0000000000
56676  37.997  -23.585  47.445 0.0000000000
57601  36.510  -21.485  47.545 0.0000000000
58576  34.898  -21.007  47.514 0.0000000000
58542  35.676  -21.354  49.718 0.0000000000
59484  35.196  -20.211  50.037 0.0000000000
58559  35.560  -21.306  48.923 0.0000000000
58560  34.987  -20.991  48.411 0.0000000000
59515  34.365  -19.621  47.729 0.0000000000
61334  33.750  -18.615  47.606 0.0000000000
61335  33.397  -18.152  47.267 0.0000000000
62350  34.013  -18.076  47.654 0.0000000000
62358  33.572  -17.646  47.245 0.0000000000
63384  33.100  -16.832  46.369 0.0000000000
135346  32.645  -16.088  44.782 0.0000000000
64422  33.397  -16.384  44.938 0.0000000000
63405  34.171  -16.743  44.386 0.0000000000
63417  35.105  -17.257  43.916 0.0000000000
63392  34.825  -16.747  45.500 0.0000000000
63404  35.034  -16.965  44.718 0.0000000000
63416  35.970  -17.586  43.509 0.0000000000
138957  36.561  -17.045  42.978 0.0000000000
122674  36.493  -16.291  48.762 0.0000000000
64390  36.484  -16.531  47.622 0.0000000000
65386  37.097  -16.274  46.940 0.0000000000
65377  37.503  -15.303  47.448 0.0000000000
65393  37.472  -16.193  45.910 0.0000000000
64420  37.237  -16.831  44.512 0.0000000000
135222  36.966  -16.162  42.847 0.0000000000
65425  36.973  -15.300  42.351 0.0000000000
65440  37.591  -14.596  41.927 0.0000000000
66409  38.217  -13.899  41.479 0.0000000000
78419  52.445  -1.483  13.570 0.0000000000
77469  54.174  -2.625  15.274 0.0000000000
77460  54.758  -2.458  15.911 0.0000000000
76471  52.662  -4.045  17.484 0.0000000000
76470  53.487  -3.524  18.051 0.0000000000
76459  53.282  -3.577  18.929 0.0000000000
78359  56.391  -1.532  19.622 0.0000000000
78341  56.165  -2.239  20.993 0.0000000000
52566  9.142  -26.650  61.560 0.0000000000
52670  14.342  -27.840  53.492 0.0000000000
53611  9.323  -26.221  61.560 0.0000000000
53612  8.675  -26.381  61.664 0.0000000000
53616  12.095  -26.466  60.855 0.0000000000
53617  11.459  -26.387  61.125 0.0000000000
53619  7.240  -26.265  61.718 0.0000000000
53628  12.569  -26.687  60.102 0.0000000000
53640  12.965  -26.879  59.315 0.0000000000
53661  13.161  -26.109  57.149 0.0000000000
54591  10.910  -25.886  61.179 0.0000000000
54592  9.623  -25.814  61.208 0.0000000000
54593  8.818  -25.925  61.341 0.0000000000
54605  6.532  -26.031  60.745 0.0000000000
54640  12.999  -25.618  57.742 0.0000000000
54653  13.088  -25.538  56.742 0.0000000000
54702  24.778  -26.231  54.099 0.0000000000
55599  11.251  -25.451  60.454 0.0000000000
55600  10.590  -25.384  60.672 0.0000000000
55609  11.883  -25.278  59.351 0.0000000000
55610  11.482  -25.324  59.728 0.0000000000
55611  9.701  -25.751  59.798 0.0000000000
55639  12.770  -25.255  57.333 0.0000000000
55656  11.038  -25.879  57.116 0.0000000000
56590  24.056  -25.303  56.356 0.0000000000
58527  35.420  -20.820  50.089 0.0000000000
62410  33.816  -17.830  40.796 0.0000000000
63402  36.665  -17.357  44.841 0.0000000000
64531  35.281  -16.320  36.140 0.0000000000
65385  37.881  -15.438  46.486 0.0000000000
65495  35.910  -15.871  35.775 0.0000000000
65505  36.342  -15.363  35.673 0.0000000000
65572  36.915  -15.153  28.988 0.0000000000
66456  42.157  -13.673  35.157 0.0000000000
67438  38.402  -13.162  39.239 0.0000000000
67480  37.416  -13.952  36.661 0.0000000000
68506  38.719  -12.512  38.471 0.0000000000
68569  45.163  -11.244  30.315 0.0000000000
68580  43.457  -12.113  29.254 0.0000000000
68614  42.616  -11.156  26.248 0.0000000000
71462  44.422  -8.482  26.593 0.0000000000
72419  45.646  -7.607  28.129 0.0000000000
74367  46.901  -5.381  29.435 0.0000000000
77307  52.876  -1.977  27.806 0.0000000000
77308  52.137  -2.228  27.919 0.0000000000
78281  52.745  -1.994  27.663 0.0000000000
78292  52.401  -2.136  26.699 0.0000000000
79352  58.110  0.126  16.076 0.0000000000
127246  13.043  -27.054  58.287 0.0000000000
128391  41.207  -14.119  32.812 0.0000000000
130002  14.411  -26.172  52.258 0.0000000000
132144  10.009  -26.020  61.401 0.0000000000
132939  12.330  -25.131  57.783 0.0000000000
133455  12.943  -26.361  58.755 0.0000000000
137111  36.089  -16.065  33.594 0.0000000000
140921  40.497  -14.133  34.194 0.0000000000
143184  40.097  -11.381  24.834 0.0000000000
144238  41.392  -13.977  32.078 0.0000000000
145290  41.870  -13.788  31.965 0.0000000000
145707  48.509  -3.288  28.258 0.0000000000
145797  25.201  -28.640  49.004 0.0000000000
146089  34.933  -16.771  33.487 0.0000000000
146204  11.191  -27.374  61.053 0.0000000000
147694  13.052  -25.570  57.256 0.0000000000
