#!ascii label  , from subject chris_t1_5 vox2ras=TkReg
2058
68577  49.552  -11.376  29.215 0.0000000000
48867  31.661  -30.582  47.932 0.0000000000
146783  21.624  -33.700  51.425 0.0000000000
49730  17.129  -30.288  51.479 0.0000000000
49696  28.300  -29.571  54.328 0.0000000000
40055  24.307  -40.912  53.687 0.0000000000
63555  42.144  -15.688  30.640 0.0000000000
74399  48.565  -5.583  25.934 0.0000000000
64473  41.193  -15.195  40.514 0.0000000000
52863  32.730  -27.420  39.378 0.0000000000
44951  27.349  -35.577  45.236 0.0000000000
50639  23.210  -28.618  56.080 0.0000000000
141962  20.979  -29.319  51.336 0.0000000000
52637  19.938  -26.948  56.601 0.0000000000
140898  22.792  -34.380  54.930 0.0000000000
65453  45.597  -14.289  39.822 0.0000000000
50703  36.073  -29.196  50.089 0.0000000000
51718  38.880  -27.377  46.925 0.0000000000
55898  38.585  -24.630  42.845 0.0000000000
50758  32.832  -29.133  43.444 0.0000000000
136588  26.526  -30.154  41.036 0.0000000000
47930  24.624  -32.215  45.524 0.0000000000
39197  23.482  -41.439  49.470 0.0000000000
40079  27.514  -40.781  51.646 0.0000000000
71438  49.994  -8.928  28.564 0.0000000000
68637  47.541  -11.016  24.201 0.0000000000
124830  20.560  -36.648  47.815 0.0000000000
125613  20.458  -33.256  46.000 0.0000000000
47840  29.911  -31.023  51.951 0.0000000000
45861  23.762  -33.927  50.064 0.0000000000
43933  23.141  -35.828  53.870 0.0000000000
41028  20.815  -39.118  52.712 0.0000000000
65567  46.060  -14.058  29.871 0.0000000000
49653  17.628  -29.652  58.662 0.0000000000
46817  15.135  -33.240  53.724 0.0000000000
72394  51.770  -8.304  31.793 0.0000000000
68539  49.686  -11.704  33.133 0.0000000000
65504  45.775  -14.714  34.989 0.0000000000
62485  41.326  -16.916  35.803 0.0000000000
60533  36.647  -19.418  35.345 0.0000000000
144025  40.590  -16.769  45.463 0.0000000000
58681  37.529  -21.096  39.928 0.0000000000
55999  31.726  -24.427  34.627 0.0000000000
50869  26.736  -29.394  35.812 0.0000000000
42040  26.045  -38.325  48.701 0.0000000000
126634  21.997  -26.393  58.003 0.0000000000
51642  21.885  -27.562  56.903 0.0000000000
53636  21.209  -26.162  58.411 0.0000000000
51631  24.532  -27.470  56.637 0.0000000000
48830  34.519  -30.323  49.434 0.0000000000
49791  34.910  -29.565  46.783 0.0000000000
50744  35.328  -28.371  45.235 0.0000000000
137528  31.945  -30.298  45.507 0.0000000000
49825  29.122  -30.599  44.230 0.0000000000
48884  28.189  -31.057  46.649 0.0000000000
40113  23.067  -40.852  47.588 0.0000000000
39208  24.125  -41.759  47.642 0.0000000000
70518  52.394  -8.828  27.935 0.0000000000
71459  51.662  -8.944  26.089 0.0000000000
68597  50.538  -10.806  26.642 0.0000000000
138313  20.549  -35.307  49.878 0.0000000000
123160  20.381  -35.446  46.926 0.0000000000
46859  20.795  -33.332  48.997 0.0000000000
50707  19.086  -29.194  51.073 0.0000000000
49777  19.360  -30.550  47.715 0.0000000000
49751  17.139  -30.509  48.858 0.0000000000
47891  15.910  -31.837  49.207 0.0000000000
49713  31.637  -29.507  52.560 0.0000000000
47820  28.601  -30.988  53.020 0.0000000000
46822  25.679  -31.927  52.216 0.0000000000
46803  24.816  -32.620  53.851 0.0000000000
45829  22.005  -34.636  53.964 0.0000000000
43935  21.426  -36.770  54.535 0.0000000000
143567  20.738  -36.251  52.050 0.0000000000
42017  20.637  -38.142  50.096 0.0000000000
64616  44.377  -15.383  30.155 0.0000000000
65595  44.697  -14.841  27.704 0.0000000000
63598  43.049  -16.406  27.758 0.0000000000
44862  14.669  -35.023  56.016 0.0000000000
66470  47.316  -13.609  34.302 0.0000000000
65490  48.090  -13.441  36.959 0.0000000000
64454  43.659  -14.496  40.524 0.0000000000
63482  43.911  -15.530  38.734 0.0000000000
62447  41.327  -16.643  38.270 0.0000000000
61440  39.213  -17.840  35.495 0.0000000000
61415  38.635  -17.627  37.965 0.0000000000
53902  36.323  -25.703  40.976 0.0000000000
56761  38.014  -23.404  41.722 0.0000000000
54939  35.415  -24.995  39.342 0.0000000000
57730  34.412  -22.840  37.428 0.0000000000
125257  32.511  -26.020  37.265 0.0000000000
53985  29.616  -26.795  34.633 0.0000000000
51797  29.979  -27.813  38.016 0.0000000000
46947  25.654  -32.770  39.885 0.0000000000
42984  22.729  -37.541  50.476 0.0000000000
43990  23.256  -36.325  48.173 0.0000000000
41051  25.068  -39.726  51.010 0.0000000000
40076  30.269  -40.039  50.829 0.0000000000
73474  50.168  -5.800  22.174 0.0000000000
73477  47.773  -6.843  23.147 0.0000000000
47823  22.904  -32.188  53.261 0.0000000000
48806  22.419  -31.286  51.407 0.0000000000
128433  22.488  -29.095  53.594 0.0000000000
51681  21.129  -28.191  53.616 0.0000000000
50684  19.102  -28.342  54.066 0.0000000000
50648  26.989  -28.086  55.545 0.0000000000
47803  25.260  -31.827  55.124 0.0000000000
48738  24.772  -30.198  56.142 0.0000000000
47792  23.471  -31.899  54.873 0.0000000000
66424  49.022  -13.766  39.934 0.0000000000
66394  42.714  -13.049  42.177 0.0000000000
52814  38.414  -26.121  44.843 0.0000000000
51736  35.720  -27.028  43.203 0.0000000000
51749  32.704  -28.335  41.461 0.0000000000
50812  30.053  -28.526  40.152 0.0000000000
49864  30.004  -29.385  42.002 0.0000000000
48945  25.648  -31.205  42.960 0.0000000000
45898  24.109  -34.289  44.588 0.0000000000
39174  23.843  -41.674  52.601 0.0000000000
39149  26.231  -41.161  53.236 0.0000000000
38442  24.628  -41.653  50.720 0.0000000000
72418  47.660  -7.784  28.194 0.0000000000
72437  46.516  -7.921  25.327 0.0000000000
70541  48.244  -9.565  26.643 0.0000000000
48872  20.354  -31.518  47.944 0.0000000000
126705  33.260  -30.275  50.825 0.0000000000
47884  30.037  -30.948  50.007 0.0000000000
47901  26.922  -31.732  49.030 0.0000000000
46845  25.603  -32.055  51.070 0.0000000000
44900  23.502  -34.790  52.009 0.0000000000
41987  22.491  -38.774  52.810 0.0000000000
43912  22.592  -35.970  54.772 0.0000000000
40994  21.776  -38.630  55.094 0.0000000000
39144  22.385  -40.625  53.979 0.0000000000
40082  21.768  -39.837  51.021 0.0000000000
41070  21.766  -39.134  49.449 0.0000000000
134583  47.786  -12.611  29.306 0.0000000000
131827  48.470  -12.148  27.261 0.0000000000
66593  46.554  -13.697  26.709 0.0000000000
50640  18.408  -28.515  57.905 0.0000000000
48785  17.574  -30.758  54.999 0.0000000000
47814  16.928  -32.014  55.871 0.0000000000
47856  15.746  -31.806  52.356 0.0000000000
73407  48.572  -7.058  29.807 0.0000000000
71426  51.367  -8.486  30.042 0.0000000000
69563  52.156  -9.431  30.460 0.0000000000
131195  49.940  -11.352  30.961 0.0000000000
66496  47.955  -12.915  32.024 0.0000000000
65535  46.108  -14.410  32.438 0.0000000000
64571  43.765  -15.574  32.412 0.0000000000
64518  45.953  -14.708  37.802 0.0000000000
63520  44.069  -15.465  35.902 0.0000000000
132053  41.525  -16.400  32.859 0.0000000000
62524  39.600  -17.530  32.525 0.0000000000
60578  37.144  -18.983  32.044 0.0000000000
63414  40.320  -15.755  43.303 0.0000000000
135694  40.225  -20.901  43.808 0.0000000000
59570  39.621  -19.814  42.596 0.0000000000
62419  38.496  -17.924  40.391 0.0000000000
142231  36.902  -20.033  38.223 0.0000000000
58728  34.344  -21.400  35.452 0.0000000000
50816  26.729  -29.449  38.815 0.0000000000
47918  24.451  -32.682  47.603 0.0000000000
44936  23.902  -35.739  46.229 0.0000000000
44022  26.683  -36.444  46.543 0.0000000000
41036  27.941  -39.849  52.570 0.0000000000
42981  28.915  -38.042  50.516 0.0000000000
52590  21.703  -26.351  58.186 0.0000000000
55604  21.403  -25.213  58.285 0.0000000000
48848  32.210  -30.559  48.436 0.0000000000
49761  34.715  -30.144  48.147 0.0000000000
140790  32.977  -30.309  47.054 0.0000000000
49793  33.493  -29.790  46.135 0.0000000000
134746  31.000  -30.597  46.550 0.0000000000
48901  30.123  -30.667  45.928 0.0000000000
48869  29.350  -30.768  47.613 0.0000000000
138995  51.352  -10.062  28.869 0.0000000000
69595  52.139  -9.286  27.459 0.0000000000
68586  50.380  -10.695  27.621 0.0000000000
45858  20.968  -34.653  50.802 0.0000000000
134300  20.590  -34.772  49.428 0.0000000000
46834  21.078  -34.045  50.176 0.0000000000
50708  18.305  -29.378  51.354 0.0000000000
49736  18.378  -29.740  49.740 0.0000000000
130356  17.075  -30.427  49.819 0.0000000000
48855  16.419  -31.289  48.628 0.0000000000
48820  16.527  -31.025  50.370 0.0000000000
50661  28.314  -28.204  54.850 0.0000000000
50671  29.000  -28.737  54.291 0.0000000000
49705  30.103  -29.706  53.467 0.0000000000
48774  28.631  -30.055  53.857 0.0000000000
47821  26.800  -31.451  53.306 0.0000000000
47812  27.301  -30.807  54.084 0.0000000000
45842  21.587  -34.527  52.501 0.0000000000
44890  21.205  -35.750  52.524 0.0000000000
44902  20.939  -35.267  51.432 0.0000000000
123601  20.529  -36.384  50.748 0.0000000000
64595  42.953  -15.748  30.173 0.0000000000
64634  43.463  -15.811  28.527 0.0000000000
63588  42.158  -16.172  28.759 0.0000000000
67455  49.145  -12.376  36.751 0.0000000000
66443  48.563  -12.957  35.964 0.0000000000
66429  48.605  -12.859  37.345 0.0000000000
64472  42.483  -15.127  40.107 0.0000000000
63469  42.544  -15.783  39.192 0.0000000000
63470  41.164  -16.102  39.319 0.0000000000
144089  40.247  -16.955  38.249 0.0000000000
148373  40.004  -16.635  39.067 0.0000000000
53904  34.762  -26.301  40.155 0.0000000000
53917  35.816  -25.537  40.201 0.0000000000
53931  34.123  -25.908  38.763 0.0000000000
54940  34.262  -25.334  38.487 0.0000000000
53933  32.800  -26.658  38.314 0.0000000000
52895  31.083  -27.051  36.768 0.0000000000
52873  31.816  -27.450  38.483 0.0000000000
41053  23.012  -38.987  51.334 0.0000000000
42015  23.376  -38.685  50.398 0.0000000000
41039  24.402  -40.108  51.902 0.0000000000
74428  49.709  -5.441  23.821 0.0000000000
73446  48.123  -6.162  24.502 0.0000000000
124477  23.416  -30.571  54.108 0.0000000000
48784  23.250  -30.860  53.180 0.0000000000
49686  23.197  -29.476  54.455 0.0000000000
52636  21.056  -27.019  56.764 0.0000000000
131169  21.493  -27.632  55.178 0.0000000000
51661  20.475  -27.434  55.158 0.0000000000
51672  19.844  -27.812  54.548 0.0000000000
51662  19.466  -27.686  55.379 0.0000000000
51641  26.582  -27.612  55.773 0.0000000000
142736  26.069  -29.121  55.548 0.0000000000
50634  25.803  -27.816  56.026 0.0000000000
50638  23.562  -28.570  56.382 0.0000000000
49664  23.906  -29.498  56.442 0.0000000000
49666  23.485  -29.813  55.625 0.0000000000
48776  23.325  -31.697  54.053 0.0000000000
50730  37.989  -28.343  47.798 0.0000000000
51710  39.374  -27.388  47.688 0.0000000000
53818  39.788  -26.388  46.992 0.0000000000
54840  39.710  -25.536  45.910 0.0000000000
52790  38.559  -27.093  46.151 0.0000000000
50747  33.635  -29.052  44.304 0.0000000000
51730  35.564  -27.514  43.916 0.0000000000
50766  33.793  -28.477  43.242 0.0000000000
51747  33.937  -27.973  42.020 0.0000000000
50768  32.690  -28.858  42.770 0.0000000000
50780  31.404  -28.788  41.822 0.0000000000
49849  31.188  -29.411  43.049 0.0000000000
123590  26.553  -31.278  45.106 0.0000000000
48936  27.532  -30.914  43.751 0.0000000000
48925  25.205  -31.537  44.443 0.0000000000
48938  24.542  -31.948  43.877 0.0000000000
124425  24.075  -32.883  45.140 0.0000000000
126834  23.706  -41.637  50.586 0.0000000000
38443  24.386  -41.711  51.469 0.0000000000
123280  24.168  -41.754  50.476 0.0000000000
71449  48.291  -9.017  28.138 0.0000000000
70530  47.822  -9.248  27.302 0.0000000000
70529  48.774  -9.334  27.346 0.0000000000
70555  51.300  -9.353  25.511 0.0000000000
43031  20.961  -37.274  47.725 0.0000000000
43032  20.750  -36.711  47.139 0.0000000000
49728  21.865  -30.503  51.035 0.0000000000
48819  21.561  -31.559  50.060 0.0000000000
49747  20.773  -30.294  49.521 0.0000000000
49809  18.115  -30.885  45.960 0.0000000000
48888  19.392  -31.039  46.487 0.0000000000
48799  30.766  -30.554  52.229 0.0000000000
48797  32.607  -29.845  51.582 0.0000000000
47838  30.811  -30.682  51.740 0.0000000000
146836  31.724  -30.535  50.218 0.0000000000
126163  29.826  -31.152  51.304 0.0000000000
122665  28.741  -31.350  50.516 0.0000000000
47853  27.422  -31.592  51.601 0.0000000000
45836  23.921  -34.239  53.312 0.0000000000
45841  23.833  -34.086  52.504 0.0000000000
44887  23.599  -34.963  52.841 0.0000000000
43959  22.764  -36.634  52.476 0.0000000000
43948  22.800  -36.511  53.428 0.0000000000
127802  23.479  -33.843  55.104 0.0000000000
45811  23.391  -34.357  55.007 0.0000000000
44848  22.104  -36.004  55.124 0.0000000000
122745  21.047  -37.963  54.005 0.0000000000
41972  21.335  -38.339  54.697 0.0000000000
41004  21.557  -39.138  54.614 0.0000000000
40037  21.859  -40.042  54.401 0.0000000000
41027  21.297  -39.821  53.080 0.0000000000
40057  21.730  -40.574  52.747 0.0000000000
134721  20.891  -39.306  52.006 0.0000000000
124498  20.465  -37.037  49.039 0.0000000000
42030  21.089  -38.558  49.844 0.0000000000
43015  21.109  -37.721  48.429 0.0000000000
66545  46.745  -13.493  29.666 0.0000000000
66577  47.067  -12.917  28.081 0.0000000000
66564  45.847  -13.780  28.455 0.0000000000
64666  45.195  -15.547  26.186 0.0000000000
50641  18.040  -29.299  58.521 0.0000000000
50666  18.229  -29.364  56.548 0.0000000000
144374  17.801  -30.080  56.956 0.0000000000
46795  16.095  -33.131  55.935 0.0000000000
46794  16.475  -32.483  55.471 0.0000000000
48787  16.583  -31.605  54.343 0.0000000000
47836  15.469  -32.521  53.406 0.0000000000
47857  15.400  -32.167  51.610 0.0000000000
46835  14.824  -32.940  52.020 0.0000000000
74373  48.569  -6.165  29.005 0.0000000000
72405  49.656  -7.894  31.100 0.0000000000
71416  51.394  -8.442  30.854 0.0000000000
137831  52.256  -8.556  29.743 0.0000000000
70481  52.557  -8.836  31.076 0.0000000000
129758  50.458  -11.215  33.024 0.0000000000
68556  50.576  -10.826  31.332 0.0000000000
68557  49.875  -11.494  31.666 0.0000000000
67532  48.579  -12.473  31.623 0.0000000000
67518  48.593  -12.540  32.423 0.0000000000
148100  46.762  -14.056  34.410 0.0000000000
66498  46.644  -13.915  32.870 0.0000000000
136027  46.010  -14.579  33.911 0.0000000000
64580  45.104  -15.229  32.419 0.0000000000
64557  45.234  -15.141  33.962 0.0000000000
148608  47.453  -13.914  39.811 0.0000000000
64503  47.050  -14.030  38.491 0.0000000000
64489  45.805  -14.517  39.036 0.0000000000
63501  42.779  -16.232  37.553 0.0000000000
63511  44.226  -15.465  36.848 0.0000000000
63521  42.472  -16.036  35.396 0.0000000000
63528  42.433  -16.038  34.503 0.0000000000
63529  41.653  -16.465  34.364 0.0000000000
62523  40.224  -17.126  32.926 0.0000000000
62499  40.413  -17.239  34.621 0.0000000000
61441  38.022  -18.550  35.505 0.0000000000
61453  38.426  -18.364  34.156 0.0000000000
60553  37.137  -18.896  33.840 0.0000000000
59630  35.839  -19.649  34.049 0.0000000000
63401  40.722  -16.082  44.759 0.0000000000
55879  39.445  -23.899  44.161 0.0000000000
57633  40.319  -22.320  44.648 0.0000000000
56737  39.269  -23.019  43.208 0.0000000000
125427  38.166  -21.848  41.065 0.0000000000
58655  39.187  -21.035  42.095 0.0000000000
59579  38.687  -20.232  41.306 0.0000000000
61390  38.999  -18.735  41.738 0.0000000000
134982  37.883  -19.830  40.162 0.0000000000
60500  37.569  -19.569  39.397 0.0000000000
144292  36.928  -20.586  38.757 0.0000000000
56840  33.358  -23.584  36.379 0.0000000000
58719  34.549  -21.657  36.264 0.0000000000
56853  32.899  -22.869  34.987 0.0000000000
57773  33.066  -22.085  33.815 0.0000000000
56861  31.606  -23.734  33.224 0.0000000000
55002  30.819  -24.935  33.430 0.0000000000
52911  28.474  -27.776  35.190 0.0000000000
52949  28.246  -27.547  33.507 0.0000000000
49880  28.011  -29.455  40.769 0.0000000000
50814  28.283  -28.811  39.561 0.0000000000
49888  26.690  -29.688  39.561 0.0000000000
47992  26.142  -32.400  38.412 0.0000000000
47889  25.376  -32.355  49.370 0.0000000000
134236  25.826  -31.976  48.085 0.0000000000
144871  24.094  -33.278  48.918 0.0000000000
43013  24.524  -37.754  47.870 0.0000000000
44004  23.677  -36.503  47.303 0.0000000000
43029  24.462  -37.197  47.061 0.0000000000
44044  24.762  -36.390  45.900 0.0000000000
43028  26.356  -37.289  47.511 0.0000000000
39183  27.252  -41.089  52.351 0.0000000000
41023  27.176  -40.209  52.715 0.0000000000
40065  28.133  -40.599  52.153 0.0000000000
41996  29.689  -39.216  51.637 0.0000000000
43008  28.947  -37.164  48.950 0.0000000000
70572  46.217  -9.228  24.514 0.0000000000
71491  46.141  -8.647  24.088 0.0000000000
139877  49.281  -12.198  26.121 0.0000000000
51617  22.527  -27.281  57.384 0.0000000000
146839  22.470  -27.847  56.680 0.0000000000
51618  21.890  -26.816  57.819 0.0000000000
52605  21.411  -26.871  57.836 0.0000000000
52606  20.589  -26.725  57.999 0.0000000000
51615  23.856  -27.121  57.004 0.0000000000
48813  35.886  -30.435  49.972 0.0000000000
49734  36.397  -30.101  49.524 0.0000000000
48844  36.039  -30.058  49.614 0.0000000000
49774  36.017  -29.535  48.028 0.0000000000
140710  36.558  -28.494  46.848 0.0000000000
51720  37.068  -27.670  46.076 0.0000000000
49805  34.688  -29.358  46.000 0.0000000000
49807  33.387  -29.618  45.490 0.0000000000
49822  31.815  -29.934  44.708 0.0000000000
49837  30.586  -29.782  43.694 0.0000000000
48920  30.623  -30.456  45.066 0.0000000000
48902  29.055  -30.852  45.610 0.0000000000
48886  27.055  -31.406  46.214 0.0000000000
132157  23.289  -41.166  48.543 0.0000000000
127866  23.802  -41.748  48.652 0.0000000000
142928  23.642  -41.569  47.811 0.0000000000
71437  51.522  -8.458  28.004 0.0000000000
70527  51.480  -8.532  27.017 0.0000000000
70537  52.085  -8.589  27.023 0.0000000000
69604  51.998  -9.270  26.530 0.0000000000
123166  20.419  -36.399  49.016 0.0000000000
44005  20.417  -36.167  47.743 0.0000000000
44923  20.399  -35.857  48.352 0.0000000000
45868  20.458  -34.369  48.171 0.0000000000
46873  20.448  -33.675  47.516 0.0000000000
130264  19.951  -29.010  51.360 0.0000000000
50716  20.270  -29.696  49.858 0.0000000000
50722  19.288  -29.643  49.620 0.0000000000
143863  17.932  -30.046  48.711 0.0000000000
142369  15.952  -32.314  47.742 0.0000000000
48782  30.155  -30.231  53.134 0.0000000000
47831  28.909  -31.001  52.534 0.0000000000
125484  27.492  -31.547  52.179 0.0000000000
47833  27.471  -31.473  52.613 0.0000000000
134255  24.852  -32.524  53.238 0.0000000000
138713  23.734  -34.591  53.848 0.0000000000
45820  21.882  -35.128  54.320 0.0000000000
44861  21.629  -36.257  54.808 0.0000000000
44873  21.480  -36.102  54.174 0.0000000000
43949  21.064  -36.714  53.169 0.0000000000
42969  20.607  -37.616  52.252 0.0000000000
42001  20.630  -38.380  50.889 0.0000000000
124402  20.519  -37.128  50.797 0.0000000000
43982  20.435  -36.862  49.485 0.0000000000
65569  44.867  -14.878  29.660 0.0000000000
65568  45.483  -14.308  29.166 0.0000000000
64633  44.235  -15.388  29.166 0.0000000000
64651  43.752  -15.963  27.359 0.0000000000
45804  15.748  -33.907  57.322 0.0000000000
45830  14.907  -34.096  54.901 0.0000000000
46818  14.637  -33.839  53.227 0.0000000000
45838  14.497  -34.634  53.538 0.0000000000
67502  49.396  -12.232  34.368 0.0000000000
67503  48.705  -12.601  34.082 0.0000000000
67488  48.809  -12.620  34.862 0.0000000000
66455  47.566  -13.557  35.206 0.0000000000
65502  47.050  -14.036  35.811 0.0000000000
64452  44.313  -14.236  40.619 0.0000000000
64470  44.376  -14.966  39.735 0.0000000000
147350  43.510  -15.273  39.649 0.0000000000
62445  42.759  -16.217  38.258 0.0000000000
62460  42.034  -16.640  37.316 0.0000000000
62486  40.605  -17.335  35.495 0.0000000000
62462  40.532  -17.353  37.356 0.0000000000
137836  39.201  -17.862  36.337 0.0000000000
61429  38.383  -18.236  36.702 0.0000000000
54894  37.285  -25.455  41.780 0.0000000000
55914  38.552  -23.981  42.558 0.0000000000
148243  37.308  -24.575  41.159 0.0000000000
55953  36.716  -24.190  40.359 0.0000000000
56808  36.480  -23.373  39.991 0.0000000000
57716  35.991  -22.208  39.096 0.0000000000
55968  34.671  -24.040  38.437 0.0000000000
55977  33.654  -24.481  37.500 0.0000000000
54978  32.169  -25.199  35.985 0.0000000000
53983  30.880  -25.770  34.874 0.0000000000
131578  31.350  -26.415  36.287 0.0000000000
52897  29.359  -27.564  36.330 0.0000000000
51816  28.045  -28.279  36.494 0.0000000000
48951  25.146  -31.396  41.206 0.0000000000
48958  25.253  -31.395  40.468 0.0000000000
129013  24.922  -33.131  41.219 0.0000000000
46913  26.658  -33.840  41.008 0.0000000000
129771  28.073  -34.267  41.837 0.0000000000
43981  22.759  -36.031  49.971 0.0000000000
44922  23.056  -35.267  48.737 0.0000000000
42996  22.907  -37.382  49.687 0.0000000000
42028  24.410  -38.581  49.144 0.0000000000
42027  25.320  -38.773  49.287 0.0000000000
40090  28.788  -40.126  50.551 0.0000000000
41067  29.042  -39.746  49.853 0.0000000000
74427  50.492  -5.129  23.533 0.0000000000
73475  49.421  -6.126  22.474 0.0000000000
72484  47.598  -7.700  21.898 0.0000000000
123413  22.341  -33.093  52.402 0.0000000000
46833  21.675  -33.148  50.965 0.0000000000
47844  22.502  -32.217  51.905 0.0000000000
131264  22.738  -30.371  52.527 0.0000000000
49721  22.337  -29.561  52.526 0.0000000000
50664  22.429  -28.436  55.168 0.0000000000
51671  21.865  -28.470  53.807 0.0000000000
50697  20.769  -28.807  52.060 0.0000000000
50698  19.742  -28.669  52.337 0.0000000000
50699  18.713  -28.817  52.681 0.0000000000
49716  17.978  -29.491  53.153 0.0000000000
50662  27.887  -28.431  55.116 0.0000000000
47802  25.918  -31.271  54.792 0.0000000000
49674  26.427  -29.607  55.270 0.0000000000
133816  24.386  -31.816  55.733 0.0000000000
47790  24.058  -32.015  55.777 0.0000000000
49663  24.275  -29.308  56.453 0.0000000000
48740  23.988  -30.874  56.243 0.0000000000
46777  23.287  -32.996  54.903 0.0000000000
46793  22.423  -34.166  54.284 0.0000000000
46804  22.574  -33.343  53.754 0.0000000000
132566  40.525  -16.262  29.782 0.0000000000
63589  41.216  -16.140  29.125 0.0000000000
63602  39.965  -16.494  28.613 0.0000000000
67437  48.058  -12.986  38.804 0.0000000000
65418  45.159  -13.936  41.731 0.0000000000
65420  44.668  -14.129  42.184 0.0000000000
64439  43.303  -14.013  41.004 0.0000000000
64440  42.042  -14.017  41.210 0.0000000000
54858  39.604  -25.089  45.305 0.0000000000
53868  38.380  -25.610  43.703 0.0000000000
52804  37.384  -26.730  44.844 0.0000000000
52816  37.205  -26.459  43.875 0.0000000000
53870  37.367  -25.813  42.732 0.0000000000
52839  36.091  -26.312  42.066 0.0000000000
52851  34.168  -26.942  40.691 0.0000000000
51770  32.848  -27.598  40.055 0.0000000000
51772  31.742  -28.098  39.843 0.0000000000
51760  31.658  -28.395  40.627 0.0000000000
50782  29.713  -29.197  41.351 0.0000000000
49866  28.311  -29.638  41.395 0.0000000000
49838  29.512  -30.020  43.419 0.0000000000
49853  27.336  -30.401  42.582 0.0000000000
49855  25.779  -30.994  42.070 0.0000000000
48947  24.763  -31.857  42.504 0.0000000000
45929  24.480  -33.902  43.320 0.0000000000
44973  25.439  -35.444  44.636 0.0000000000
39151  24.053  -41.199  53.644 0.0000000000
40054  25.353  -40.975  53.522 0.0000000000
38426  25.090  -41.525  53.061 0.0000000000
39173  25.791  -41.493  52.306 0.0000000000
39193  26.039  -41.200  50.454 0.0000000000
39202  24.192  -41.791  48.464 0.0000000000
40093  25.635  -41.062  49.382 0.0000000000
73419  47.824  -6.482  27.323 0.0000000000
73436  47.311  -6.738  25.788 0.0000000000
72430  47.111  -7.828  26.837 0.0000000000
70543  46.771  -8.927  26.074 0.0000000000
69620  47.296  -10.115  25.325 0.0000000000
70540  49.650  -9.390  26.436 0.0000000000
70556  49.666  -9.860  25.195 0.0000000000
47874  21.422  -32.372  49.760 0.0000000000
47904  20.725  -32.422  48.437 0.0000000000
147242  20.446  -32.888  46.743 0.0000000000
48854  20.029  -30.825  47.990 0.0000000000
146762  19.897  -31.365  46.703 0.0000000000
49720  34.409  -29.946  50.469 0.0000000000
123013  33.648  -30.366  50.309 0.0000000000
48831  31.996  -30.575  49.394 0.0000000000
131339  30.952  -30.583  48.940 0.0000000000
48851  29.483  -30.801  48.495 0.0000000000
47886  28.314  -31.361  49.815 0.0000000000
47887  27.303  -31.656  49.926 0.0000000000
46846  24.806  -32.601  50.780 0.0000000000
46830  25.659  -31.953  51.741 0.0000000000
46831  24.814  -32.466  51.549 0.0000000000
45856  23.793  -33.940  50.821 0.0000000000
43974  22.762  -36.149  50.776 0.0000000000
42000  22.647  -38.476  51.755 0.0000000000
41041  22.728  -39.330  52.381 0.0000000000
46782  25.366  -31.989  54.607 0.0000000000
45819  24.049  -34.060  54.425 0.0000000000
43934  22.772  -36.017  54.509 0.0000000000
43915  21.683  -36.989  55.322 0.0000000000
42937  22.012  -38.104  55.570 0.0000000000
42951  22.560  -37.125  54.865 0.0000000000
41971  22.059  -38.839  54.776 0.0000000000
41013  22.191  -39.790  54.410 0.0000000000
39143  23.245  -41.093  53.908 0.0000000000
39163  23.274  -41.435  53.228 0.0000000000
40069  22.389  -40.968  52.141 0.0000000000
41054  22.395  -40.060  50.388 0.0000000000
41056  20.903  -38.803  50.645 0.0000000000
41055  21.481  -39.334  50.362 0.0000000000
134947  22.473  -39.711  49.168 0.0000000000
144345  22.736  -39.902  47.860 0.0000000000
67575  48.331  -12.264  29.050 0.0000000000
68599  48.924  -11.707  27.678 0.0000000000
67590  48.340  -12.167  28.112 0.0000000000
65594  45.284  -14.463  27.323 0.0000000000
65608  46.232  -14.365  26.265 0.0000000000
63613  41.559  -16.819  27.574 0.0000000000
133031  20.856  -24.909  58.304 0.0000000000
53625  19.653  -25.867  58.707 0.0000000000
52592  19.672  -26.425  58.305 0.0000000000
129660  18.784  -26.909  58.750 0.0000000000
51643  18.994  -27.568  57.179 0.0000000000
50665  18.751  -28.505  55.945 0.0000000000
144921  18.411  -29.329  55.111 0.0000000000
49717  17.479  -30.251  53.702 0.0000000000
137302  17.437  -30.830  57.570 0.0000000000
48778  17.317  -31.393  55.441 0.0000000000
48793  16.888  -30.901  54.014 0.0000000000
49724  16.706  -30.829  52.079 0.0000000000
142907  15.942  -31.548  50.946 0.0000000000
74380  49.144  -5.144  27.426 0.0000000000
74381  48.493  -5.938  27.919 0.0000000000
72417  48.169  -7.763  28.944 0.0000000000
71439  48.559  -8.569  29.013 0.0000000000
73402  48.993  -6.488  30.778 0.0000000000
71418  49.275  -8.236  30.386 0.0000000000
125887  50.726  -8.653  29.200 0.0000000000
71425  52.001  -8.409  28.974 0.0000000000
70511  52.426  -8.840  28.827 0.0000000000
69576  50.955  -10.447  29.583 0.0000000000
69550  52.143  -9.508  31.253 0.0000000000
68567  50.526  -10.781  30.449 0.0000000000
136821  49.577  -11.516  30.223 0.0000000000
68568  48.886  -12.071  30.379 0.0000000000
67552  47.743  -12.861  30.697 0.0000000000
66522  46.617  -13.839  31.117 0.0000000000
66483  47.965  -13.015  32.846 0.0000000000
66507  46.702  -13.880  31.972 0.0000000000
65554  45.947  -14.380  30.703 0.0000000000
64593  45.089  -15.207  31.562 0.0000000000
64582  43.753  -15.569  31.511 0.0000000000
64572  42.960  -15.657  31.993 0.0000000000
65475  48.174  -13.193  38.948 0.0000000000
65483  46.996  -14.169  37.274 0.0000000000
64527  46.130  -14.587  36.523 0.0000000000
63497  45.293  -15.151  37.828 0.0000000000
63498  45.103  -15.242  37.057 0.0000000000
64537  44.819  -15.280  35.224 0.0000000000
64548  44.127  -15.504  34.087 0.0000000000
63539  42.915  -15.711  32.859 0.0000000000
63556  41.391  -15.983  31.181 0.0000000000
63557  40.749  -16.553  31.653 0.0000000000
62543  39.523  -17.509  31.669 0.0000000000
144474  39.106  -17.928  33.775 0.0000000000
61476  38.386  -18.420  32.596 0.0000000000
65408  41.255  -13.805  43.286 0.0000000000
64442  40.188  -15.235  42.168 0.0000000000
60477  40.481  -19.225  44.304 0.0000000000
57660  39.293  -22.321  42.733 0.0000000000
59563  39.739  -20.429  42.871 0.0000000000
61374  40.126  -18.635  43.628 0.0000000000
130935  39.879  -17.903  43.527 0.0000000000
63428  39.472  -16.718  42.073 0.0000000000
63458  39.614  -16.374  40.422 0.0000000000
62435  38.783  -17.370  39.572 0.0000000000
61405  37.608  -18.623  38.020 0.0000000000
148441  36.657  -19.571  36.760 0.0000000000
127040  35.898  -21.249  38.093 0.0000000000
59607  35.715  -20.315  36.385 0.0000000000
59614  35.383  -20.325  35.506 0.0000000000
126942  33.993  -20.939  33.817 0.0000000000
53998  29.468  -26.562  33.734 0.0000000000
52966  28.325  -27.613  32.627 0.0000000000
51783  30.404  -28.063  38.778 0.0000000000
51785  28.697  -28.463  38.139 0.0000000000
50845  26.253  -29.889  37.205 0.0000000000
49896  25.583  -30.838  38.980 0.0000000000
49904  25.910  -30.748  37.326 0.0000000000
47914  27.970  -31.334  47.898 0.0000000000
47916  26.240  -31.810  47.368 0.0000000000
47925  24.627  -32.385  46.842 0.0000000000
45867  23.327  -34.508  48.296 0.0000000000
46872  23.586  -33.735  47.049 0.0000000000
145461  23.901  -33.225  45.673 0.0000000000
45889  23.918  -34.652  45.368 0.0000000000
44953  25.133  -35.846  45.280 0.0000000000
44934  27.001  -36.000  45.947 0.0000000000
41038  25.624  -40.215  52.149 0.0000000000
41050  26.380  -39.541  51.458 0.0000000000
42011  27.705  -38.534  50.694 0.0000000000
40050  29.143  -40.116  52.207 0.0000000000
42010  28.538  -38.659  51.283 0.0000000000
42994  27.798  -37.789  49.616 0.0000000000
43009  28.201  -37.225  48.841 0.0000000000
44000  28.121  -36.421  47.308 0.0000000000
72447  46.741  -7.376  24.503 0.0000000000
145485  46.649  -7.879  23.111 0.0000000000
70604  46.786  -9.146  21.126 0.0000000000
68598  49.621  -11.320  27.178 0.0000000000
144835  32.806  -30.554  48.252 0.0000000000
48866  32.461  -30.506  47.597 0.0000000000
128678  31.731  -30.567  47.056 0.0000000000
131229  30.949  -30.652  47.452 0.0000000000
48882  30.134  -30.720  47.013 0.0000000000
48868  30.186  -30.658  47.931 0.0000000000
68576  50.386  -10.700  28.753 0.0000000000
69586  51.318  -10.040  28.016 0.0000000000
68587  49.573  -11.263  28.193 0.0000000000
143091  21.367  -33.925  50.852 0.0000000000
143317  17.657  -29.780  51.658 0.0000000000
50709  17.667  -29.760  50.963 0.0000000000
49738  17.064  -30.338  50.667 0.0000000000
49684  28.361  -28.921  54.590 0.0000000000
51660  28.939  -28.127  54.475 0.0000000000
49695  28.948  -29.414  54.095 0.0000000000
48775  27.858  -30.127  54.212 0.0000000000
129845  21.822  -33.805  52.087 0.0000000000
45843  21.284  -35.231  52.118 0.0000000000
45849  21.384  -34.476  51.583 0.0000000000
64618  42.904  -15.961  29.247 0.0000000000
64596  42.086  -15.770  29.691 0.0000000000
67443  48.799  -12.365  37.420 0.0000000000
63456  41.776  -15.619  39.661 0.0000000000
63471  40.225  -16.323  39.577 0.0000000000
63457  40.508  -15.784  40.197 0.0000000000
52862  33.266  -27.148  39.583 0.0000000000
53919  34.489  -26.111  39.394 0.0000000000
53920  33.719  -26.513  39.146 0.0000000000
53932  33.425  -26.296  38.526 0.0000000000
52871  33.081  -26.933  38.937 0.0000000000
52883  32.211  -26.982  37.997 0.0000000000
52872  32.512  -27.234  38.727 0.0000000000
41040  23.389  -39.730  52.047 0.0000000000
40068  23.935  -40.424  52.735 0.0000000000
74398  49.324  -5.132  25.531 0.0000000000
74410  48.729  -5.630  25.004 0.0000000000
50651  23.243  -28.997  55.266 0.0000000000
52621  20.340  -26.819  57.417 0.0000000000
52652  20.801  -27.136  55.886 0.0000000000
52653  19.960  -27.180  55.802 0.0000000000
52618  26.859  -26.764  55.870 0.0000000000
51629  25.824  -27.186  56.247 0.0000000000
49665  23.685  -29.640  56.161 0.0000000000
126931  23.451  -30.120  54.815 0.0000000000
50732  38.642  -27.666  47.284 0.0000000000
127062  39.086  -27.556  47.648 0.0000000000
52776  39.633  -26.802  46.804 0.0000000000
52789  39.135  -26.951  46.475 0.0000000000
50757  33.381  -28.837  43.530 0.0000000000
50756  33.840  -28.689  43.880 0.0000000000
147026  33.108  -28.824  43.093 0.0000000000
50767  33.259  -28.662  42.892 0.0000000000
50769  31.794  -29.020  42.507 0.0000000000
50759  32.093  -29.293  43.259 0.0000000000
123901  25.810  -31.482  45.147 0.0000000000
48924  26.154  -31.242  44.512 0.0000000000
48906  25.091  -31.788  45.151 0.0000000000
48926  24.524  -32.150  44.711 0.0000000000
39196  23.940  -41.849  49.508 0.0000000000
141435  48.968  -9.056  28.691 0.0000000000
70519  49.350  -9.180  28.011 0.0000000000
147529  21.690  -29.817  51.350 0.0000000000
130119  21.411  -30.606  50.170 0.0000000000
146821  20.958  -29.885  50.111 0.0000000000
48909  18.565  -31.088  45.216 0.0000000000
47839  30.205  -30.842  52.148 0.0000000000
148101  30.323  -30.875  51.867 0.0000000000
47850  30.507  -30.819  51.304 0.0000000000
47851  29.346  -31.171  51.775 0.0000000000
47869  29.059  -31.333  51.216 0.0000000000
47852  28.455  -31.358  51.839 0.0000000000
44878  23.560  -35.093  53.592 0.0000000000
44879  23.265  -35.786  53.082 0.0000000000
45802  22.994  -34.464  55.102 0.0000000000
44839  22.718  -35.308  54.961 0.0000000000
41980  20.743  -38.401  53.126 0.0000000000
127288  21.142  -38.655  54.119 0.0000000000
41015  21.151  -39.200  53.699 0.0000000000
43016  20.604  -37.136  48.470 0.0000000000
42044  20.768  -37.727  49.262 0.0000000000
142433  21.337  -37.800  47.862 0.0000000000
66546  46.109  -13.742  29.182 0.0000000000
50624  17.908  -29.002  59.085 0.0000000000
50653  18.007  -29.538  57.626 0.0000000000
137067  17.668  -30.167  58.060 0.0000000000
46806  15.307  -33.408  54.567 0.0000000000
46805  15.830  -32.873  55.069 0.0000000000
47826  15.629  -32.676  54.247 0.0000000000
46824  14.977  -33.086  52.884 0.0000000000
75376  49.258  -4.838  29.657 0.0000000000
72395  50.945  -7.866  31.885 0.0000000000
71404  50.622  -8.187  31.346 0.0000000000
71403  51.686  -8.389  31.202 0.0000000000
71415  52.189  -8.507  30.496 0.0000000000
71402  52.350  -8.605  30.983 0.0000000000
68544  50.560  -10.975  32.144 0.0000000000
68545  49.796  -11.590  32.454 0.0000000000
67531  49.257  -12.108  31.986 0.0000000000
67517  49.225  -12.158  32.789 0.0000000000
65514  46.294  -14.432  34.523 0.0000000000
65515  45.638  -14.808  34.282 0.0000000000
65524  45.539  -14.855  33.619 0.0000000000
65452  46.510  -13.963  39.465 0.0000000000
64468  46.253  -14.190  39.449 0.0000000000
63513  42.358  -16.364  36.744 0.0000000000
122679  42.564  -16.012  36.126 0.0000000000
62484  42.020  -16.466  35.994 0.0000000000
63522  41.827  -16.474  35.171 0.0000000000
62511  40.949  -16.774  34.112 0.0000000000
62498  41.103  -16.865  34.944 0.0000000000
60532  37.411  -18.912  35.453 0.0000000000
60531  37.885  -18.598  34.832 0.0000000000
60543  37.196  -18.915  34.668 0.0000000000
60554  36.498  -19.299  33.502 0.0000000000
60544  36.555  -19.317  34.389 0.0000000000
129995  40.640  -16.666  45.067 0.0000000000
55880  38.980  -24.672  43.574 0.0000000000
147830  39.355  -23.434  43.558 0.0000000000
55897  38.996  -23.856  43.172 0.0000000000
58669  37.509  -21.733  40.385 0.0000000000
58667  38.571  -20.941  41.103 0.0000000000
58668  38.032  -21.021  40.471 0.0000000000
59580  38.241  -20.346  40.627 0.0000000000
59588  37.661  -20.420  39.868 0.0000000000
59589  37.224  -20.828  39.329 0.0000000000
55994  32.721  -24.050  35.862 0.0000000000
130087  33.162  -23.239  35.648 0.0000000000
56847  32.684  -23.460  35.232 0.0000000000
56854  32.464  -23.295  34.574 0.0000000000
56005  31.939  -23.702  34.096 0.0000000000
56006  31.389  -24.363  33.756 0.0000000000
54989  31.174  -25.040  34.283 0.0000000000
51833  27.840  -28.205  35.617 0.0000000000
51842  27.732  -28.115  34.740 0.0000000000
51834  27.088  -28.784  35.147 0.0000000000
49881  27.118  -29.789  40.452 0.0000000000
50799  27.678  -29.284  40.041 0.0000000000
49882  26.084  -30.095  40.209 0.0000000000
46856  24.717  -32.755  49.911 0.0000000000
46862  24.564  -32.878  49.085 0.0000000000
46857  24.041  -33.445  49.502 0.0000000000
43012  25.708  -37.944  47.931 0.0000000000
44002  25.547  -37.180  46.887 0.0000000000
43011  26.704  -37.690  48.268 0.0000000000
69634  46.893  -10.447  24.626 0.0000000000
69651  46.548  -10.762  23.802 0.0000000000
52589  22.058  -26.943  57.886 0.0000000000
53635  21.587  -26.022  58.404 0.0000000000
144573  21.518  -26.497  58.171 0.0000000000
52591  20.867  -26.412  58.249 0.0000000000
53633  22.650  -26.412  57.621 0.0000000000
52587  23.634  -26.875  57.260 0.0000000000
52588  22.735  -26.668  57.559 0.0000000000
51616  23.107  -27.173  57.335 0.0000000000
48829  35.713  -30.351  49.909 0.0000000000
48828  36.372  -30.668  49.936 0.0000000000
48845  35.045  -30.146  48.846 0.0000000000
49776  34.374  -29.899  47.316 0.0000000000
49775  35.180  -29.769  47.662 0.0000000000
49790  35.767  -29.275  47.176 0.0000000000
49804  35.438  -29.059  46.327 0.0000000000
134624  32.422  -30.196  45.920 0.0000000000
48898  32.860  -29.889  45.761 0.0000000000
48899  32.378  -30.009  45.436 0.0000000000
49821  32.476  -29.773  44.921 0.0000000000
48918  32.041  -30.107  45.174 0.0000000000
48919  31.503  -30.288  45.089 0.0000000000
48883  29.122  -30.832  46.611 0.0000000000
129139  28.464  -31.013  46.036 0.0000000000
130395  27.774  -31.181  46.047 0.0000000000
145375  27.554  -31.271  46.608 0.0000000000
70525  52.219  -8.625  27.640 0.0000000000
71447  52.034  -8.477  27.321 0.0000000000
69596  51.439  -10.022  27.015 0.0000000000
69605  51.567  -10.133  26.062 0.0000000000
44917  20.474  -35.607  49.199 0.0000000000
136235  20.581  -34.137  48.916 0.0000000000
46865  20.552  -33.418  48.341 0.0000000000
50717  19.638  -29.371  50.479 0.0000000000
49750  17.765  -29.996  49.384 0.0000000000
49764  17.713  -30.381  48.073 0.0000000000
49779  17.429  -30.716  47.329 0.0000000000
48891  16.826  -31.565  46.492 0.0000000000
48875  16.795  -31.265  47.229 0.0000000000
47905  15.898  -32.063  48.400 0.0000000000
132111  16.342  -31.609  47.833 0.0000000000
47921  15.814  -33.006  47.349 0.0000000000
47906  15.594  -32.898  48.091 0.0000000000
50681  30.878  -28.673  53.409 0.0000000000
48783  29.010  -30.528  53.275 0.0000000000
125121  29.707  -30.528  53.077 0.0000000000
47829  30.079  -30.677  52.597 0.0000000000
48791  29.373  -30.805  52.734 0.0000000000
47832  28.147  -31.285  52.841 0.0000000000
46802  25.803  -31.841  53.362 0.0000000000
138913  24.459  -33.294  53.725 0.0000000000
45828  24.142  -33.964  53.843 0.0000000000
44872  21.741  -35.618  54.483 0.0000000000
44880  21.582  -35.348  53.741 0.0000000000
123521  20.931  -35.785  52.007 0.0000000000
43961  20.999  -36.233  52.545 0.0000000000
136847  20.731  -36.791  52.483 0.0000000000
42974  20.546  -37.724  51.276 0.0000000000
125046  20.592  -36.800  51.599 0.0000000000
123050  20.477  -36.150  49.858 0.0000000000
63611  43.297  -16.627  27.086 0.0000000000
45814  15.262  -34.460  56.677 0.0000000000
45821  15.182  -34.348  55.734 0.0000000000
45831  14.562  -34.720  54.336 0.0000000000
45822  14.621  -34.858  55.167 0.0000000000
139358  49.383  -12.329  34.992 0.0000000000
65500  48.166  -13.308  36.249 0.0000000000
66453  48.323  -13.110  35.515 0.0000000000
65501  47.693  -13.531  35.888 0.0000000000
65491  47.456  -13.751  36.630 0.0000000000
64453  44.020  -14.339  40.608 0.0000000000
64471  43.907  -14.808  40.126 0.0000000000
63454  43.620  -15.052  39.918 0.0000000000
62432  41.844  -16.256  38.798 0.0000000000
62431  42.658  -16.010  38.728 0.0000000000
62446  42.167  -16.429  38.287 0.0000000000
146645  42.337  -16.504  37.863 0.0000000000
131080  41.709  -16.708  37.780 0.0000000000
62461  41.280  -17.031  37.235 0.0000000000
130579  40.993  -16.933  37.703 0.0000000000
62463  39.673  -17.470  37.615 0.0000000000
61428  38.994  -17.776  37.134 0.0000000000
61416  38.159  -18.121  37.513 0.0000000000
53901  36.821  -25.639  41.569 0.0000000000
55916  37.420  -24.937  41.461 0.0000000000
54907  36.848  -25.341  41.212 0.0000000000
54923  35.936  -25.156  39.906 0.0000000000
55936  36.407  -24.809  40.272 0.0000000000
131164  36.007  -24.322  39.754 0.0000000000
56809  35.770  -23.174  39.344 0.0000000000
55954  35.280  -24.187  39.078 0.0000000000
54952  33.357  -25.538  37.732 0.0000000000
54951  33.743  -25.167  37.907 0.0000000000
54963  33.189  -25.068  37.243 0.0000000000
55987  32.700  -24.778  36.449 0.0000000000
54964  32.594  -25.435  36.831 0.0000000000
53968  31.489  -25.782  35.737 0.0000000000
53955  32.005  -25.911  36.557 0.0000000000
52885  30.530  -27.403  37.414 0.0000000000
52896  30.171  -27.260  36.530 0.0000000000
51814  29.613  -27.594  37.196 0.0000000000
51815  28.864  -28.026  36.851 0.0000000000
141669  24.650  -33.103  41.790 0.0000000000
47971  24.886  -31.973  40.952 0.0000000000
45941  27.186  -34.231  41.719 0.0000000000
45925  28.675  -34.542  42.475 0.0000000000
43975  22.684  -36.794  50.225 0.0000000000
142228  22.809  -36.651  49.589 0.0000000000
42014  24.398  -39.119  49.948 0.0000000000
42029  23.600  -38.344  49.503 0.0000000000
42013  25.753  -39.223  50.206 0.0000000000
73463  48.364  -6.317  23.641 0.0000000000
73462  49.143  -5.893  23.281 0.0000000000
73476  48.645  -6.483  22.802 0.0000000000
72474  48.125  -7.086  22.346 0.0000000000
47834  22.712  -32.219  52.689 0.0000000000
49707  22.887  -29.563  53.603 0.0000000000
49715  22.859  -29.884  53.086 0.0000000000
50690  22.212  -28.970  53.151 0.0000000000
140157  22.481  -28.187  56.097 0.0000000000
51651  21.730  -27.521  56.014 0.0000000000
127988  21.092  -27.835  54.339 0.0000000000
51680  21.524  -28.522  53.239 0.0000000000
51688  20.653  -28.436  52.963 0.0000000000
50691  19.464  -28.427  53.206 0.0000000000
50692  18.530  -28.911  53.577 0.0000000000
51639  27.605  -27.441  55.590 0.0000000000
53671  28.091  -26.963  55.569 0.0000000000
51650  27.645  -28.133  55.363 0.0000000000
51649  28.035  -27.932  55.258 0.0000000000
50663  27.329  -28.651  55.225 0.0000000000
49685  26.983  -29.500  55.003 0.0000000000
49673  26.707  -28.836  55.367 0.0000000000
49675  25.403  -29.595  55.820 0.0000000000
48749  25.223  -30.553  55.745 0.0000000000
48750  24.606  -31.040  55.998 0.0000000000
47789  24.157  -31.322  56.056 0.0000000000
50635  25.129  -28.089  56.292 0.0000000000
50636  24.478  -28.335  56.479 0.0000000000
49676  23.658  -30.589  55.931 0.0000000000
135982  23.854  -30.386  56.280 0.0000000000
134591  23.674  -31.396  55.588 0.0000000000
47791  23.652  -32.239  55.359 0.0000000000
46785  22.829  -33.662  54.695 0.0000000000
47804  23.294  -32.401  54.575 0.0000000000
123048  23.103  -32.078  53.605 0.0000000000
123349  22.514  -33.150  53.118 0.0000000000
63590  40.407  -16.326  29.027 0.0000000000
65419  44.797  -13.869  42.269 0.0000000000
136001  44.783  -13.867  42.639 0.0000000000
66377  42.648  -12.624  42.566 0.0000000000
65406  43.978  -13.264  41.913 0.0000000000
65422  42.497  -13.494  41.689 0.0000000000
49744  37.438  -28.751  48.906 0.0000000000
53842  39.373  -26.018  45.765 0.0000000000
54857  39.948  -24.897  45.732 0.0000000000
53853  39.218  -25.475  45.078 0.0000000000
54873  39.341  -24.856  44.521 0.0000000000
53854  38.615  -25.712  44.457 0.0000000000
50743  36.097  -27.912  45.699 0.0000000000
51723  36.723  -27.345  45.313 0.0000000000
51724  35.798  -27.742  44.861 0.0000000000
52817  36.398  -26.724  43.522 0.0000000000
52826  37.650  -26.020  43.419 0.0000000000
52828  36.286  -26.451  42.780 0.0000000000
52838  36.837  -25.972  42.368 0.0000000000
52829  35.472  -26.936  42.585 0.0000000000
51748  33.339  -28.191  41.734 0.0000000000
52841  34.407  -27.270  41.541 0.0000000000
51757  33.653  -27.576  41.236 0.0000000000
52852  33.455  -27.336  40.378 0.0000000000
51758  33.033  -27.851  40.897 0.0000000000
51759  32.392  -28.100  40.525 0.0000000000
51750  31.959  -28.506  41.277 0.0000000000
50781  30.535  -28.987  41.587 0.0000000000
49865  29.052  -29.625  41.850 0.0000000000
49824  30.077  -30.241  44.339 0.0000000000
122427  26.553  -31.078  43.808 0.0000000000
49840  27.657  -30.597  43.171 0.0000000000
49841  26.871  -30.770  43.143 0.0000000000
49854  26.462  -30.694  42.372 0.0000000000
48946  25.178  -31.386  41.958 0.0000000000
127026  24.180  -33.632  43.997 0.0000000000
46896  24.237  -33.207  43.419 0.0000000000
132591  24.435  -34.286  43.893 0.0000000000
45914  25.000  -34.580  43.462 0.0000000000
45897  24.761  -34.913  44.168 0.0000000000
38434  24.283  -41.613  52.764 0.0000000000
38427  24.493  -41.472  53.169 0.0000000000
38433  24.573  -41.613  52.691 0.0000000000
38437  24.899  -41.661  51.807 0.0000000000
39185  25.481  -41.521  51.164 0.0000000000
39203  24.000  -41.898  48.072 0.0000000000
128380  24.056  -41.892  48.780 0.0000000000
40103  25.338  -40.985  48.435 0.0000000000
73420  47.491  -7.380  27.520 0.0000000000
73427  47.322  -6.994  26.663 0.0000000000
70542  47.389  -9.281  26.452 0.0000000000
70558  46.928  -9.481  25.726 0.0000000000
70557  47.771  -9.800  25.955 0.0000000000
71458  51.869  -8.639  26.622 0.0000000000
70539  51.205  -8.863  26.198 0.0000000000
124361  20.362  -35.943  47.062 0.0000000000
44937  20.358  -35.616  46.360 0.0000000000
47855  22.184  -32.334  51.084 0.0000000000
47873  21.716  -32.395  50.462 0.0000000000
48835  21.217  -31.266  49.336 0.0000000000
47890  21.101  -32.403  49.048 0.0000000000
127067  20.791  -31.569  48.663 0.0000000000
47919  20.480  -32.574  47.661 0.0000000000
49762  19.691  -30.376  48.450 0.0000000000
49748  20.058  -29.993  49.098 0.0000000000
48908  19.357  -31.202  45.702 0.0000000000
48907  19.891  -31.574  45.485 0.0000000000
50689  32.266  -28.951  52.399 0.0000000000
146629  32.735  -30.142  51.246 0.0000000000
49711  33.244  -29.465  51.446 0.0000000000
48796  33.513  -29.924  51.006 0.0000000000
48805  34.095  -30.128  50.437 0.0000000000
47865  32.837  -30.438  50.568 0.0000000000
47867  31.019  -30.596  50.458 0.0000000000
48817  31.544  -30.576  49.833 0.0000000000
47883  30.796  -30.680  49.976 0.0000000000
48832  31.369  -30.567  49.369 0.0000000000
48833  30.529  -30.673  49.439 0.0000000000
48834  29.716  -30.878  49.303 0.0000000000
47885  29.203  -31.122  49.898 0.0000000000
47870  27.297  -31.612  50.854 0.0000000000
127388  27.974  -31.469  50.442 0.0000000000
47871  26.421  -31.854  50.545 0.0000000000
47872  25.544  -32.243  50.232 0.0000000000
46821  26.623  -31.683  52.366 0.0000000000
47843  26.585  -31.750  51.932 0.0000000000
45846  24.299  -33.273  52.031 0.0000000000
45847  23.772  -33.959  51.668 0.0000000000
46832  24.312  -33.293  51.248 0.0000000000
45848  23.517  -34.723  51.116 0.0000000000
44901  23.121  -35.491  51.405 0.0000000000
42968  22.533  -37.749  52.292 0.0000000000
43960  22.651  -37.076  51.709 0.0000000000
46783  24.748  -32.645  54.846 0.0000000000
44847  23.132  -35.106  54.895 0.0000000000
44846  23.498  -34.632  54.685 0.0000000000
44859  23.088  -35.441  54.665 0.0000000000
43926  22.539  -36.480  54.881 0.0000000000
44850  21.790  -36.437  55.275 0.0000000000
143990  21.602  -37.047  55.184 0.0000000000
40995  21.646  -38.465  55.166 0.0000000000
41958  21.668  -38.156  55.517 0.0000000000
40987  21.855  -38.380  55.418 0.0000000000
134735  22.210  -37.919  55.552 0.0000000000
122728  22.314  -37.986  55.321 0.0000000000
42952  22.409  -38.103  54.564 0.0000000000
41002  21.833  -39.499  54.606 0.0000000000
40036  22.465  -40.468  53.933 0.0000000000
41012  22.594  -40.482  53.908 0.0000000000
144043  22.807  -41.027  53.977 0.0000000000
39152  23.385  -41.248  53.770 0.0000000000
39164  22.700  -41.084  53.830 0.0000000000
40070  21.705  -40.200  51.760 0.0000000000
40081  22.440  -40.536  51.193 0.0000000000
41042  20.763  -38.962  51.296 0.0000000000
42043  21.466  -38.399  48.964 0.0000000000
41069  22.252  -39.692  49.773 0.0000000000
41083  22.305  -39.229  48.541 0.0000000000
67576  47.735  -12.548  28.505 0.0000000000
66578  46.355  -13.496  27.704 0.0000000000
122614  47.096  -13.189  27.116 0.0000000000
65578  45.272  -14.340  28.189 0.0000000000
64677  45.906  -15.018  25.827 0.0000000000
64676  46.692  -14.764  25.709 0.0000000000
63614  40.714  -16.713  27.676 0.0000000000
63600  41.414  -16.452  28.173 0.0000000000
56558  20.965  -24.205  58.215 0.0000000000
55596  19.685  -25.242  58.575 0.0000000000
52579  19.208  -26.241  58.730 0.0000000000
51619  18.480  -27.628  58.665 0.0000000000
51634  18.907  -27.623  58.067 0.0000000000
50652  18.523  -28.493  56.922 0.0000000000
49687  17.962  -30.103  56.133 0.0000000000
50674  18.384  -29.347  55.660 0.0000000000
49698  18.006  -30.007  55.224 0.0000000000
49708  17.758  -30.130  54.464 0.0000000000
47805  16.938  -32.134  56.765 0.0000000000
47793  16.805  -32.396  57.728 0.0000000000
147713  17.031  -31.746  57.727 0.0000000000
48752  17.331  -31.211  57.541 0.0000000000
48753  17.284  -31.467  57.304 0.0000000000
48765  17.386  -31.480  56.295 0.0000000000
47845  15.790  -31.835  53.091 0.0000000000
48794  16.423  -31.400  53.507 0.0000000000
48801  16.898  -30.688  53.027 0.0000000000
48802  16.311  -31.356  52.635 0.0000000000
48807  16.115  -31.441  51.808 0.0000000000
140194  15.058  -32.938  50.126 0.0000000000
45850  14.461  -34.617  51.767 0.0000000000
75401  49.860  -4.598  26.991 0.0000000000
74372  49.112  -5.203  28.410 0.0000000000
145556  48.251  -7.003  29.038 0.0000000000
72411  48.637  -8.078  29.843 0.0000000000
74361  49.126  -5.509  30.697 0.0000000000
142953  49.243  -6.072  31.294 0.0000000000
71417  50.253  -8.437  30.737 0.0000000000
71427  49.863  -8.625  30.017 0.0000000000
70501  52.480  -8.862  29.855 0.0000000000
70510  52.281  -8.644  29.148 0.0000000000
69575  51.906  -9.546  29.484 0.0000000000
135668  51.424  -10.111  30.210 0.0000000000
141494  52.492  -9.110  31.392 0.0000000000
67533  47.982  -12.764  31.344 0.0000000000
67551  48.443  -12.441  30.863 0.0000000000
66521  47.126  -13.429  30.535 0.0000000000
134708  47.380  -13.339  31.442 0.0000000000
66469  48.015  -13.088  33.725 0.0000000000
67511  48.621  -12.576  33.251 0.0000000000
65546  46.112  -14.379  31.594 0.0000000000
131192  45.539  -14.737  31.325 0.0000000000
65547  45.552  -14.788  32.045 0.0000000000
64570  44.552  -15.432  32.822 0.0000000000
64581  44.493  -15.437  31.948 0.0000000000
67431  48.756  -13.640  40.156 0.0000000000
66423  48.696  -13.724  39.534 0.0000000000
65464  48.920  -14.043  39.685 0.0000000000
64504  46.291  -14.470  38.445 0.0000000000
64516  47.185  -14.090  37.921 0.0000000000
64526  46.381  -14.525  37.193 0.0000000000
64519  45.723  -14.854  37.148 0.0000000000
126457  44.245  -15.282  39.317 0.0000000000
63481  44.753  -15.264  38.603 0.0000000000
63499  44.358  -15.488  37.845 0.0000000000
64529  44.916  -15.224  36.147 0.0000000000
64547  44.763  -15.337  34.387 0.0000000000
128842  43.912  -15.479  34.900 0.0000000000
146570  42.102  -16.189  33.866 0.0000000000
136670  42.758  -15.827  33.671 0.0000000000
63540  42.164  -16.102  33.224 0.0000000000
143335  42.188  -15.952  32.449 0.0000000000
63547  41.482  -16.252  32.063 0.0000000000
63548  40.832  -16.685  32.493 0.0000000000
62542  40.150  -17.060  32.093 0.0000000000
62544  38.944  -17.944  31.347 0.0000000000
62525  38.986  -17.934  32.148 0.0000000000
62487  39.907  -17.595  35.062 0.0000000000
61452  39.146  -17.863  34.616 0.0000000000
61464  37.919  -18.706  33.375 0.0000000000
61463  38.577  -18.296  33.372 0.0000000000
61477  37.736  -18.795  32.588 0.0000000000
123053  37.931  -18.687  31.920 0.0000000000
64418  40.775  -15.413  44.041 0.0000000000
64429  40.669  -14.601  43.036 0.0000000000
58628  40.226  -21.541  44.131 0.0000000000
58610  40.509  -21.069  45.089 0.0000000000
59551  40.495  -20.368  44.600 0.0000000000
60470  40.491  -19.603  44.830 0.0000000000
59558  40.395  -20.413  43.947 0.0000000000
56760  38.459  -23.277  42.233 0.0000000000
56738  38.864  -23.153  42.720 0.0000000000
57677  38.837  -22.422  42.275 0.0000000000
59564  39.385  -20.383  42.282 0.0000000000
60478  40.326  -19.360  43.699 0.0000000000
60483  39.871  -19.264  43.096 0.0000000000
61384  39.689  -18.493  43.024 0.0000000000
61392  38.531  -18.691  40.953 0.0000000000
61386  39.146  -17.514  41.752 0.0000000000
63442  39.390  -16.590  41.324 0.0000000000
62407  38.984  -17.162  40.661 0.0000000000
60504  37.366  -19.403  38.531 0.0000000000
60503  37.713  -18.561  38.951 0.0000000000
60509  37.226  -19.285  37.719 0.0000000000
60520  37.151  -19.191  36.911 0.0000000000
60510  36.714  -19.691  37.408 0.0000000000
57729  35.033  -22.438  38.021 0.0000000000
58697  36.158  -21.537  38.676 0.0000000000
58718  35.200  -21.115  36.683 0.0000000000
128372  34.850  -20.934  35.860 0.0000000000
58727  34.745  -20.721  35.048 0.0000000000
59623  35.282  -20.162  34.568 0.0000000000
58737  34.173  -21.151  34.646 0.0000000000
57774  32.461  -22.634  33.382 0.0000000000
53970  30.333  -26.502  35.141 0.0000000000
53984  30.168  -26.220  34.279 0.0000000000
132906  27.751  -28.182  33.015 0.0000000000
51886  28.087  -28.388  32.225 0.0000000000
51773  30.752  -28.247  39.572 0.0000000000
51774  29.810  -28.382  39.315 0.0000000000
50815  27.422  -29.077  39.220 0.0000000000
50829  28.049  -28.663  38.716 0.0000000000
50830  27.200  -29.006  38.399 0.0000000000
50844  26.913  -29.084  37.540 0.0000000000
47970  25.212  -32.160  40.272 0.0000000000
48965  25.422  -31.483  39.657 0.0000000000
47982  25.502  -32.127  39.540 0.0000000000
143119  25.845  -31.767  38.062 0.0000000000
48980  26.008  -31.505  37.440 0.0000000000
47900  28.154  -31.344  48.535 0.0000000000
48852  28.687  -31.015  48.188 0.0000000000
132523  27.461  -31.557  48.409 0.0000000000
47917  25.244  -32.137  47.527 0.0000000000
47924  25.443  -31.989  46.716 0.0000000000
44928  23.516  -35.677  47.052 0.0000000000
45872  23.367  -34.602  47.321 0.0000000000
126742  23.496  -35.044  46.608 0.0000000000
46880  23.713  -33.567  46.183 0.0000000000
45890  23.642  -34.244  45.866 0.0000000000
44955  23.712  -34.915  46.017 0.0000000000
44023  25.725  -36.693  46.424 0.0000000000
44935  25.950  -36.234  45.856 0.0000000000
44952  26.263  -35.727  45.284 0.0000000000
44021  27.542  -36.231  46.636 0.0000000000
40066  26.045  -40.643  53.081 0.0000000000
40053  26.210  -40.936  53.305 0.0000000000
41037  27.284  -39.664  52.231 0.0000000000
41999  27.264  -39.205  51.320 0.0000000000
41998  27.930  -39.254  51.770 0.0000000000
40077  29.455  -40.244  51.238 0.0000000000
40064  28.928  -40.384  52.022 0.0000000000
40063  29.877  -40.026  51.471 0.0000000000
42009  29.338  -38.568  51.243 0.0000000000
42982  28.283  -38.076  50.344 0.0000000000
43010  27.508  -37.432  48.619 0.0000000000
42993  28.559  -37.568  49.693 0.0000000000
127150  29.837  -37.293  48.969 0.0000000000
43987  28.542  -36.756  48.165 0.0000000000
44020  28.157  -36.085  46.569 0.0000000000
73486  50.478  -6.192  21.466 0.0000000000
129005  46.852  -7.209  25.333 0.0000000000
73447  47.344  -6.663  24.919 0.0000000000
71505  46.223  -8.627  23.104 0.0000000000
70600  45.889  -9.481  22.631 0.0000000000
71514  46.388  -8.878  22.022 0.0000000000
68612  49.003  -11.839  26.784 0.0000000000
137026  22.043  -26.290  58.010 0.0000000000
53634  21.645  -26.124  58.308 0.0000000000
54609  21.570  -25.847  58.390 0.0000000000
54610  21.196  -25.984  58.477 0.0000000000
124407  33.574  -30.509  49.146 0.0000000000
48846  34.199  -30.374  48.653 0.0000000000
48847  33.395  -30.511  48.430 0.0000000000
48864  33.935  -30.286  47.849 0.0000000000
48879  33.594  -30.040  46.988 0.0000000000
49792  34.152  -29.686  46.493 0.0000000000
124179  32.432  -30.386  46.672 0.0000000000
48881  31.817  -30.459  46.189 0.0000000000
48900  31.194  -30.456  45.693 0.0000000000
48870  28.497  -30.983  47.375 0.0000000000
69585  52.075  -9.393  28.414 0.0000000000
122540  20.729  -34.682  50.119 0.0000000000
45863  20.795  -34.056  49.554 0.0000000000
50718  18.574  -29.496  50.468 0.0000000000
49737  17.712  -29.896  50.169 0.0000000000
49765  16.910  -30.877  47.979 0.0000000000
48836  16.476  -31.098  49.494 0.0000000000
50670  29.685  -28.636  53.940 0.0000000000
50682  30.342  -29.132  53.534 0.0000000000
49694  29.663  -29.271  53.789 0.0000000000
49706  29.530  -29.991  53.567 0.0000000000
47811  28.095  -30.720  53.602 0.0000000000
131878  27.949  -31.186  53.242 0.0000000000
124450  27.377  -31.175  53.542 0.0000000000
47822  26.516  -31.359  53.877 0.0000000000
46791  25.510  -31.963  54.077 0.0000000000
45837  21.745  -34.563  53.305 0.0000000000
44889  21.425  -35.232  52.925 0.0000000000
136514  20.675  -35.928  51.461 0.0000000000
44912  20.622  -35.430  50.661 0.0000000000
64594  43.706  -15.580  30.617 0.0000000000
64617  43.617  -15.646  29.679 0.0000000000
64635  42.810  -16.237  28.457 0.0000000000
67471  49.388  -12.321  36.121 0.0000000000
67472  48.952  -12.673  36.011 0.0000000000
66435  48.820  -12.763  36.620 0.0000000000
137585  48.514  -13.085  36.464 0.0000000000
63440  43.463  -14.978  40.060 0.0000000000
63455  43.186  -15.331  39.669 0.0000000000
148605  42.587  -15.490  39.616 0.0000000000
146231  41.856  -15.984  39.153 0.0000000000
62433  40.852  -16.549  38.879 0.0000000000
62434  39.493  -16.999  39.053 0.0000000000
53903  35.565  -25.938  40.503 0.0000000000
53918  35.204  -25.752  39.775 0.0000000000
54924  35.441  -25.405  39.647 0.0000000000
54925  34.851  -25.492  39.138 0.0000000000
127097  34.812  -24.862  38.752 0.0000000000
54941  33.681  -25.707  38.216 0.0000000000
53945  32.515  -26.478  37.718 0.0000000000
53946  31.894  -26.595  37.173 0.0000000000
52884  31.474  -27.235  37.645 0.0000000000
51796  30.934  -27.616  38.248 0.0000000000
42016  22.823  -38.231  50.840 0.0000000000
42983  22.988  -38.052  50.021 0.0000000000
41052  23.830  -39.467  50.993 0.0000000000
74408  50.270  -4.925  24.351 0.0000000000
74429  48.935  -5.773  24.141 0.0000000000
141320  23.365  -31.040  53.592 0.0000000000
49697  23.247  -30.050  53.711 0.0000000000
50672  22.762  -29.035  54.234 0.0000000000
52620  21.106  -26.936  57.434 0.0000000000
51682  20.219  -28.101  53.772 0.0000000000
139235  27.367  -27.324  55.650 0.0000000000
51640  27.249  -27.508  55.623 0.0000000000
50649  26.314  -28.292  55.661 0.0000000000
50650  25.618  -28.642  55.909 0.0000000000
50637  23.941  -28.504  56.541 0.0000000000
48751  23.553  -30.842  55.268 0.0000000000
48763  23.470  -31.216  54.587 0.0000000000
50729  38.779  -27.809  47.777 0.0000000000
51711  39.154  -27.657  47.841 0.0000000000
53817  39.985  -25.986  47.048 0.0000000000
135378  40.302  -25.274  46.903 0.0000000000
53831  39.646  -26.144  46.409 0.0000000000
52801  39.360  -26.484  46.194 0.0000000000
52802  38.895  -26.470  45.709 0.0000000000
50745  34.558  -28.721  44.876 0.0000000000
50755  34.978  -28.230  44.447 0.0000000000
51725  34.306  -28.457  43.975 0.0000000000
51731  34.771  -28.055  43.747 0.0000000000
51737  35.036  -27.585  43.183 0.0000000000
52830  34.613  -27.572  42.440 0.0000000000
51738  34.038  -28.168  42.681 0.0000000000
51739  33.559  -28.390  42.484 0.0000000000
50779  32.299  -28.659  42.046 0.0000000000
50770  30.864  -29.170  42.256 0.0000000000
49850  30.265  -29.516  42.819 0.0000000000
48922  28.237  -30.935  44.341 0.0000000000
48923  27.208  -31.105  44.609 0.0000000000
125253  25.698  -31.275  43.889 0.0000000000
138221  24.790  -31.757  43.218 0.0000000000
47936  24.163  -32.778  44.117 0.0000000000
46890  24.006  -33.446  44.638 0.0000000000
124168  23.726  -41.777  51.759 0.0000000000
38439  24.220  -41.784  52.150 0.0000000000
39186  24.090  -41.763  51.292 0.0000000000
71440  47.833  -8.409  28.331 0.0000000000
72424  47.474  -8.169  27.610 0.0000000000
71450  47.711  -8.731  27.689 0.0000000000
45881  20.334  -34.902  46.405 0.0000000000
48818  21.970  -31.432  50.636 0.0000000000
48853  20.462  -30.770  48.703 0.0000000000
49778  18.394  -30.470  47.366 0.0000000000
49794  19.172  -30.686  47.052 0.0000000000
49795  18.603  -30.722  46.565 0.0000000000
48889  18.802  -30.925  45.971 0.0000000000
125478  31.307  -30.137  52.400 0.0000000000
48789  31.998  -29.924  52.128 0.0000000000
48798  31.770  -30.304  51.696 0.0000000000
47848  32.400  -30.317  51.010 0.0000000000
145574  32.251  -30.403  50.702 0.0000000000
47849  31.549  -30.444  50.915 0.0000000000
47868  30.293  -30.927  50.629 0.0000000000
130309  29.566  -31.198  50.613 0.0000000000
127120  28.174  -31.459  51.099 0.0000000000
47854  26.506  -31.776  51.342 0.0000000000
46815  24.811  -32.492  52.667 0.0000000000
45840  24.338  -33.379  52.698 0.0000000000
44888  23.169  -35.657  52.308 0.0000000000
42967  22.629  -37.252  53.071 0.0000000000
42962  22.475  -38.072  53.396 0.0000000000
46773  24.612  -32.311  55.339 0.0000000000
46784  24.251  -33.239  55.120 0.0000000000
45800  23.779  -33.755  55.094 0.0000000000
44838  22.822  -35.472  54.917 0.0000000000
141873  22.278  -36.276  55.116 0.0000000000
130173  21.176  -37.173  53.907 0.0000000000
42953  21.360  -37.551  54.691 0.0000000000
41964  21.396  -38.598  55.044 0.0000000000
41003  21.657  -39.090  54.720 0.0000000000
145549  21.715  -39.573  54.581 0.0000000000
41014  21.636  -39.826  54.246 0.0000000000
40046  21.964  -40.599  53.831 0.0000000000
141771  21.332  -39.833  52.145 0.0000000000
133505  21.177  -39.420  51.300 0.0000000000
42997  20.529  -37.429  49.690 0.0000000000
42057  21.741  -38.447  47.985 0.0000000000
66544  47.489  -12.989  29.893 0.0000000000
66562  47.223  -12.966  29.052 0.0000000000
66563  46.559  -13.370  28.705 0.0000000000
64667  44.424  -15.799  26.699 0.0000000000
65610  44.804  -15.034  26.871 0.0000000000
51620  18.031  -28.214  59.078 0.0000000000
51635  18.268  -28.416  58.597 0.0000000000
45803  16.326  -33.359  57.003 0.0000000000
46786  16.609  -32.685  56.330 0.0000000000
47824  16.809  -31.854  55.073 0.0000000000
47825  16.294  -32.272  54.684 0.0000000000
47835  15.975  -31.985  53.915 0.0000000000
47846  15.365  -32.392  52.556 0.0000000000
133097  49.111  -5.219  29.222 0.0000000000
73406  48.871  -5.795  29.982 0.0000000000
73398  49.354  -7.027  31.442 0.0000000000
72396  50.128  -7.511  31.712 0.0000000000
70500  52.390  -8.720  30.285 0.0000000000
70482  52.572  -8.953  30.746 0.0000000000
69535  51.227  -10.514  32.578 0.0000000000
69551  51.404  -10.303  31.739 0.0000000000
67550  49.239  -11.961  31.111 0.0000000000
66484  47.292  -13.506  33.324 0.0000000000
65522  46.616  -14.093  33.804 0.0000000000
65523  46.049  -14.465  33.270 0.0000000000
65536  45.528  -14.821  32.869 0.0000000000
64569  45.149  -15.194  33.233 0.0000000000
64558  44.678  -15.400  33.628 0.0000000000
65451  48.535  -13.987  40.025 0.0000000000
65465  48.828  -14.055  39.836 0.0000000000
65466  47.624  -13.770  39.631 0.0000000000
64488  46.740  -14.109  38.894 0.0000000000
63500  43.364  -15.843  38.176 0.0000000000
145718  43.560  -15.707  37.452 0.0000000000
63512  43.196  -15.764  36.647 0.0000000000
130957  43.171  -15.662  35.653 0.0000000000
123678  43.026  -15.694  34.924 0.0000000000
63541  41.549  -16.453  33.613 0.0000000000
63542  40.881  -16.739  33.298 0.0000000000
62512  40.267  -17.130  33.770 0.0000000000
62513  39.669  -17.539  33.363 0.0000000000
123443  38.518  -18.206  35.079 0.0000000000
60552  37.731  -18.701  34.163 0.0000000000
60563  37.150  -18.984  32.987 0.0000000000
60564  36.461  -19.344  32.603 0.0000000000
59640  35.792  -19.651  33.143 0.0000000000
64417  41.010  -15.258  45.026 0.0000000000
63413  40.571  -16.256  44.026 0.0000000000
55878  40.011  -23.657  45.017 0.0000000000
57632  40.494  -22.504  45.446 0.0000000000
56722  40.092  -22.907  44.473 0.0000000000
56723  39.688  -23.004  43.821 0.0000000000
143780  39.922  -22.165  43.814 0.0000000000
148223  37.888  -22.742  41.358 0.0000000000
57678  38.391  -22.534  41.754 0.0000000000
58656  38.766  -21.572  41.740 0.0000000000
131818  38.879  -20.747  41.610 0.0000000000
142180  38.945  -20.045  41.645 0.0000000000
60490  39.513  -19.131  42.435 0.0000000000
60495  38.784  -19.592  41.432 0.0000000000
60496  38.317  -19.518  40.701 0.0000000000
61393  38.246  -18.645  40.322 0.0000000000
60499  37.848  -19.018  39.917 0.0000000000
135159  37.290  -20.188  38.992 0.0000000000
56839  33.835  -23.189  36.925 0.0000000000
57739  34.757  -21.979  37.125 0.0000000000
57741  33.655  -22.837  36.134 0.0000000000
57750  34.008  -22.117  35.816 0.0000000000
57761  33.746  -21.796  35.064 0.0000000000
58738  33.592  -21.596  34.241 0.0000000000
57762  33.242  -22.259  34.624 0.0000000000
125592  31.891  -23.074  32.811 0.0000000000
54009  29.877  -25.713  32.559 0.0000000000
52910  29.110  -27.402  34.884 0.0000000000
52927  28.949  -27.161  34.055 0.0000000000
52928  28.344  -27.622  34.374 0.0000000000
51863  27.715  -28.082  33.876 0.0000000000
50798  28.553  -29.034  40.376 0.0000000000
50813  29.170  -28.689  39.857 0.0000000000
46946  26.407  -33.188  39.643 0.0000000000
47981  25.888  -32.591  39.149 0.0000000000
47902  25.998  -31.956  48.818 0.0000000000
47903  25.068  -32.398  48.428 0.0000000000
46863  24.125  -33.098  48.330 0.0000000000
43014  23.583  -37.392  48.341 0.0000000000
146312  23.401  -35.955  47.597 0.0000000000
43030  23.786  -37.130  47.646 0.0000000000
44003  24.114  -36.498  46.588 0.0000000000
43046  24.872  -36.898  46.479 0.0000000000
142785  26.365  -36.841  46.960 0.0000000000
39172  26.736  -41.274  52.760 0.0000000000
40052  26.973  -40.877  53.123 0.0000000000
39159  27.320  -40.814  52.752 0.0000000000
41022  27.681  -40.457  52.665 0.0000000000
40051  28.180  -40.390  52.415 0.0000000000
40062  30.655  -39.746  50.758 0.0000000000
42980  29.609  -38.147  50.642 0.0000000000
42992  29.465  -37.605  49.878 0.0000000000
71479  46.346  -8.597  24.915 0.0000000000
72448  46.391  -8.108  24.539 0.0000000000
67606  48.496  -12.553  26.425 0.0000000000
51632  22.823  -27.884  56.815 0.0000000000
51633  22.051  -27.353  57.424 0.0000000000
133087  24.391  -26.974  56.817 0.0000000000
50622  23.899  -27.641  56.776 0.0000000000
50623  23.318  -27.798  56.869 0.0000000000
49726  35.852  -29.908  49.606 0.0000000000
49735  36.537  -30.587  49.970 0.0000000000
49746  36.549  -30.358  49.602 0.0000000000
49758  36.888  -29.209  48.862 0.0000000000
49760  35.547  -29.859  48.654 0.0000000000
49759  36.279  -29.602  48.865 0.0000000000
146330  36.606  -29.261  48.308 0.0000000000
50731  37.273  -28.482  47.478 0.0000000000
50733  37.913  -28.029  47.189 0.0000000000
50735  37.306  -27.977  46.653 0.0000000000
51719  38.100  -27.599  46.620 0.0000000000
50736  36.520  -28.066  46.302 0.0000000000
50737  35.749  -28.457  46.005 0.0000000000
50738  35.024  -28.910  45.570 0.0000000000
49806  34.047  -29.488  45.726 0.0000000000
49818  34.505  -29.115  45.388 0.0000000000
49819  33.956  -29.188  45.001 0.0000000000
49820  33.240  -29.489  44.879 0.0000000000
49834  33.032  -29.336  44.182 0.0000000000
49835  32.303  -29.528  44.084 0.0000000000
49836  31.509  -29.672  43.901 0.0000000000
49823  31.048  -30.115  44.489 0.0000000000
48921  29.639  -30.645  44.994 0.0000000000
122823  28.841  -30.855  44.870 0.0000000000
48903  28.123  -31.051  45.280 0.0000000000
48904  27.194  -31.234  45.501 0.0000000000
47929  25.510  -31.836  45.854 0.0000000000
39210  23.510  -41.445  46.903 0.0000000000
39209  23.951  -41.774  47.239 0.0000000000
71448  50.620  -8.688  27.651 0.0000000000
70526  52.263  -8.805  27.154 0.0000000000
70538  51.978  -8.898  26.359 0.0000000000
43991  20.466  -36.543  48.404 0.0000000000
44929  20.392  -35.642  47.553 0.0000000000
123161  20.504  -34.999  48.695 0.0000000000
144026  20.446  -35.167  48.018 0.0000000000
45873  20.425  -34.773  47.322 0.0000000000
46881  20.438  -33.955  46.610 0.0000000000
50706  20.532  -29.477  50.631 0.0000000000
124095  19.294  -29.976  48.898 0.0000000000
49749  18.558  -29.871  49.093 0.0000000000
49763  18.709  -30.150  48.301 0.0000000000
49796  17.831  -30.751  46.667 0.0000000000
47920  16.262  -32.133  47.039 0.0000000000
49704  30.551  -29.783  53.164 0.0000000000
49714  30.998  -29.823  52.799 0.0000000000
48790  30.628  -30.257  52.720 0.0000000000
47830  29.657  -30.915  52.332 0.0000000000
47841  29.155  -31.066  52.176 0.0000000000
47842  28.313  -31.301  52.416 0.0000000000
122606  27.438  -31.387  53.064 0.0000000000
46813  26.671  -31.597  52.842 0.0000000000
46814  25.711  -31.926  52.705 0.0000000000
45835  24.394  -33.402  53.272 0.0000000000
45812  22.322  -34.923  54.690 0.0000000000
44849  21.993  -35.543  54.941 0.0000000000
44860  21.874  -35.869  54.908 0.0000000000
144139  21.302  -36.563  53.822 0.0000000000
44881  21.334  -36.018  53.262 0.0000000000
42963  20.814  -37.429  53.164 0.0000000000
41988  20.612  -38.568  51.893 0.0000000000
42985  20.523  -37.692  50.395 0.0000000000
43976  20.458  -36.989  50.099 0.0000000000
129180  45.486  -14.529  30.022 0.0000000000
65579  44.718  -14.799  28.662 0.0000000000
64650  44.181  -15.385  28.104 0.0000000000
143520  44.369  -15.422  27.300 0.0000000000
45795  16.015  -33.619  57.910 0.0000000000
45813  15.710  -33.804  56.349 0.0000000000
46796  15.520  -33.606  55.421 0.0000000000
46807  14.711  -33.938  54.048 0.0000000000
125943  14.384  -35.540  53.831 0.0000000000
67509  49.928  -11.643  33.833 0.0000000000
67510  49.306  -12.186  33.590 0.0000000000
66454  48.160  -13.127  34.626 0.0000000000
67487  48.931  -12.617  35.488 0.0000000000
65513  46.888  -14.039  34.941 0.0000000000
65503  46.396  -14.410  35.337 0.0000000000
64451  44.864  -14.302  40.317 0.0000000000
64469  45.160  -14.581  39.643 0.0000000000
139892  44.494  -14.630  40.083 0.0000000000
122943  43.588  -15.438  39.337 0.0000000000
63468  43.167  -15.590  39.223 0.0000000000
63483  43.182  -15.765  38.782 0.0000000000
62473  41.640  -16.834  36.614 0.0000000000
62474  40.785  -17.351  36.506 0.0000000000
134855  40.002  -17.666  35.975 0.0000000000
62475  39.956  -17.696  36.856 0.0000000000
128595  38.516  -18.234  35.901 0.0000000000
61430  37.731  -18.734  36.252 0.0000000000
62375  40.567  -16.708  45.814 0.0000000000
54883  38.167  -25.231  42.579 0.0000000000
55899  38.243  -24.656  42.294 0.0000000000
142376  37.896  -24.648  41.864 0.0000000000
55934  37.652  -24.207  41.480 0.0000000000
54908  36.385  -25.291  40.557 0.0000000000
128980  37.250  -24.166  40.865 0.0000000000
56786  37.539  -23.438  41.154 0.0000000000
56787  37.089  -23.425  40.530 0.0000000000
57703  36.942  -22.518  40.210 0.0000000000
57704  36.387  -22.425  39.625 0.0000000000
58682  36.926  -21.591  39.694 0.0000000000
57717  35.559  -22.476  38.722 0.0000000000
56829  34.646  -23.281  38.068 0.0000000000
55976  34.216  -24.674  38.152 0.0000000000
56830  34.142  -23.785  37.670 0.0000000000
56831  33.572  -23.852  37.106 0.0000000000
140995  32.157  -24.562  35.419 0.0000000000
54988  31.589  -25.120  35.156 0.0000000000
53969  30.951  -26.274  35.581 0.0000000000
53956  30.619  -26.788  35.956 0.0000000000
53971  29.789  -27.167  35.559 0.0000000000
144377  29.105  -27.577  35.581 0.0000000000
51832  28.633  -27.909  36.002 0.0000000000
51817  27.264  -28.693  36.128 0.0000000000
49883  25.633  -30.690  40.846 0.0000000000
47958  24.975  -32.556  40.885 0.0000000000
46926  25.303  -32.961  40.576 0.0000000000
128083  25.643  -33.558  41.083 0.0000000000
46925  26.055  -33.400  40.354 0.0000000000
46924  27.057  -33.592  40.276 0.0000000000
45857  23.469  -34.619  50.247 0.0000000000
45862  23.444  -34.374  49.320 0.0000000000
44916  23.048  -35.268  49.652 0.0000000000
134336  22.895  -36.061  49.167 0.0000000000
123567  23.018  -36.939  48.969 0.0000000000
147807  23.178  -37.870  49.569 0.0000000000
141442  23.349  -37.679  49.111 0.0000000000
42042  24.011  -38.114  48.674 0.0000000000
42041  24.972  -38.378  48.503 0.0000000000
40091  27.658  -40.412  50.450 0.0000000000
40078  28.449  -40.456  51.453 0.0000000000
40089  29.687  -39.971  50.456 0.0000000000
41066  29.817  -39.595  49.535 0.0000000000
128410  30.344  -39.778  50.239 0.0000000000
74441  49.907  -5.550  22.953 0.0000000000
73488  48.920  -6.678  21.990 0.0000000000
72483  48.437  -7.352  21.557 0.0000000000
71512  47.946  -7.999  21.090 0.0000000000
68656  47.219  -11.352  23.717 0.0000000000
134261  22.045  -33.092  51.631 0.0000000000
48800  22.732  -31.246  52.227 0.0000000000
48792  23.071  -31.158  52.820 0.0000000000
132360  22.383  -30.230  51.803 0.0000000000
50705  21.666  -29.351  51.928 0.0000000000
50683  22.433  -28.813  53.990 0.0000000000
125300  22.017  -28.336  54.523 0.0000000000
136706  21.574  -28.843  52.629 0.0000000000
123781  18.929  -28.923  51.796 0.0000000000
49722  18.008  -29.456  52.243 0.0000000000
131811  17.484  -30.002  52.889 0.0000000000
51648  28.258  -27.683  55.095 0.0000000000
48760  27.705  -29.334  54.743 0.0000000000
48761  27.170  -30.207  54.585 0.0000000000
48762  26.441  -30.402  54.999 0.0000000000
48748  25.657  -30.957  55.302 0.0000000000
123869  25.886  -30.027  55.414 0.0000000000
47788  25.174  -31.449  55.441 0.0000000000
46774  24.144  -32.728  55.450 0.0000000000
46775  23.847  -32.999  55.368 0.0000000000
46776  23.423  -33.148  55.097 0.0000000000
49662  24.892  -29.184  56.284 0.0000000000
134189  24.070  -30.180  56.442 0.0000000000
48739  24.273  -30.641  56.273 0.0000000000
47779  23.879  -31.355  55.984 0.0000000000
46765  23.860  -32.265  55.598 0.0000000000
47813  22.907  -32.924  54.214 0.0000000000
127358  22.207  -33.959  53.445 0.0000000000
46816  22.038  -33.866  52.853 0.0000000000
63572  41.321  -15.873  30.193 0.0000000000
63601  40.583  -16.456  28.367 0.0000000000
62597  39.870  -16.727  27.829 0.0000000000
67432  47.444  -12.954  39.403 0.0000000000
66407  46.796  -13.261  39.648 0.0000000000
66408  45.877  -13.824  40.030 0.0000000000
66392  45.022  -13.932  40.686 0.0000000000
66393  44.882  -13.618  41.232 0.0000000000
65438  45.206  -14.075  40.394 0.0000000000
65439  44.516  -14.068  40.764 0.0000000000
64437  44.344  -13.816  41.501 0.0000000000
64438  43.916  -14.075  40.873 0.0000000000
65421  43.717  -13.535  41.639 0.0000000000
134367  42.851  -14.617  40.577 0.0000000000
64455  41.669  -14.679  40.872 0.0000000000
56696  40.426  -23.809  45.965 0.0000000000
55864  39.732  -24.480  45.110 0.0000000000
54882  38.503  -25.234  43.233 0.0000000000
51722  37.687  -27.191  45.727 0.0000000000
52803  38.148  -26.596  45.303 0.0000000000
51729  36.515  -27.073  44.375 0.0000000000
52815  37.893  -26.291  44.308 0.0000000000
53855  38.103  -25.954  43.913 0.0000000000
53869  37.936  -25.721  43.083 0.0000000000
53882  37.599  -25.555  42.383 0.0000000000
53884  36.575  -25.888  41.714 0.0000000000
52849  35.885  -26.168  41.289 0.0000000000
52840  35.253  -26.805  41.806 0.0000000000
52850  34.999  -26.507  40.993 0.0000000000
51781  32.153  -27.634  39.221 0.0000000000
51771  32.419  -27.744  39.783 0.0000000000
51761  30.937  -28.455  40.388 0.0000000000
50795  31.102  -28.658  41.146 0.0000000000
50796  30.275  -28.802  40.939 0.0000000000
50797  29.421  -28.901  40.687 0.0000000000
50783  28.855  -29.289  41.086 0.0000000000
131847  27.522  -29.887  41.242 0.0000000000
49851  29.516  -29.696  42.539 0.0000000000
49839  28.424  -30.543  43.486 0.0000000000
49852  28.042  -30.304  42.817 0.0000000000
138495  28.766  -30.055  42.694 0.0000000000
127379  28.007  -29.994  42.067 0.0000000000
49867  26.989  -30.245  41.831 0.0000000000
49868  26.131  -30.600  41.617 0.0000000000
49869  25.536  -31.007  41.515 0.0000000000
48952  24.809  -31.947  41.676 0.0000000000
47949  24.579  -32.552  42.180 0.0000000000
47943  24.411  -32.467  43.125 0.0000000000
46903  24.489  -33.348  42.582 0.0000000000
40044  24.614  -41.031  53.611 0.0000000000
140180  25.575  -41.340  53.234 0.0000000000
39161  25.958  -41.426  53.010 0.0000000000
38438  24.545  -41.693  52.215 0.0000000000
38432  25.078  -41.594  52.619 0.0000000000
39184  26.586  -41.255  51.734 0.0000000000
40080  26.834  -40.775  50.824 0.0000000000
39195  24.310  -41.763  49.502 0.0000000000
39207  24.630  -41.451  48.048 0.0000000000
39201  24.807  -41.491  48.935 0.0000000000
39194  25.109  -41.530  49.985 0.0000000000
40092  26.573  -40.637  49.831 0.0000000000
73426  47.819  -6.173  26.353 0.0000000000
73435  47.904  -6.064  25.410 0.0000000000
72436  46.869  -7.476  26.040 0.0000000000
71460  47.266  -8.657  26.888 0.0000000000
71461  46.749  -8.254  26.155 0.0000000000
71469  46.560  -8.575  25.580 0.0000000000
70559  46.522  -9.098  25.337 0.0000000000
69621  46.600  -9.711  24.970 0.0000000000
70528  50.298  -8.960  27.054 0.0000000000
132275  50.364  -9.443  25.581 0.0000000000
123887  49.012  -9.758  25.859 0.0000000000
69619  48.480  -10.208  25.377 0.0000000000
137909  20.485  -36.291  47.278 0.0000000000
44024  20.527  -36.244  46.502 0.0000000000
46848  21.421  -33.270  50.285 0.0000000000
46849  21.142  -33.336  49.589 0.0000000000
48873  19.866  -31.106  47.251 0.0000000000
126543  20.266  -31.861  46.889 0.0000000000
47931  20.318  -32.254  45.771 0.0000000000
46886  20.509  -33.109  45.229 0.0000000000
49712  32.463  -29.461  52.012 0.0000000000
50704  35.251  -29.540  50.250 0.0000000000
49727  35.118  -29.989  49.950 0.0000000000
48804  34.783  -30.091  50.101 0.0000000000
48814  34.695  -30.227  49.987 0.0000000000
123536  33.759  -30.468  49.771 0.0000000000
47866  32.269  -30.497  50.344 0.0000000000
48815  32.990  -30.563  50.047 0.0000000000
146036  33.033  -30.583  49.529 0.0000000000
145115  32.662  -30.582  48.997 0.0000000000
48849  31.552  -30.569  48.692 0.0000000000
128628  30.941  -30.604  48.289 0.0000000000
48850  30.288  -30.622  48.755 0.0000000000
47899  28.776  -31.181  49.052 0.0000000000
124341  27.840  -31.498  49.118 0.0000000000
47888  26.265  -31.935  49.666 0.0000000000
46847  24.247  -33.348  50.411 0.0000000000
46823  24.804  -32.436  52.159 0.0000000000
44911  23.080  -35.382  50.512 0.0000000000
43970  22.631  -36.936  50.997 0.0000000000
43969  22.761  -36.317  51.605 0.0000000000
42973  22.621  -37.694  51.297 0.0000000000
41025  23.118  -40.309  53.241 0.0000000000
47801  26.608  -30.949  54.461 0.0000000000
143851  25.973  -31.451  54.323 0.0000000000
46792  24.733  -32.711  54.397 0.0000000000
45810  23.877  -33.991  54.873 0.0000000000
45809  24.310  -33.495  54.733 0.0000000000
45827  24.322  -33.573  54.234 0.0000000000
143809  24.028  -34.144  54.099 0.0000000000
44871  23.388  -35.237  54.241 0.0000000000
143904  21.866  -36.176  55.190 0.0000000000
126946  21.854  -36.377  55.305 0.0000000000
43914  22.027  -36.910  55.497 0.0000000000
42939  21.659  -37.772  55.307 0.0000000000
42938  21.771  -37.650  55.523 0.0000000000
43913  22.340  -36.807  55.255 0.0000000000
42945  22.402  -37.365  55.335 0.0000000000
143191  22.731  -36.509  54.160 0.0000000000
42961  22.575  -37.269  53.923 0.0000000000
41979  22.282  -38.976  53.994 0.0000000000
41026  22.513  -39.670  53.567 0.0000000000
40045  23.529  -40.921  53.841 0.0000000000
39162  23.963  -41.436  53.256 0.0000000000
40056  22.437  -41.187  53.155 0.0000000000
39175  23.108  -41.583  52.419 0.0000000000
39187  23.060  -41.420  51.410 0.0000000000
126591  22.996  -41.088  50.382 0.0000000000
40094  22.865  -40.534  49.448 0.0000000000
40104  22.826  -40.278  48.508 0.0000000000
41100  22.476  -39.210  47.711 0.0000000000
41118  22.709  -39.888  47.052 0.0000000000
68588  48.866  -11.707  28.664 0.0000000000
67591  47.790  -12.586  27.397 0.0000000000
66579  45.688  -13.967  27.746 0.0000000000
65593  45.866  -14.023  27.024 0.0000000000
65609  45.496  -14.699  26.518 0.0000000000
65607  46.903  -14.008  25.943 0.0000000000
63599  42.274  -16.496  27.933 0.0000000000
63612  42.547  -16.930  27.290 0.0000000000
146644  21.375  -24.589  58.237 0.0000000000
54597  20.852  -25.582  58.437 0.0000000000
54598  20.016  -25.603  58.586 0.0000000000
53624  20.534  -25.903  58.550 0.0000000000
53637  20.213  -26.060  58.545 0.0000000000
52607  19.595  -26.786  57.920 0.0000000000
52580  18.454  -26.645  58.984 0.0000000000
144525  19.040  -27.088  58.377 0.0000000000
52622  19.518  -26.997  57.421 0.0000000000
51652  19.224  -27.583  56.247 0.0000000000
50673  18.834  -28.563  55.015 0.0000000000
50685  18.345  -29.265  54.496 0.0000000000
148350  17.936  -29.578  53.888 0.0000000000
49677  17.616  -30.642  57.613 0.0000000000
48764  17.658  -30.809  56.717 0.0000000000
48777  17.713  -30.829  55.773 0.0000000000
48786  17.097  -31.201  54.734 0.0000000000
49709  17.370  -30.667  54.410 0.0000000000
49731  16.598  -30.947  51.223 0.0000000000
48821  15.946  -31.689  50.063 0.0000000000
47875  15.397  -32.266  50.581 0.0000000000
47892  15.475  -32.424  49.720 0.0000000000
46825  14.605  -33.768  52.387 0.0000000000
46836  14.602  -33.680  51.637 0.0000000000
74389  49.202  -5.090  26.455 0.0000000000
74390  48.507  -5.703  26.902 0.0000000000
130476  47.901  -6.915  28.331 0.0000000000
138706  49.005  -7.545  30.625 0.0000000000
71428  48.991  -8.530  29.776 0.0000000000
129290  49.361  -8.828  29.301 0.0000000000
71436  52.176  -8.521  28.162 0.0000000000
70517  52.283  -8.656  28.316 0.0000000000
71389  52.382  -8.703  31.459 0.0000000000
69564  51.419  -10.198  30.933 0.0000000000
138825  50.182  -11.026  29.673 0.0000000000
68578  48.858  -11.864  29.624 0.0000000000
67564  48.222  -12.454  29.984 0.0000000000
134564  46.506  -13.819  30.396 0.0000000000
66497  47.327  -13.436  32.410 0.0000000000
65555  45.132  -15.001  30.641 0.0000000000
132279  44.459  -15.404  31.063 0.0000000000
64583  42.978  -15.683  31.093 0.0000000000
66422  48.338  -12.927  38.184 0.0000000000
66430  48.230  -13.179  38.230 0.0000000000
65482  47.556  -13.750  37.524 0.0000000000
65476  47.664  -13.603  38.473 0.0000000000
65492  46.773  -14.265  36.582 0.0000000000
65493  46.459  -14.406  36.008 0.0000000000
64535  45.915  -14.624  35.784 0.0000000000
63466  44.950  -14.922  39.158 0.0000000000
63465  45.485  -14.845  38.459 0.0000000000
64528  45.518  -14.882  36.372 0.0000000000
64536  45.383  -14.949  35.503 0.0000000000
64546  45.311  -15.056  34.685 0.0000000000
64559  43.757  -15.584  33.375 0.0000000000
63527  43.326  -15.655  34.223 0.0000000000
124515  42.183  -15.790  31.591 0.0000000000
122846  40.626  -16.345  30.728 0.0000000000
62560  40.036  -16.939  31.200 0.0000000000
62500  39.760  -17.546  34.203 0.0000000000
61475  39.038  -17.929  32.966 0.0000000000
129907  38.476  -18.298  31.763 0.0000000000
66379  41.838  -13.336  42.496 0.0000000000
65423  41.410  -13.812  42.242 0.0000000000
64441  40.933  -14.405  41.784 0.0000000000
64457  40.275  -15.473  41.191 0.0000000000
61346  40.344  -18.849  45.332 0.0000000000
61361  40.447  -18.642  44.794 0.0000000000
57645  39.569  -22.444  43.315 0.0000000000
57659  39.631  -21.797  43.040 0.0000000000
57676  39.123  -21.770  42.267 0.0000000000
58644  39.542  -21.046  42.659 0.0000000000
59559  40.116  -20.436  43.415 0.0000000000
137514  40.337  -19.964  43.619 0.0000000000
61373  40.394  -18.589  44.202 0.0000000000
134724  40.500  -17.618  44.792 0.0000000000
62390  40.232  -17.805  44.077 0.0000000000
62391  40.110  -16.911  43.598 0.0000000000
61385  39.354  -18.265  42.374 0.0000000000
62398  39.599  -17.434  42.753 0.0000000000
63427  39.800  -16.283  42.652 0.0000000000
63441  39.723  -15.986  41.763 0.0000000000
132815  39.801  -15.977  41.005 0.0000000000
63472  39.461  -16.766  39.741 0.0000000000
62448  39.120  -17.289  38.542 0.0000000000
61397  38.171  -18.129  39.659 0.0000000000
61404  38.317  -17.713  38.813 0.0000000000
136422  37.997  -18.040  38.245 0.0000000000
61417  37.664  -18.689  37.186 0.0000000000
126646  37.007  -19.287  36.132 0.0000000000
58696  36.700  -21.142  38.980 0.0000000000
59596  36.451  -20.785  38.268 0.0000000000
58708  35.861  -20.714  37.427 0.0000000000
59602  36.438  -20.261  37.680 0.0000000000
127981  36.243  -20.025  36.997 0.0000000000
60521  36.346  -19.733  36.204 0.0000000000
59622  35.920  -19.728  34.929 0.0000000000
59631  35.193  -20.071  33.674 0.0000000000
58747  33.456  -21.434  33.415 0.0000000000
53997  29.949  -25.963  33.433 0.0000000000
54010  29.370  -26.373  32.805 0.0000000000
52948  28.751  -26.964  33.122 0.0000000000
51782  31.349  -27.842  39.043 0.0000000000
50828  28.938  -28.558  38.982 0.0000000000
51784  29.497  -28.292  38.464 0.0000000000
51798  29.161  -28.186  37.686 0.0000000000
51799  28.366  -28.369  37.351 0.0000000000
51800  27.502  -28.676  37.011 0.0000000000
50855  26.768  -29.231  36.667 0.0000000000
49890  25.508  -30.726  39.919 0.0000000000
131397  25.871  -30.231  39.465 0.0000000000
49889  26.013  -30.048  38.729 0.0000000000
47993  25.623  -31.728  38.821 0.0000000000
48981  25.657  -31.057  38.102 0.0000000000
49895  25.883  -30.333  37.938 0.0000000000
48871  27.731  -31.265  47.194 0.0000000000
130282  26.608  -31.748  48.232 0.0000000000
47915  27.179  -31.543  47.668 0.0000000000
48885  27.022  -31.523  46.916 0.0000000000
47923  26.307  -31.713  46.461 0.0000000000
124974  24.822  -32.162  46.210 0.0000000000
46858  23.717  -33.739  48.710 0.0000000000
46864  23.577  -33.798  47.872 0.0000000000
142473  23.249  -35.373  47.855 0.0000000000
46871  23.875  -33.247  47.544 0.0000000000
46879  23.984  -33.023  46.879 0.0000000000
46885  24.190  -32.744  46.062 0.0000000000
45899  23.781  -33.762  45.329 0.0000000000
44954  24.241  -35.520  45.558 0.0000000000
44974  24.486  -35.186  44.880 0.0000000000
40067  25.009  -40.617  53.000 0.0000000000
142669  26.701  -40.648  53.055 0.0000000000
41024  26.645  -40.189  52.572 0.0000000000
42026  26.377  -38.610  49.578 0.0000000000
42025  27.177  -38.349  49.878 0.0000000000
41021  28.502  -40.037  52.512 0.0000000000
41035  29.821  -39.718  51.711 0.0000000000
41986  29.184  -39.677  52.152 0.0000000000
41997  28.588  -39.460  52.158 0.0000000000
42995  27.014  -38.073  49.060 0.0000000000
43989  27.200  -37.177  47.930 0.0000000000
44001  27.196  -36.687  47.325 0.0000000000
43988  27.817  -36.881  48.054 0.0000000000
44933  27.835  -35.810  46.024 0.0000000000
73464  47.510  -6.714  24.012 0.0000000000
72464  46.439  -7.987  23.822 0.0000000000
72463  46.989  -7.336  23.540 0.0000000000
72475  47.299  -7.475  22.714 0.0000000000
71513  47.146  -8.413  21.511 0.0000000000
68657  46.614  -11.370  23.238 0.0000000000
68611  49.830  -11.582  26.338 0.0000000000
39150  24.897  -41.312  53.424 0.0000000000
39160  26.737  -41.158  53.069 0.0000000000
40043  25.506  -41.115  53.419 0.0000000000
40988  21.621  -38.254  55.507 0.0000000000
41963  22.011  -38.299  55.454 0.0000000000
41965  21.440  -38.342  55.239 0.0000000000
42012  26.807  -38.868  50.523 0.0000000000
42946  21.551  -37.898  55.163 0.0000000000
45801  23.114  -34.512  55.098 0.0000000000
45880  23.534  -34.331  46.510 0.0000000000
47780  23.816  -31.693  55.752 0.0000000000
47959  24.780  -32.554  41.444 0.0000000000
48008  26.380  -32.207  37.683 0.0000000000
48741  23.820  -31.090  56.027 0.0000000000
48816  32.316  -30.584  49.735 0.0000000000
48865  33.225  -30.421  47.693 0.0000000000
48880  32.985  -30.082  46.385 0.0000000000
48887  19.909  -31.516  46.174 0.0000000000
48905  26.421  -31.497  45.720 0.0000000000
48937  25.085  -31.515  43.679 0.0000000000
49703  30.999  -29.317  53.123 0.0000000000
49719  34.670  -29.698  50.458 0.0000000000
49723  17.300  -30.196  52.243 0.0000000000
49729  21.309  -29.852  50.722 0.0000000000
49745  36.587  -29.468  49.216 0.0000000000
49773  37.154  -28.772  48.052 0.0000000000
49789  36.590  -29.002  47.615 0.0000000000
49808  32.784  -29.786  45.356 0.0000000000
50714  37.068  -28.998  49.298 0.0000000000
50746  34.093  -28.779  44.411 0.0000000000
50831  26.442  -29.592  38.097 0.0000000000
50843  27.773  -28.617  37.864 0.0000000000
51703  39.373  -27.459  47.913 0.0000000000
51715  39.432  -27.098  47.202 0.0000000000
52788  39.618  -26.663  46.805 0.0000000000
52827  37.020  -26.131  43.080 0.0000000000
52861  33.959  -26.724  39.851 0.0000000000
53830  39.875  -25.801  46.606 0.0000000000
53843  38.913  -25.922  45.213 0.0000000000
53883  37.089  -25.748  42.106 0.0000000000
53944  33.081  -26.072  37.854 0.0000000000
54874  38.873  -25.285  44.043 0.0000000000
54893  37.820  -25.131  42.026 0.0000000000
55003  30.556  -25.568  33.916 0.0000000000
55595  20.294  -25.219  58.437 0.0000000000
55621  21.668  -24.233  58.083 0.0000000000
55863  40.096  -24.295  45.599 0.0000000000
55915  38.171  -24.082  42.044 0.0000000000
55935  36.906  -24.802  40.849 0.0000000000
55986  33.185  -24.312  36.771 0.0000000000
56709  40.398  -23.067  45.251 0.0000000000
56819  35.147  -23.289  38.633 0.0000000000
56860  32.044  -23.253  33.497 0.0000000000
57695  37.507  -22.606  40.800 0.0000000000
57740  34.211  -22.437  36.609 0.0000000000
57751  33.449  -22.519  35.389 0.0000000000
57763  32.722  -22.698  34.226 0.0000000000
58611  40.466  -21.710  44.912 0.0000000000
58627  40.383  -20.989  44.395 0.0000000000
58643  39.897  -21.178  43.354 0.0000000000
58683  36.401  -21.734  39.240 0.0000000000
58698  35.624  -21.836  38.350 0.0000000000
58709  35.385  -21.537  37.631 0.0000000000
58736  34.637  -20.555  34.183 0.0000000000
59571  39.051  -20.344  41.798 0.0000000000
59613  35.970  -19.848  35.681 0.0000000000
60491  39.219  -19.765  41.957 0.0000000000
62383  40.497  -16.922  44.404 0.0000000000
63439  43.753  -14.853  40.111 0.0000000000
63467  43.815  -15.155  39.775 0.0000000000
64456  40.739  -14.933  41.314 0.0000000000
64487  47.780  -13.492  38.836 0.0000000000
64517  46.654  -14.397  37.842 0.0000000000
65481  48.038  -13.399  37.861 0.0000000000
66416  48.563  -13.806  40.008 0.0000000000
66417  47.150  -13.586  39.508 0.0000000000
66436  48.413  -13.172  37.220 0.0000000000
71504  46.799  -8.119  22.358 0.0000000000
124553  22.167  -37.519  55.580 0.0000000000
125576  23.669  -34.646  54.186 0.0000000000
127469  32.339  -23.129  33.942 0.0000000000
127516  46.112  -10.831  23.156 0.0000000000
127838  47.925  -13.490  38.810 0.0000000000
128724  34.380  -28.121  43.207 0.0000000000
129346  33.017  -28.563  42.253 0.0000000000
129437  38.530  -28.100  47.910 0.0000000000
129568  25.336  -37.563  47.375 0.0000000000
129724  39.378  -21.587  42.535 0.0000000000
131956  30.326  -25.435  33.179 0.0000000000
132310  40.461  -17.775  45.366 0.0000000000
135322  26.799  -27.296  55.787 0.0000000000
136372  40.003  -19.871  43.173 0.0000000000
137333  29.097  -39.119  51.842 0.0000000000
138062  39.491  -26.988  47.219 0.0000000000
138387  32.256  -23.903  34.985 0.0000000000
138693  40.513  -19.821  44.124 0.0000000000
138734  38.691  -17.931  41.116 0.0000000000
141898  32.948  -25.620  37.398 0.0000000000
143190  38.119  -18.493  31.362 0.0000000000
143269  24.406  -29.960  56.372 0.0000000000
144011  31.989  -30.563  49.010 0.0000000000
145251  32.440  -24.649  35.918 0.0000000000
145254  35.259  -20.649  36.115 0.0000000000
146496  25.724  -30.594  38.411 0.0000000000
146708  39.817  -23.317  44.386 0.0000000000
148262  35.832  -21.981  38.746 0.0000000000
