#!ascii label  , from subject chris_t1_5 vox2ras=TkReg
710
56452  20.139  -24.036  -20.036 0.1428571492
56453  19.066  -24.162  -19.497 0.1428571492
57374  19.101  -23.007  -21.157 0.1428571492
55493  20.992  -24.676  -19.891 0.1428571492
56474  19.876  -23.722  -20.885 0.2857142985
57352  19.033  -23.478  -20.225 0.1428571492
131936  20.652  -24.452  -20.965 0.1428571492
130296  19.085  -24.195  -22.612 0.5714285970
122406  19.627  -25.328  -22.022 0.1428571492
52504  18.163  -27.581  -21.524 0.2857142985
147303  18.525  -26.968  -21.558 0.2857142985
51533  17.540  -29.042  -21.215 0.1428571492
52488  18.026  -28.247  -21.117 0.2857142985
53549  21.792  -27.411  -22.225 0.2857142985
53550  20.309  -28.012  -22.316 0.1428571492
53561  20.182  -27.227  -22.794 0.2857142985
56500  23.490  -24.573  -22.472 0.2857142985
54518  22.605  -26.588  -22.044 0.2857142985
57417  24.325  -22.982  -23.056 0.2857142985
57407  23.714  -23.752  -22.839 0.2857142985
60266  24.936  -21.003  -23.986 0.2857142985
63174  25.762  -17.637  -25.843 0.8571428657
61185  25.190  -19.102  -25.245 0.4285714328
58330  24.810  -22.266  -23.288 0.2857142985
65188  26.783  -15.827  -26.745 0.7142857313
64209  26.797  -16.413  -26.140 0.7142857313
63189  26.180  -16.932  -25.991 0.7142857313
62183  25.466  -18.392  -25.580 0.7142857313
66119  27.936  -14.737  -26.770 0.8571428657
65187  27.619  -15.461  -26.489 0.5714285970
65200  27.123  -15.083  -27.104 0.8571428657
64210  26.184  -16.506  -26.719 0.7142857313
68160  29.646  -12.464  -27.599 0.4285714328
67152  28.468  -13.505  -27.556 0.7142857313
66131  27.464  -14.402  -27.474 0.8571428657
69183  31.329  -10.757  -27.870 0.2857142985
70161  30.792  -10.386  -28.337 0.5714285970
68173  28.924  -12.351  -27.998 0.8571428657
69174  29.486  -11.967  -28.034 0.7142857313
67167  28.244  -13.002  -28.174 0.8571428657
71088  31.685  -9.261  -28.582 0.1428571492
124775  31.705  -10.041  -28.108 0.1428571492
71089  30.967  -9.658  -28.675 0.4285714328
70162  29.999  -10.713  -28.624 0.5714285970
69185  29.038  -11.772  -28.541 0.8571428657
72971  32.485  -7.199  -29.051 0.1428571492
72002  32.487  -8.760  -28.546 0.1428571492
72952  32.036  -7.927  -28.738 0.1428571492
71099  31.054  -9.011  -29.091 0.4285714328
69200  29.239  -11.088  -29.153 0.8571428657
74946  33.529  -5.720  -29.630 0.1428571492
73946  33.717  -6.395  -29.467 0.1428571492
74947  32.603  -5.633  -29.580 0.1428571492
72972  31.614  -7.342  -29.315 0.1428571492
72973  30.812  -7.392  -29.794 0.4285714328
71100  30.443  -8.861  -29.673 0.5714285970
71101  29.746  -9.575  -29.839 0.7142857313
70176  28.968  -10.315  -29.823 0.8571428657
75983  32.215  -4.908  -29.722 0.1428571492
75997  32.721  -4.208  -30.184 0.1428571492
74948  31.723  -5.674  -29.626 0.1428571492
144131  31.341  -6.559  -29.618 0.5714285970
72025  29.945  -8.804  -30.276 0.8571428657
71112  29.325  -9.089  -30.646 0.8571428657
148582  33.343  -3.922  -30.566 0.1428571492
130289  32.151  -3.491  -30.330 0.2857142985
74965  31.294  -5.050  -29.965 0.1428571492
124938  30.741  -4.451  -30.260 0.8571428657
72989  30.110  -7.418  -30.411 0.8571428657
72024  30.383  -8.181  -30.123 0.7142857313
127374  29.378  -7.301  -30.861 0.8571428657
124685  32.202  -1.723  -30.766 0.1428571492
141328  32.674  -1.392  -31.369 0.1428571492
143517  31.659  -2.944  -30.390 0.4285714328
76947  29.528  -3.556  -30.554 0.8571428657
137175  29.854  -4.356  -30.488 0.8571428657
73965  29.314  -5.930  -30.810 0.8571428657
143581  29.191  -6.609  -30.977 0.8571428657
77930  31.428  -2.165  -30.486 0.4285714328
142062  28.980  -4.364  -30.906 0.8571428657
74967  29.500  -5.121  -30.670 0.8571428657
74968  28.796  -5.336  -31.102 0.8571428657
78841  32.042  -0.918  -30.983 0.1428571492
79792  31.770  -0.219  -31.319 0.2857142985
78843  30.715  -1.546  -30.503 0.5714285970
141995  30.193  -1.107  -30.508 0.8571428657
77931  30.372  -2.328  -30.512 0.8571428657
77932  29.359  -2.604  -30.609 0.8571428657
76948  28.717  -3.386  -30.853 0.8571428657
133349  28.394  -2.459  -30.979 0.8571428657
76018  28.262  -4.736  -31.420 0.8571428657
80725  31.510  0.521  -31.542 0.2857142985
80712  30.389  0.349  -30.751 0.7142857313
122951  30.780  -0.828  -30.517 0.5714285970
125947  30.029  -0.400  -30.536 0.8571428657
148661  28.414  -1.964  -30.979 0.8571428657
78857  28.048  -1.683  -31.194 0.8571428657
76963  28.013  -3.293  -31.320 0.8571428657
80713  29.534  0.383  -30.588 0.8571428657
79774  28.688  0.367  -30.677 0.8571428657
127666  28.600  -1.018  -30.817 0.8571428657
79795  27.663  -0.328  -31.405 0.7142857313
78858  27.485  -1.032  -31.659 0.7142857313
81625  29.152  0.946  -30.966 0.8571428657
81642  28.410  1.053  -31.172 0.8571428657
79794  28.284  -0.288  -30.813 0.8571428657
81643  27.559  1.073  -31.485 0.8571428657
129017  28.130  1.779  -31.527 0.8571428657
80728  27.263  0.322  -31.622 0.7142857313
83379  29.525  3.810  -32.193 0.7142857313
82521  28.718  2.495  -31.577 0.8571428657
83380  28.684  3.787  -32.159 0.8571428657
138606  27.910  3.653  -32.275 0.8571428657
84245  27.640  4.821  -33.030 0.7142857313
80727  27.940  0.382  -31.137 0.8571428657
82522  27.894  2.459  -31.791 0.8571428657
86029  30.136  6.114  -35.327 0.1428571492
84237  29.019  4.430  -32.525 0.8571428657
85135  28.518  4.985  -32.901 0.7142857313
85145  28.044  5.446  -33.279 0.7142857313
84238  28.161  4.315  -32.543 0.8571428657
86935  29.422  7.381  -36.965 0.1428571492
86015  29.046  6.308  -33.767 0.5714285970
86021  28.473  6.802  -34.289 0.5714285970
86906  27.352  7.664  -34.557 0.5714285970
86914  29.028  7.697  -35.675 0.1428571492
86936  28.984  7.622  -37.872 0.1428571492
131786  27.167  8.676  -35.340 0.5714285970
88676  28.053  9.070  -38.215 0.1428571492
87836  27.716  9.196  -38.926 0.1428571492
87814  27.914  8.906  -36.244 0.1428571492
89531  27.000  10.050  -39.456 0.1428571492
87778  27.770  8.219  -35.124 0.5714285970
88677  27.600  9.743  -38.046 0.1428571492
89502  27.049  10.378  -37.597 0.1428571492
135571  26.472  10.883  -38.113 0.1428571492
124109  19.975  -24.119  -21.801 0.2857142985
54500  20.263  -25.840  -21.542 0.1428571492
53521  20.066  -26.675  -21.317 0.2857142985
54519  18.305  -26.630  -21.850 0.2857142985
51550  20.620  -29.472  -21.696 0.2857142985
52517  19.261  -28.676  -22.061 0.2857142985
59348  24.468  -21.646  -23.747 0.2857142985
61184  25.825  -18.758  -24.983 0.4285714328
61174  24.884  -19.802  -24.862 0.5714285970
66129  29.067  -13.748  -27.098 0.2857142985
63190  25.504  -17.235  -26.766 0.7142857313
68159  30.504  -12.466  -27.406 0.1428571492
68175  27.618  -12.618  -28.939 0.8571428657
70174  30.248  -10.002  -28.975 0.7142857313
75996  33.575  -4.486  -30.287 0.1428571492
74949  30.813  -5.862  -30.005 0.8571428657
147166  30.324  -6.209  -30.345 0.8571428657
126224  28.661  -6.196  -31.187 0.8571428657
81624  29.968  1.192  -30.908 0.8571428657
82520  29.591  2.500  -31.529 0.8571428657
84236  29.756  4.364  -32.724 0.8571428657
85144  28.780  5.622  -33.340 0.7142857313
86020  29.137  6.583  -34.509 0.2857142985
87795  28.425  8.394  -35.824 0.1428571492
87826  28.507  8.469  -37.854 0.1428571492
88688  27.093  9.117  -40.662 0.1428571492
55473  18.778  -25.001  -18.838 0.1428571492
55528  19.000  -25.019  -22.422 0.4285714328
52518  17.987  -27.646  -21.891 0.2857142985
54520  18.341  -26.198  -22.348 0.4285714328
53551  18.374  -27.895  -22.296 0.1428571492
53548  22.653  -28.019  -21.900 0.2857142985
55527  23.323  -26.120  -21.807 0.2857142985
55542  22.347  -25.710  -22.349 0.2857142985
132263  23.338  -25.326  -22.146 0.2857142985
72970  33.528  -7.111  -29.173 0.1428571492
75995  34.278  -4.802  -30.597 0.1428571492
77928  33.112  -2.832  -30.855 0.1428571492
77929  32.399  -2.637  -30.579 0.2857142985
77942  32.925  -2.161  -31.081 0.1428571492
76946  30.362  -3.658  -30.375 0.8571428657
72038  29.590  -8.226  -30.682 0.8571428657
71129  28.646  -9.392  -31.216 1.0000000000
79791  32.456  -0.606  -31.714 0.1428571492
143282  32.125  0.121  -31.901 0.1428571492
81639  31.244  1.285  -31.744 0.2857142985
78859  27.227  -1.776  -31.795 0.8571428657
81640  30.577  1.623  -31.476 0.5714285970
83362  30.007  3.160  -31.811 0.5714285970
84235  30.290  4.258  -33.059 0.5714285970
85134  29.276  5.003  -33.005 0.7142857313
85152  29.720  5.971  -34.431 0.4285714328
85142  30.181  5.173  -34.015 0.2857142985
85151  30.444  5.403  -34.837 0.2857142985
126743  29.528  6.639  -35.114 0.1428571492
148621  29.351  7.122  -35.538 0.1428571492
87794  29.150  8.057  -36.399 0.1428571492
88651  26.505  9.776  -36.239 0.2857142985
87825  29.112  8.176  -37.140 0.1428571492
88668  27.476  9.749  -37.113 0.1428571492
89483  26.856  10.163  -36.855 0.1428571492
89503  26.297  10.700  -37.381 0.1428571492
89522  26.502  10.686  -39.155 0.1428571492
90329  25.879  11.340  -38.721 0.1428571492
90345  25.983  11.195  -40.007 0.1428571492
82519  30.987  2.046  -31.976 0.4285714328
83377  30.990  3.093  -32.951 0.4285714328
83387  30.739  3.777  -33.337 0.4285714328
84243  30.485  4.442  -33.701 0.4285714328
84244  29.918  4.805  -33.324 0.5714285970
85143  29.482  5.501  -33.612 0.5714285970
56454  18.029  -23.815  -19.575 0.1428571492
56485  19.508  -23.497  -21.711 0.4285714328
57375  18.349  -22.794  -20.521 0.2857142985
53540  17.866  -27.312  -21.856 0.1428571492
52503  17.916  -28.290  -21.658 0.1428571492
64224  26.230  -16.128  -27.323 0.7142857313
67166  29.036  -13.034  -27.542 0.8571428657
67153  27.778  -13.706  -27.820 0.8571428657
69184  30.572  -11.187  -27.979 0.5714285970
148640  30.486  -9.422  -29.264 0.5714285970
141369  32.055  -6.756  -29.350 0.2857142985
72951  32.999  -7.853  -28.606 0.1428571492
72023  31.132  -8.193  -29.355 0.1428571492
75998  31.725  -4.264  -30.082 0.5714285970
74966  30.097  -5.708  -30.505 0.8571428657
133733  30.060  -3.007  -30.414 0.8571428657
79793  29.414  -1.090  -30.585 0.8571428657
77943  29.818  -1.752  -30.608 0.8571428657
77944  27.637  -2.511  -31.500 0.8571428657
79773  29.041  -0.314  -30.450 0.8571428657
81641  29.148  1.695  -31.320 0.8571428657
86043  29.725  6.688  -36.474 0.1428571492
87777  28.478  7.824  -35.233 0.5714285970
86022  27.683  7.022  -34.144 0.5714285970
129339  28.544  7.846  -38.730 0.1428571492
87796  27.592  8.814  -35.753 0.4285714328
88649  27.860  9.232  -36.741 0.1428571492
88683  27.330  9.414  -39.669 0.1428571492
87835  28.168  8.561  -38.877 0.1428571492
87813  28.460  8.681  -36.766 0.1428571492
88650  27.347  9.469  -36.337 0.1428571492
89521  27.076  10.335  -38.485 0.1428571492
139309  30.328  2.357  -31.712 0.5714285970
55544  18.412  -25.449  -22.786 0.4285714328
126549  22.581  -24.829  -22.593 0.5714285970
89484  25.979  10.382  -36.727 0.1428571492
56511  22.002  -24.365  -23.332 0.5714285970
57431  21.061  -23.382  -24.629 0.5714285970
58346  20.873  -22.751  -24.892 0.2857142985
58332  22.895  -22.724  -23.877 0.5714285970
132997  21.865  -22.227  -25.319 0.5714285970
57432  20.443  -23.484  -24.235 0.4285714328
57430  21.949  -23.099  -24.270 0.5714285970
126807  20.548  -21.913  -24.975 0.2857142985
59364  21.205  -22.132  -25.338 0.4285714328
59349  23.816  -21.708  -24.062 0.4285714328
59372  23.082  -21.327  -25.482 0.5714285970
59373  22.253  -21.615  -25.754 0.5714285970
60294  21.714  -21.094  -26.176 0.4285714328
60291  24.199  -20.256  -25.354 0.5714285970
61187  23.792  -19.994  -26.129 0.5714285970
62198  23.758  -19.110  -27.261 0.4285714328
61186  24.486  -19.532  -25.659 0.4285714328
142989  21.621  -21.730  -25.655 0.4285714328
59374  21.017  -21.422  -25.539 0.2857142985
60281  20.248  -20.985  -25.041 0.2857142985
60293  22.653  -21.021  -26.195 0.4285714328
63191  24.690  -17.905  -27.447 0.7142857313
64226  24.457  -17.311  -28.327 0.4285714328
64239  25.209  -16.653  -28.274 0.7142857313
64240  24.522  -16.539  -28.918 0.5714285970
65221  25.321  -15.880  -28.849 0.7142857313
65222  24.552  -15.910  -29.342 0.2857142985
62196  25.106  -18.109  -26.426 0.5714285970
63208  25.132  -17.184  -27.709 0.7142857313
65220  26.111  -15.333  -28.367 0.7142857313
66162  25.368  -14.607  -29.941 0.7142857313
67182  26.372  -13.636  -29.901 0.7142857313
67198  25.519  -13.400  -30.863 0.7142857313
67184  25.108  -14.008  -30.470 0.4285714328
68209  25.224  -12.652  -31.459 0.4285714328
65201  26.466  -15.524  -27.548 0.5714285970
65202  25.904  -16.083  -28.027 0.5714285970
66132  26.701  -14.778  -27.837 0.5714285970
67169  26.698  -13.853  -29.048 0.5714285970
68191  26.641  -13.005  -30.397 0.7142857313
68207  26.850  -12.282  -31.115 0.7142857313
69219  27.324  -11.434  -31.327 0.7142857313
69220  25.946  -12.179  -31.706 0.7142857313
69231  25.628  -11.330  -32.109 0.5714285970
127163  26.377  -10.295  -32.042 0.5714285970
68174  28.392  -12.257  -28.692 0.7142857313
67181  26.943  -13.074  -29.400 0.5714285970
68190  28.007  -11.750  -29.978 0.7142857313
144627  27.397  -12.413  -29.983 0.7142857313
70191  27.824  -10.610  -31.370 0.8571428657
68219  25.240  -11.950  -31.984 0.4285714328
71114  28.038  -9.834  -31.557 0.7142857313
71131  26.575  -9.578  -32.252 0.7142857313
71130  27.580  -9.283  -31.838 0.7142857313
72052  26.990  -8.896  -32.157 0.7142857313
143178  27.995  -12.145  -29.360 0.5714285970
147349  27.543  -11.849  -30.650 0.7142857313
71113  28.444  -10.054  -31.170 0.8571428657
148248  28.169  -9.326  -31.538 0.8571428657
72051  27.595  -8.394  -31.895 0.7142857313
73018  25.939  -8.153  -32.284 0.5714285970
73995  26.138  -6.504  -32.290 0.2857142985
71102  28.968  -9.827  -30.640 0.7142857313
72050  28.318  -8.686  -31.533 0.7142857313
76029  26.557  -4.857  -32.182 0.7142857313
72039  28.931  -8.673  -31.023 0.7142857313
73003  27.335  -7.483  -31.796 0.8571428657
126125  27.716  -4.076  -31.563 0.8571428657
73980  27.937  -6.635  -31.551 0.8571428657
74987  26.817  -5.713  -32.060 0.5714285970
132820  27.420  -5.002  -31.755 0.8571428657
76028  26.938  -4.110  -31.897 0.8571428657
126492  26.260  -4.068  -32.435 0.7142857313
76965  26.572  -3.332  -32.190 0.8571428657
76964  27.297  -3.316  -31.744 0.8571428657
77945  26.895  -2.556  -31.980 0.8571428657
77956  26.145  -2.611  -32.410 0.7142857313
81653  26.783  0.932  -31.907 0.7142857313
80741  26.227  0.564  -32.441 0.7142857313
82536  27.139  1.879  -31.941 0.5714285970
80742  25.709  0.900  -32.841 0.7142857313
81654  26.194  1.453  -32.521 0.7142857313
143132  27.292  2.972  -32.233 0.7142857313
84239  27.190  3.973  -32.701 0.8571428657
137668  26.376  3.947  -33.214 0.7142857313
82544  25.886  2.615  -33.245 0.7142857313
84247  25.776  4.408  -33.770 0.7142857313
85154  25.565  5.158  -34.365 0.7142857313
134881  25.180  3.838  -34.163 0.5714285970
84246  26.728  4.656  -33.275 0.7142857313
85147  26.282  5.155  -33.706 0.7142857313
84252  24.853  4.442  -34.773 0.5714285970
85153  26.272  5.830  -34.068 0.4285714328
131872  25.360  5.872  -34.701 0.5714285970
85155  24.717  5.190  -35.267 0.5714285970
85146  27.143  5.564  -33.457 0.5714285970
84253  23.869  4.017  -35.406 0.5714285970
86023  26.060  6.669  -34.434 0.5714285970
86024  25.044  6.466  -34.922 0.5714285970
86025  24.482  5.849  -35.520 0.5714285970
138189  24.105  4.709  -35.715 0.4285714328
84258  23.178  4.722  -36.201 0.5714285970
86032  23.540  5.849  -36.270 0.5714285970
85161  23.840  5.229  -36.125 0.5714285970
86908  25.208  7.223  -34.961 0.5714285970
84260  22.306  4.499  -35.979 0.4285714328
138423  21.796  3.122  -35.602 0.4285714328
85162  22.960  5.473  -36.435 0.5714285970
86034  22.280  6.111  -36.022 0.4285714328
62182  26.303  -18.127  -25.163 0.2857142985
67168  27.368  -13.377  -28.579 0.5714285970
86033  22.644  6.143  -36.552 0.2857142985
123920  22.541  5.717  -36.361 0.4285714328
85156  21.782  5.614  -35.014 0.2857142985
56512  20.863  -24.692  -23.938 0.5714285970
56513  19.831  -24.950  -23.911 0.5714285970
124564  23.502  -23.070  -23.375 0.2857142985
57418  22.628  -23.557  -23.497 0.4285714328
58331  23.849  -22.322  -23.625 0.2857142985
59362  23.478  -21.514  -24.679 0.5714285970
146950  20.452  -22.937  -24.345 0.2857142985
60309  23.094  -20.395  -26.538 0.4285714328
61202  23.397  -19.731  -26.862 0.5714285970
60295  20.814  -20.390  -25.711 0.2857142985
60311  21.540  -20.103  -26.401 0.2857142985
62216  24.106  -18.546  -27.586 0.5714285970
64198  27.543  -16.479  -25.755 0.2857142985
65223  23.769  -16.167  -29.331 0.2857142985
65238  24.971  -15.317  -29.601 0.7142857313
73002  28.196  -7.695  -31.642 0.8571428657
73981  27.038  -6.581  -31.878 0.7142857313
79811  27.018  -0.389  -31.864 0.7142857313
80740  26.679  0.220  -31.995 0.7142857313
139656  26.305  -0.311  -32.429 0.7142857313
83388  25.720  3.414  -33.582 0.7142857313
83395  24.603  3.738  -34.671 0.5714285970
86017  27.039  6.481  -33.879 0.5714285970
86031  24.253  6.494  -35.641 0.5714285970
130769  23.316  6.480  -36.527 0.2857142985
62199  22.828  -19.287  -27.391 0.4285714328
66146  27.068  -14.117  -28.233 0.7142857313
64225  25.688  -16.629  -27.477 0.5714285970
69186  28.521  -11.676  -29.256 0.7142857313
70190  28.468  -10.525  -30.622 0.7142857313
69201  28.487  -11.065  -29.884 0.7142857313
74985  28.107  -5.627  -31.480 0.7142857313
140726  24.751  -18.804  -25.997 0.5714285970
78876  26.472  -1.838  -32.237 0.7142857313
57419  21.433  -23.860  -24.074 0.4285714328
145198  21.358  -22.509  -25.207 0.5714285970
58345  21.512  -22.759  -24.950 0.4285714328
57420  20.507  -24.112  -24.203 0.5714285970
58343  23.187  -22.088  -24.287 0.5714285970
58344  22.350  -22.486  -24.654 0.5714285970
59363  22.699  -21.878  -25.028 0.5714285970
57421  19.592  -24.166  -23.715 0.5714285970
60280  23.833  -20.912  -25.025 0.5714285970
60292  23.455  -20.669  -25.807 0.5714285970
60310  22.314  -20.449  -26.625 0.4285714328
61201  24.129  -19.342  -26.503 0.5714285970
62197  24.448  -18.672  -26.905 0.5714285970
64241  23.831  -16.965  -28.848 0.4285714328
63209  23.986  -18.075  -28.133 0.4285714328
66148  25.732  -15.048  -29.198 0.7142857313
66147  26.409  -14.587  -28.703 0.7142857313
66161  26.094  -14.345  -29.567 0.7142857313
67197  26.090  -13.461  -30.627 0.7142857313
134141  26.503  -11.519  -31.730 0.7142857313
70210  26.191  -10.871  -31.957 0.7142857313
69218  27.995  -11.250  -30.693 0.5714285970
70209  27.255  -10.108  -31.879 0.7142857313
70225  25.332  -10.139  -32.582 0.2857142985
128942  25.783  -7.390  -32.376 0.5714285970
73996  25.282  -6.959  -32.791 0.2857142985
74986  27.490  -5.893  -31.757 0.8571428657
82537  26.430  2.374  -32.585 0.7142857313
83381  26.457  3.236  -32.872 0.7142857313
85163  22.308  5.246  -36.185 0.4285714328
61204  21.228  -19.124  -26.619 0.1428571492
55526  24.240  -25.808  -21.801 0.1428571492
145458  24.046  -25.041  -22.155 0.1428571492
56499  24.359  -24.414  -22.363 0.1428571492
60278  25.342  -20.280  -24.247 0.1428571492
61173  25.763  -19.459  -24.541 0.1428571492
57406  24.794  -23.652  -22.560 0.1428571492
55541  24.796  -25.153  -22.062 0.1428571492
60277  26.181  -20.139  -23.983 0.1428571492
59347  25.303  -21.583  -23.506 0.1428571492
58319  25.252  -22.905  -22.815 0.1428571492
62171  26.509  -18.905  -24.632 0.1428571492
65173  28.081  -15.935  -25.940 0.2857142985
65186  28.506  -15.291  -26.263 0.1428571492
78875  26.822  -1.084  -32.187 0.5714285970
91111  24.188  12.650  -41.244 0.1428571492
77963  25.384  -2.664  -32.878 0.4285714328
126445  23.232  13.142  -40.815 0.1428571492
90312  25.698  11.293  -37.832 0.1428571492
139583  25.577  -0.501  -32.917 0.4285714328
79812  25.693  0.228  -32.912 0.5714285970
80754  25.264  0.768  -33.409 0.4285714328
136695  22.475  9.329  -38.071 0.2857142985
87815  23.627  8.283  -36.706 0.2857142985
137958  24.982  7.838  -35.352 0.2857142985
88631  24.730  9.026  -35.847 0.2857142985
79832  22.788  0.156  -35.301 0.1428571492
81662  24.894  1.457  -33.974 0.5714285970
128968  25.382  2.681  -33.759 0.5714285970
87816  22.584  7.556  -37.562 0.2857142985
86907  26.410  7.555  -34.583 0.4285714328
81672  23.780  1.171  -34.239 0.4285714328
140363  24.391  2.639  -34.547 0.5714285970
86916  23.176  7.110  -36.977 0.2857142985
135942  23.387  2.147  -34.960 0.4285714328
82560  23.043  2.617  -35.402 0.2857142985
145664  22.525  6.624  -37.097 0.1428571492
82561  22.285  2.521  -35.600 0.1428571492
83402  22.579  3.216  -35.694 0.4285714328
86044  21.822  6.711  -36.915 0.1428571492
86927  22.027  7.110  -37.705 0.1428571492
86937  21.234  7.791  -38.308 0.1428571492
86026  22.103  6.313  -34.845 0.1428571492
86928  21.397  7.545  -37.564 0.1428571492
148335  21.747  6.917  -35.750 0.1428571492
134818  21.589  7.265  -36.611 0.1428571492
87783  21.970  7.646  -35.887 0.1428571492
123677  19.178  -23.225  -22.328 0.4285714328
58320  18.927  -22.430  -22.280 0.2857142985
54516  24.067  -26.665  -21.558 0.1428571492
58329  25.673  -22.230  -23.117 0.1428571492
144849  25.302  -1.207  -32.980 0.2857142985
86016  28.045  6.229  -33.660 0.4285714328
88630  25.954  9.338  -35.615 0.2857142985
87827  21.755  7.777  -38.194 0.2857142985
88653  24.183  9.376  -36.650 0.2857142985
87829  20.776  8.021  -38.531 0.2857142985
58321  18.679  -21.798  -22.034 0.2857142985
51551  18.393  -29.214  -21.610 0.1428571492
127653  17.887  -29.690  -21.263 0.1428571492
53539  22.965  -27.334  -21.840 0.1428571492
53538  23.807  -27.375  -21.586 0.1428571492
62181  27.096  -17.631  -25.171 0.1428571492
81686  22.763  1.963  -35.270 0.1428571492
78877  25.724  -1.916  -32.670 0.4285714328
125416  23.227  0.822  -35.031 0.2857142985
83396  24.146  3.244  -34.858 0.5714285970
88669  21.625  8.544  -38.537 0.2857142985
89486  23.589  9.825  -37.378 0.2857142985
88652  25.404  9.812  -36.201 0.2857142985
89506  22.830  10.251  -38.099 0.2857142985
90314  23.462  11.282  -38.115 0.1428571492
90332  22.625  11.674  -38.732 0.1428571492
90330  25.034  11.706  -38.409 0.1428571492
87817  20.730  8.016  -37.747 0.2857142985
87828  21.068  8.084  -38.751 0.2857142985
90313  24.732  11.418  -37.794 0.1428571492
91080  24.439  12.225  -39.054 0.1428571492
89504  25.389  10.880  -37.283 0.1428571492
146384  29.554  -14.611  -26.429 0.2857142985
88629  26.911  9.243  -35.679 0.4285714328
89507  21.546  9.447  -38.708 0.2857142985
89485  24.835  10.338  -36.771 0.1428571492
147103  18.831  -23.972  -22.935 0.4285714328
137846  27.361  -16.007  -26.210 0.4285714328
130861  26.937  7.136  -34.239 0.4285714328
87797  26.438  8.752  -35.263 0.2857142985
124997  25.072  0.027  -33.377 0.4285714328
81655  25.546  1.438  -33.243 0.5714285970
82545  25.449  2.056  -33.628 0.5714285970
83389  24.905  3.116  -34.218 0.5714285970
87780  25.907  8.084  -34.980 0.2857142985
78885  26.047  -1.141  -32.563 0.5714285970
86915  24.107  7.213  -35.762 0.2857142985
60265  25.765  -20.876  -23.738 0.1428571492
56498  25.366  -24.473  -22.294 0.1428571492
139823  26.583  -19.565  -24.273 0.1428571492
144466  24.966  -0.621  -33.299 0.2857142985
88654  22.829  8.612  -37.607 0.2857142985
87799  24.294  8.059  -35.879 0.2857142985
87798  25.404  8.560  -35.401 0.2857142985
80767  23.638  0.324  -34.495 0.2857142985
82551  24.120  1.969  -34.556 0.4285714328
81673  23.301  1.532  -34.907 0.2857142985
82546  24.921  2.273  -34.172 0.5714285970
82552  23.750  2.646  -34.956 0.5714285970
83397  23.376  3.281  -35.432 0.4285714328
58309  18.545  -22.168  -21.565 0.2857142985
61172  27.430  -19.317  -24.353 0.1428571492
78886  24.974  -1.913  -33.166 0.2857142985
89505  24.225  10.795  -37.442 0.2857142985
90331  23.994  11.935  -38.344 0.1428571492
70211  25.700  -10.539  -32.245 0.4285714328
73019  25.310  -7.934  -32.656 0.2857142985
89488  20.817  10.188  -38.125 0.1428571492
88670  21.102  8.983  -38.980 0.1428571492
87800  22.392  8.518  -35.947 0.1428571492
90303  21.922  10.813  -37.060 0.1428571492
139077  20.510  9.137  -38.117 0.1428571492
89524  20.895  9.677  -38.982 0.1428571492
88633  22.222  9.261  -36.477 0.1428571492
88655  20.949  8.691  -37.464 0.1428571492
89473  22.500  10.219  -36.571 0.1428571492
147245  21.315  10.966  -37.745 0.1428571492
88656  20.553  8.395  -37.911 0.1428571492
89487  21.418  9.749  -37.329 0.1428571492
89471  23.646  11.008  -35.374 0.1428571492
72064  26.281  -8.890  -32.502 0.2857142985
89472  23.113  10.209  -35.783 0.1428571492
90302  22.539  11.702  -36.438 0.1428571492
90315  20.962  11.094  -38.427 0.1428571492
60279  24.565  -20.561  -24.610 0.2857142985
87837  20.845  8.340  -38.739 0.1428571492
89508  20.752  10.125  -38.827 0.1428571492
90333  20.740  10.772  -39.119 0.1428571492
90289  22.901  10.981  -36.079 0.1428571492
89463  23.734  10.247  -35.025 0.1428571492
59361  24.212  -21.235  -24.357 0.4285714328
55552  19.192  -25.794  -23.592 0.4285714328
54544  19.596  -26.468  -23.423 0.2857142985
55551  20.396  -25.636  -23.646 0.2857142985
54543  21.353  -25.812  -22.874 0.2857142985
55553  18.302  -25.968  -23.105 0.2857142985
56514  18.743  -25.089  -23.360 0.4285714328
54532  21.557  -26.462  -22.485 0.1428571492
140970  20.653  -26.341  -23.138 0.1428571492
53562  18.614  -27.084  -22.776 0.1428571492
55543  21.594  -25.142  -23.040 0.2857142985
80755  24.459  0.588  -33.835 0.2857142985
145462  18.684  -26.425  -23.205 0.2857142985
122331  18.792  -24.174  -23.154 0.2857142985
57409  19.073  -23.233  -22.719 0.2857142985
132391  19.318  -23.371  -23.310 0.2857142985
62217  23.404  -18.568  -27.741 0.2857142985
63225  23.339  -17.198  -28.525 0.2857142985
66163  24.600  -14.649  -30.066 0.1428571492
66175  24.542  -13.901  -30.460 0.1428571492
67199  24.816  -13.301  -30.888 0.2857142985
73020  24.733  -7.589  -32.985 0.1428571492
74011  24.931  -6.199  -32.980 0.1428571492
76030  25.819  -4.740  -32.623 0.1428571492
75010  24.582  -5.487  -33.236 0.1428571492
132070  25.601  -4.042  -32.780 0.1428571492
147364  24.380  -4.058  -33.399 0.1428571492
78896  23.718  -1.122  -34.010 0.1428571492
79821  24.247  -0.342  -33.863 0.1428571492
79831  23.339  -0.471  -34.644 0.1428571492
84259  22.873  3.961  -35.789 0.1428571492
144408  21.316  3.737  -35.024 0.1428571492
85157  21.676  4.898  -35.410 0.1428571492
57391  18.894  -22.637  -21.886 0.2857142985
55554  18.289  -25.563  -22.959 0.1428571492
76976  25.838  -3.365  -32.631 0.2857142985
76985  24.078  -3.356  -33.507 0.1428571492
57392  18.585  -22.449  -21.093 0.2857142985
133001  22.753  -19.955  -26.926 0.2857142985
62218  22.478  -18.342  -27.645 0.2857142985
63210  23.139  -17.770  -28.135 0.2857142985
68210  24.396  -12.658  -31.248 0.1428571492
70212  25.164  -10.838  -32.612 0.1428571492
71151  25.046  -9.710  -32.778 0.1428571492
71150  25.658  -9.468  -32.652 0.1428571492
72081  24.250  -8.020  -32.946 0.1428571492
73997  24.675  -6.885  -33.174 0.1428571492
132692  24.269  -6.317  -33.344 0.1428571492
75011  23.805  -5.624  -33.612 0.1428571492
77964  24.541  -2.638  -33.293 0.1428571492
134768  22.936  -1.189  -34.571 0.1428571492
83403  22.150  3.807  -35.650 0.1428571492
74997  26.054  -5.545  -32.434 0.1428571492
62200  21.883  -18.865  -27.243 0.1428571492
76984  25.004  -3.522  -33.101 0.1428571492
139620  24.552  -1.159  -33.461 0.1428571492
124792  19.144  -22.729  -22.840 0.2857142985
63226  22.745  -17.111  -28.310 0.1428571492
76039  25.001  -4.570  -33.085 0.1428571492
73029  24.173  -7.143  -33.332 0.1428571492
58310  18.361  -21.776  -21.322 0.1428571492
60237  18.130  -21.439  -20.828 0.1428571492
59332  18.604  -21.284  -21.804 0.1428571492
58333  19.590  -22.321  -23.412 0.1428571492
126350  29.910  -13.171  -26.969 0.1428571492
67141  29.696  -14.059  -26.594 0.1428571492
137609  31.367  2.589  -33.323 0.1428571492
59339  18.882  -21.221  -22.485 0.1428571492
147607  19.815  -23.567  -23.814 0.1428571492
59338  19.115  -21.975  -22.669 0.1428571492
58347  20.229  -22.417  -24.283 0.1428571492
81652  31.492  1.572  -32.469 0.1428571492
83386  31.259  3.157  -33.805 0.1428571492
80739  31.778  0.793  -32.222 0.1428571492
60312  20.876  -19.600  -26.083 0.1428571492
58290  18.019  -22.184  -20.733 0.1428571492
59333  18.333  -21.486  -21.221 0.1428571492
50553  18.264  -30.772  -21.221 0.1428571492
54517  23.368  -26.797  -21.680 0.2857142985
54533  17.875  -26.890  -22.041 0.1428571492
56501  18.473  -24.802  -23.018 0.2857142985
57408  22.897  -24.201  -22.919 0.5714285970
57433  20.029  -23.014  -23.858 0.1428571492
61203  22.111  -19.685  -26.932 0.1428571492
63173  26.421  -17.425  -25.532 0.7142857313
63188  26.923  -16.952  -25.604 0.7142857313
66118  28.903  -14.509  -26.605 0.1428571492
66130  28.256  -14.079  -27.197 0.7142857313
67140  30.592  -13.840  -26.542 0.1428571492
67183  25.732  -13.950  -30.297 0.7142857313
68208  26.100  -12.968  -31.207 0.7142857313
69173  30.108  -11.885  -27.814 0.7142857313
69232  24.950  -11.504  -32.383 0.1428571492
70175  29.638  -10.349  -29.299 0.7142857313
70192  27.002  -10.883  -31.909 0.7142857313
70226  24.894  -10.336  -32.795 0.1428571492
71087  32.359  -9.518  -28.291 0.1428571492
71132  25.850  -9.972  -32.296 0.2857142985
72001  33.517  -8.670  -28.632 0.1428571492
72003  31.636  -8.620  -28.812 0.1428571492
72065  25.541  -8.750  -32.724 0.2857142985
73947  32.852  -6.437  -29.386 0.1428571492
73948  30.522  -6.674  -30.120 0.8571428657
73964  29.838  -6.561  -30.582 0.8571428657
73966  28.727  -7.052  -31.292 0.8571428657
74964  33.914  -5.135  -29.942 0.1428571492
74998  25.330  -5.430  -32.818 0.1428571492
75982  33.112  -4.971  -29.779 0.1428571492
75999  30.147  -4.979  -30.405 0.8571428657
76944  32.910  -3.398  -30.552 0.1428571492
76945  31.247  -3.619  -30.284 0.4285714328
78842  31.461  -1.257  -30.609 0.1428571492
78856  28.849  -1.801  -30.808 0.8571428657
79772  31.337  -0.548  -30.794 0.2857142985
80711  31.107  0.126  -31.034 0.2857142985
80726  30.821  0.871  -31.207 0.2857142985
82534  31.253  2.357  -32.675 0.1428571492
82535  30.630  2.780  -32.261 0.4285714328
82538  25.841  1.997  -33.004 0.5714285970
83363  29.175  3.218  -31.728 0.7142857313
83364  28.271  3.132  -31.882 0.8571428657
83378  30.324  3.664  -32.533 0.5714285970
86030  29.714  6.657  -35.783 0.1428571492
86042  30.276  6.160  -36.114 0.1428571492
86904  28.903  7.194  -34.996 0.1428571492
86905  28.146  7.519  -34.650 0.5714285970
86926  29.435  7.306  -36.115 0.1428571492
86929  20.780  7.865  -38.179 0.2857142985
87779  26.902  8.247  -34.880 0.5714285970
87818  20.630  7.971  -37.954 0.1428571492
88667  28.045  9.218  -37.411 0.1428571492
88671  20.567  8.404  -38.429 0.1428571492
88678  20.708  9.053  -38.702 0.1428571492
91096  23.796  12.641  -39.899 0.1428571492
122485  30.854  -2.948  -30.414 0.8571428657
126039  25.158  -9.145  -32.808 0.1428571492
129447  26.739  -8.228  -32.031 0.5714285970
129684  28.816  -7.934  -31.114 0.8571428657
130461  22.388  7.547  -35.112 0.1428571492
130517  26.460  -7.394  -32.016 0.8571428657
130855  32.105  -6.214  -29.461 0.2857142985
131933  25.545  -6.116  -32.639 0.1428571492
133007  29.736  -11.427  -28.333 0.7142857313
134923  23.775  -17.523  -28.485 0.4285714328
139289  28.342  -3.979  -31.251 0.8571428657
140849  28.014  -0.888  -31.220 0.8571428657
141470  30.744  -0.252  -30.703 0.7142857313
141701  29.944  1.873  -31.423 0.8571428657
143482  27.372  9.757  -38.896 0.1428571492
143750  30.615  -5.212  -30.250 0.8571428657
144263  23.433  -27.959  -21.728 0.1428571492
147819  20.587  9.591  -38.464 0.1428571492
