#!ascii label  , from subject chris_t1_3 vox2ras=TkReg
1243
90081  -40.036  10.932  10.451 0.0000000000
127436  -47.638  5.790  -2.138 0.0000000000
123739  -47.474  15.784  7.843 0.0000000000
125388  -46.338  7.278  6.048 0.0000000000
87539  -46.589  8.620  15.509 0.0000000000
91693  -42.484  13.388  -0.874 0.0000000000
95936  -48.003  19.316  -2.970 0.0000000000
136405  -42.280  24.062  1.515 0.0000000000
92330  -39.634  14.236  19.084 0.0000000000
87601  -41.991  8.745  7.469 0.0000000000
147646  -43.872  10.423  2.790 0.0000000000
91667  -40.509  13.603  4.393 0.0000000000
95867  -51.621  19.089  6.813 0.0000000000
140211  -50.420  15.604  2.775 0.0000000000
95256  -47.966  18.800  4.226 0.0000000000
96584  -44.850  20.706  0.326 0.0000000000
99217  -46.814  24.495  2.570 0.0000000000
85905  -45.834  6.954  -4.665 0.0000000000
134626  -39.861  14.847  11.038 0.0000000000
146375  -43.050  14.405  8.817 0.0000000000
86733  -52.081  8.018  7.774 0.0000000000
85769  -47.334  6.791  10.491 0.0000000000
85744  -41.154  6.419  12.308 0.0000000000
141908  -40.310  9.733  16.567 0.0000000000
88566  -46.327  9.627  -2.619 0.0000000000
90177  -46.027  11.993  -6.655 0.0000000000
93996  -44.411  16.487  3.577 0.0000000000
94058  -45.830  16.648  -1.900 0.0000000000
93316  -44.482  15.807  -7.053 0.0000000000
94716  -42.171  17.605  -3.059 0.0000000000
95287  -40.913  17.972  0.327 0.0000000000
88456  -39.834  9.424  8.485 0.0000000000
89322  -41.133  10.827  5.546 0.0000000000
90838  -39.668  12.338  7.167 0.0000000000
97252  -50.586  21.528  6.003 0.0000000000
95871  -50.525  19.624  5.347 0.0000000000
97900  -50.151  21.819  4.174 0.0000000000
97899  -47.179  21.786  3.889 0.0000000000
84943  -46.878  6.131  -3.722 0.0000000000
93936  -38.575  16.575  10.556 0.0000000000
128519  -41.345  16.093  10.387 0.0000000000
86660  -47.347  7.500  13.472 0.0000000000
145783  -43.968  7.285  11.131 0.0000000000
86656  -44.252  7.273  13.754 0.0000000000
90020  -40.235  12.307  17.264 0.0000000000
90056  -35.559  11.823  14.127 0.0000000000
90811  -35.796  12.768  11.816 0.0000000000
91620  -34.288  13.466  13.187 0.0000000000
86777  -46.673  7.239  3.164 0.0000000000
90128  -42.263  11.418  1.240 0.0000000000
139681  -44.423  9.814  0.638 0.0000000000
134282  -43.203  11.451  -1.913 0.0000000000
89399  -45.242  10.862  -4.123 0.0000000000
90908  -43.663  12.896  -3.655 0.0000000000
93182  -45.058  15.041  8.469 0.0000000000
93971  -43.207  16.021  5.473 0.0000000000
93973  -45.417  16.265  5.540 0.0000000000
94691  -50.462  16.967  -0.545 0.0000000000
94035  -48.965  16.250  -0.220 0.0000000000
94718  -48.577  17.899  -3.356 0.0000000000
94084  -46.312  16.736  -5.964 0.0000000000
95334  -46.115  18.494  -5.761 0.0000000000
94082  -43.522  17.207  -5.352 0.0000000000
95314  -44.930  18.692  -3.496 0.0000000000
97292  -43.497  21.804  1.611 0.0000000000
95911  -42.788  19.465  0.558 0.0000000000
133025  -42.056  21.126  1.265 0.0000000000
95901  -40.108  19.479  2.061 0.0000000000
143776  -40.564  22.405  1.036 0.0000000000
87604  -44.757  8.787  7.239 0.0000000000
88500  -45.345  9.402  4.198 0.0000000000
145432  -43.399  10.251  5.064 0.0000000000
90115  -41.545  11.916  3.391 0.0000000000
91678  -41.430  13.809  2.081 0.0000000000
93954  -49.496  17.170  7.347 0.0000000000
93215  -49.108  15.821  5.550 0.0000000000
94644  -51.065  16.909  5.130 0.0000000000
94659  -49.468  17.267  3.424 0.0000000000
95283  -47.612  18.113  1.486 0.0000000000
95920  -46.002  19.872  -0.894 0.0000000000
95889  -45.827  20.000  2.838 0.0000000000
97908  -44.759  22.101  3.138 0.0000000000
146873  -44.486  24.313  2.723 0.0000000000
86839  -44.405  7.774  -4.577 0.0000000000
90079  -40.484  11.850  11.318 0.0000000000
123618  -41.114  13.252  9.294 0.0000000000
141382  -42.653  13.695  11.218 0.0000000000
92393  -44.393  14.922  10.469 0.0000000000
140960  -45.739  16.703  8.945 0.0000000000
95224  -45.166  18.645  7.931 0.0000000000
94627  -47.644  17.548  8.294 0.0000000000
85819  -49.114  6.318  6.657 0.0000000000
124836  -49.409  6.494  9.331 0.0000000000
86717  -46.346  7.268  8.360 0.0000000000
86702  -44.487  7.650  9.464 0.0000000000
86699  -41.382  7.333  9.334 0.0000000000
89248  -46.357  10.382  17.048 0.0000000000
90751  -42.739  13.293  18.693 0.0000000000
89232  -43.286  11.081  17.431 0.0000000000
87536  -43.949  8.399  15.878 0.0000000000
86643  -40.832  7.304  14.769 0.0000000000
89290  -39.051  10.196  11.673 0.0000000000
87718  -49.424  8.206  -1.767 0.0000000000
88521  -46.080  9.199  1.975 0.0000000000
88547  -46.491  9.256  -0.726 0.0000000000
87725  -47.938  7.936  -3.353 0.0000000000
88575  -47.105  9.021  -4.526 0.0000000000
128582  -46.165  9.235  -5.895 0.0000000000
89416  -45.278  10.827  -7.066 0.0000000000
92413  -41.154  14.800  6.391 0.0000000000
93232  -41.700  15.291  3.595 0.0000000000
134791  -43.376  15.542  1.040 0.0000000000
94009  -46.855  16.213  2.653 0.0000000000
94032  -45.629  16.314  0.286 0.0000000000
93283  -44.103  15.547  -1.469 0.0000000000
136368  -44.606  15.041  -4.908 0.0000000000
92495  -46.193  14.507  -8.107 0.0000000000
90924  -43.665  12.334  -6.275 0.0000000000
95923  -44.270  18.950  -1.381 0.0000000000
94697  -40.960  17.650  -1.499 0.0000000000
94042  -39.014  16.787  -1.084 0.0000000000
94684  -38.493  17.076  0.309 0.0000000000
146963  -38.506  18.037  2.197 0.0000000000
88455  -39.551  9.858  9.164 0.0000000000
89305  -39.599  10.858  7.516 0.0000000000
90086  -39.662  11.561  8.727 0.0000000000
147431  -50.336  21.841  4.471 0.0000000000
131281  -49.344  22.855  3.694 0.0000000000
84934  -47.204  5.766  -2.995 0.0000000000
86650  -47.075  7.782  14.150 0.0000000000
86658  -45.857  7.497  13.764 0.0000000000
145756  -45.842  7.710  14.398 0.0000000000
90797  -35.967  12.139  14.866 0.0000000000
90803  -35.175  12.372  13.662 0.0000000000
129414  -47.240  6.552  5.087 0.0000000000
85843  -46.310  6.789  4.073 0.0000000000
149722  -42.171  12.237  0.061 0.0000000000
90142  -42.714  11.197  -0.512 0.0000000000
90892  -42.554  12.571  -1.186 0.0000000000
90157  -43.217  12.059  -2.449 0.0000000000
90901  -42.780  12.749  -2.033 0.0000000000
123419  -46.708  15.565  7.857 0.0000000000
132948  -45.200  15.670  6.998 0.0000000000
93200  -46.590  15.702  6.828 0.0000000000
95300  -49.676  18.036  -1.177 0.0000000000
94710  -49.855  17.554  -2.054 0.0000000000
94729  -48.708  18.437  -3.363 0.0000000000
94737  -47.449  18.350  -4.854 0.0000000000
95949  -47.136  19.192  -4.773 0.0000000000
95315  -45.374  18.831  -4.362 0.0000000000
95935  -46.856  19.469  -2.894 0.0000000000
97933  -43.317  22.814  2.049 0.0000000000
97291  -42.831  21.692  1.401 0.0000000000
127008  -42.004  21.976  1.388 0.0000000000
97290  -41.266  21.461  1.410 0.0000000000
98576  -41.652  23.303  1.233 0.0000000000
148700  -43.422  9.056  6.915 0.0000000000
88477  -44.405  9.529  6.016 0.0000000000
88476  -42.625  9.781  6.175 0.0000000000
90109  -40.798  12.053  4.756 0.0000000000
90104  -41.300  11.254  4.974 0.0000000000
90852  -41.093  12.249  3.979 0.0000000000
90864  -41.472  12.457  2.616 0.0000000000
91672  -40.775  13.510  3.532 0.0000000000
141345  -50.861  18.359  7.629 0.0000000000
93964  -50.469  17.061  6.508 0.0000000000
95243  -51.433  18.123  6.106 0.0000000000
95257  -49.020  18.426  4.613 0.0000000000
95258  -50.114  17.967  5.025 0.0000000000
95268  -48.580  17.999  3.890 0.0000000000
94676  -48.381  17.555  1.997 0.0000000000
95274  -47.549  18.174  2.504 0.0000000000
95273  -46.801  18.677  2.015 0.0000000000
95890  -46.463  19.529  3.253 0.0000000000
98552  -46.792  23.245  3.558 0.0000000000
97270  -46.189  21.558  3.867 0.0000000000
98551  -45.774  23.064  3.615 0.0000000000
139639  -44.489  23.562  2.947 0.0000000000
99216  -45.842  24.669  2.672 0.0000000000
86840  -45.319  7.471  -4.864 0.0000000000
91632  -39.773  13.372  11.361 0.0000000000
90820  -41.449  12.751  11.220 0.0000000000
92389  -41.541  14.045  11.439 0.0000000000
93943  -42.344  16.732  9.860 0.0000000000
93174  -43.129  15.211  10.818 0.0000000000
143396  -44.133  16.229  10.027 0.0000000000
137503  -44.988  16.020  9.811 0.0000000000
94618  -44.431  16.771  9.499 0.0000000000
96533  -45.188  20.413  7.532 0.0000000000
95234  -46.940  18.764  7.838 0.0000000000
95859  -47.442  19.476  7.793 0.0000000000
95849  -49.364  19.540  8.502 0.0000000000
96523  -48.885  20.275  8.546 0.0000000000
86756  -50.426  7.130  5.956 0.0000000000
85809  -50.635  6.875  7.538 0.0000000000
85772  -50.137  7.124  10.889 0.0000000000
85770  -48.214  6.599  10.598 0.0000000000
85793  -47.640  6.525  8.853 0.0000000000
85780  -46.949  6.838  9.549 0.0000000000
141821  -45.848  7.607  8.908 0.0000000000
86690  -45.796  7.463  10.303 0.0000000000
145150  -42.923  6.544  11.921 0.0000000000
85767  -43.227  6.782  10.565 0.0000000000
144257  -41.548  6.622  10.307 0.0000000000
136241  -40.806  14.319  19.057 0.0000000000
89230  -41.433  11.249  17.392 0.0000000000
89243  -41.807  10.418  17.140 0.0000000000
88397  -43.158  9.711  16.787 0.0000000000
87521  -41.575  8.924  16.338 0.0000000000
86633  -42.326  7.706  15.393 0.0000000000
87532  -40.102  8.327  15.775 0.0000000000
90077  -39.059  11.062  11.626 0.0000000000
90076  -37.757  11.367  11.722 0.0000000000
86822  -50.443  8.119  -1.207 0.0000000000
88510  -44.887  9.863  3.679 0.0000000000
88511  -45.385  9.475  3.369 0.0000000000
134420  -44.870  9.870  2.067 0.0000000000
88555  -45.353  9.703  -1.094 0.0000000000
88546  -45.778  9.518  -0.373 0.0000000000
88557  -46.489  9.323  -1.636 0.0000000000
88558  -47.418  8.455  -1.824 0.0000000000
88568  -47.327  8.730  -2.732 0.0000000000
87724  -47.515  8.345  -4.050 0.0000000000
88574  -46.938  9.550  -4.105 0.0000000000
90170  -45.916  11.558  -5.712 0.0000000000
89406  -46.480  10.352  -5.293 0.0000000000
90178  -46.025  11.363  -6.752 0.0000000000
88591  -45.636  10.411  -6.772 0.0000000000
89423  -45.772  11.607  -7.241 0.0000000000
134079  -41.818  13.631  9.314 0.0000000000
130722  -40.721  14.141  7.586 0.0000000000
92404  -41.583  14.753  7.255 0.0000000000
93983  -43.615  16.349  4.752 0.0000000000
93982  -42.626  15.925  4.733 0.0000000000
93234  -42.880  16.011  3.337 0.0000000000
123512  -42.710  15.555  2.266 0.0000000000
93254  -43.419  15.831  1.916 0.0000000000
93226  -50.309  15.692  3.927 0.0000000000
93987  -47.995  16.045  3.939 0.0000000000
93246  -49.431  15.510  2.498 0.0000000000
94060  -47.667  16.836  -1.456 0.0000000000
94033  -46.500  16.335  0.418 0.0000000000
94044  -45.477  16.378  -1.023 0.0000000000
129747  -44.649  15.920  -0.844 0.0000000000
94057  -44.909  16.195  -1.690 0.0000000000
93295  -43.798  15.260  -3.042 0.0000000000
93296  -44.627  15.926  -3.435 0.0000000000
94100  -46.124  16.630  -7.058 0.0000000000
93317  -46.213  15.298  -7.752 0.0000000000
92494  -45.609  14.791  -8.205 0.0000000000
90929  -44.753  12.732  -7.652 0.0000000000
137540  -44.419  14.211  -7.199 0.0000000000
91725  -43.162  13.265  -5.579 0.0000000000
92485  -43.148  14.848  -5.561 0.0000000000
94073  -42.388  16.976  -4.029 0.0000000000
94080  -42.301  16.318  -4.226 0.0000000000
96585  -45.401  20.452  0.344 0.0000000000
124452  -45.551  19.620  -1.293 0.0000000000
95912  -44.450  20.174  -0.188 0.0000000000
95910  -41.925  19.133  0.712 0.0000000000
95289  -42.416  18.585  0.067 0.0000000000
94687  -40.957  17.723  -0.482 0.0000000000
94696  -40.139  17.465  -1.184 0.0000000000
94686  -40.193  17.508  -0.022 0.0000000000
94694  -38.782  16.948  -0.417 0.0000000000
94675  -39.835  17.713  0.859 0.0000000000
96569  -39.698  20.289  2.302 0.0000000000
95900  -39.699  18.789  2.052 0.0000000000
95896  -39.360  19.451  2.454 0.0000000000
95894  -37.893  19.076  3.079 0.0000000000
87600  -41.054  8.974  7.611 0.0000000000
130987  -41.849  9.788  6.365 0.0000000000
88474  -40.176  10.188  7.239 0.0000000000
90096  -40.197  11.519  6.241 0.0000000000
90845  -39.983  12.965  5.796 0.0000000000
96548  -51.377  19.569  6.102 0.0000000000
96558  -50.899  20.143  5.530 0.0000000000
141399  -50.369  20.521  5.113 0.0000000000
139035  -49.015  20.510  4.600 0.0000000000
96555  -47.263  20.571  4.175 0.0000000000
97271  -48.291  21.800  3.810 0.0000000000
98554  -48.649  23.143  3.432 0.0000000000
85899  -46.356  6.511  -4.248 0.0000000000
93170  -39.178  15.748  10.737 0.0000000000
93164  -40.892  14.812  11.071 0.0000000000
93938  -40.548  16.273  10.358 0.0000000000
86681  -47.282  7.228  11.978 0.0000000000
126291  -45.324  7.477  10.941 0.0000000000
86669  -46.137  7.277  12.612 0.0000000000
85737  -44.365  6.992  12.846 0.0000000000
85735  -42.552  6.558  13.421 0.0000000000
139616  -40.251  13.745  17.905 0.0000000000
90034  -38.871  11.701  16.664 0.0000000000
89276  -36.259  10.731  13.265 0.0000000000
90070  -36.409  11.122  12.606 0.0000000000
90063  -35.502  11.781  13.253 0.0000000000
90808  -34.838  13.033  12.657 0.0000000000
89348  -42.780  10.792  1.838 0.0000000000
89360  -44.252  10.040  1.598 0.0000000000
89367  -43.452  10.297  0.438 0.0000000000
124885  -43.754  10.403  -1.195 0.0000000000
149282  -44.699  10.218  -2.359 0.0000000000
89392  -45.362  10.174  -3.009 0.0000000000
147966  -44.564  10.784  -3.310 0.0000000000
90164  -44.457  11.485  -3.763 0.0000000000
90917  -44.840  12.743  -5.306 0.0000000000
93181  -44.211  14.840  8.507 0.0000000000
93186  -42.497  15.320  6.985 0.0000000000
133295  -44.336  15.668  6.873 0.0000000000
93960  -44.658  16.105  6.099 0.0000000000
93985  -45.261  16.433  4.712 0.0000000000
93267  -50.712  16.004  0.703 0.0000000000
93265  -49.675  15.717  0.645 0.0000000000
94048  -50.250  16.399  -0.574 0.0000000000
142818  -48.769  17.062  -1.944 0.0000000000
94717  -47.403  17.472  -3.213 0.0000000000
94074  -45.643  16.737  -3.897 0.0000000000
94085  -47.106  17.722  -4.922 0.0000000000
94745  -46.379  17.959  -6.072 0.0000000000
94750  -45.651  17.209  -6.665 0.0000000000
94092  -44.143  16.638  -6.222 0.0000000000
94736  -44.420  18.104  -5.637 0.0000000000
95326  -44.139  18.425  -4.998 0.0000000000
95313  -43.977  18.423  -3.313 0.0000000000
97293  -44.066  21.607  1.668 0.0000000000
96583  -44.095  20.660  0.510 0.0000000000
96577  -43.612  21.263  1.076 0.0000000000
95903  -42.250  20.120  1.124 0.0000000000
95902  -41.491  19.567  1.255 0.0000000000
95281  -41.119  18.661  0.970 0.0000000000
96575  -41.255  20.457  1.496 0.0000000000
97289  -40.562  21.101  1.696 0.0000000000
97288  -39.799  21.621  1.657 0.0000000000
86742  -45.904  8.133  6.584 0.0000000000
87630  -45.637  8.744  5.333 0.0000000000
88478  -45.159  9.355  5.649 0.0000000000
88489  -44.569  9.732  5.247 0.0000000000
89325  -43.345  10.501  4.303 0.0000000000
89315  -42.176  10.129  5.693 0.0000000000
144573  -42.588  10.822  4.246 0.0000000000
89339  -42.776  10.845  3.503 0.0000000000
137750  -42.243  11.434  2.005 0.0000000000
90876  -41.687  12.825  1.183 0.0000000000
91686  -41.890  13.541  0.689 0.0000000000
93953  -48.429  16.663  7.805 0.0000000000
123894  -48.399  15.783  6.314 0.0000000000
93203  -49.293  16.038  6.288 0.0000000000
93216  -50.039  16.048  5.330 0.0000000000
93237  -50.715  15.980  3.677 0.0000000000
95259  -50.931  17.501  5.264 0.0000000000
94651  -50.700  17.082  4.507 0.0000000000
94011  -50.761  15.995  2.238 0.0000000000
94678  -50.172  16.537  1.068 0.0000000000
95292  -49.075  17.865  -0.145 0.0000000000
95299  -48.388  18.488  -0.698 0.0000000000
95926  -47.246  19.401  -2.044 0.0000000000
95290  -47.208  18.877  -0.158 0.0000000000
95915  -46.411  19.480  0.431 0.0000000000
96571  -45.271  20.641  2.385 0.0000000000
96554  -46.497  20.729  3.874 0.0000000000
96563  -45.679  20.822  3.358 0.0000000000
96570  -44.652  21.171  1.945 0.0000000000
131402  -44.334  22.213  2.615 0.0000000000
131716  -43.799  23.229  2.515 0.0000000000
98562  -42.927  24.062  2.125 0.0000000000
147932  -40.604  11.709  11.085 0.0000000000
90823  -40.212  11.912  9.556 0.0000000000
90824  -40.892  12.157  10.336 0.0000000000
91641  -41.804  13.064  10.244 0.0000000000
91642  -43.378  13.895  10.279 0.0000000000
93165  -41.843  14.768  11.116 0.0000000000
147756  -43.449  14.126  11.048 0.0000000000
92397  -44.020  14.380  10.214 0.0000000000
92399  -45.291  14.958  9.350 0.0000000000
127990  -45.477  15.676  9.270 0.0000000000
93184  -46.795  16.120  8.685 0.0000000000
129120  -44.318  18.020  8.608 0.0000000000
95225  -45.799  17.912  8.377 0.0000000000
94626  -46.825  17.087  8.626 0.0000000000
93951  -48.001  16.975  8.243 0.0000000000
94628  -48.566  17.726  8.135 0.0000000000
95236  -50.136  18.520  8.167 0.0000000000
95852  -51.317  19.640  8.510 0.0000000000
123619  -48.963  6.437  5.789 0.0000000000
85818  -48.137  6.273  6.400 0.0000000000
85773  -50.691  7.289  9.944 0.0000000000
85796  -50.640  6.837  8.408 0.0000000000
85808  -49.525  6.424  7.552 0.0000000000
85807  -48.359  6.199  7.434 0.0000000000
85816  -46.697  6.912  6.922 0.0000000000
86730  -45.808  8.066  7.374 0.0000000000
87591  -44.436  8.386  7.992 0.0000000000
87590  -43.456  8.264  8.061 0.0000000000
86688  -43.974  7.392  10.228 0.0000000000
145841  -42.967  7.247  9.451 0.0000000000
86714  -41.886  7.654  8.649 0.0000000000
86713  -40.903  7.854  8.735 0.0000000000
90752  -43.619  12.993  18.718 0.0000000000
90767  -41.485  12.855  17.911 0.0000000000
90023  -42.805  11.822  17.796 0.0000000000
90025  -44.671  11.640  17.791 0.0000000000
89246  -44.782  10.333  17.201 0.0000000000
88399  -45.108  9.747  16.797 0.0000000000
87537  -44.939  8.428  15.775 0.0000000000
86635  -44.328  7.750  15.293 0.0000000000
85726  -42.200  6.735  14.180 0.0000000000
85733  -40.754  6.543  13.549 0.0000000000
137015  -39.809  10.490  10.872 0.0000000000
142767  -39.956  11.324  11.406 0.0000000000
90815  -39.566  11.960  11.491 0.0000000000
91631  -38.634  13.456  11.301 0.0000000000
93163  -38.743  15.093  10.954 0.0000000000
85881  -49.966  6.657  -0.720 0.0000000000
85887  -49.999  7.371  -1.327 0.0000000000
125399  -48.810  6.683  -2.090 0.0000000000
87643  -46.034  7.791  3.881 0.0000000000
87669  -46.139  8.876  2.598 0.0000000000
88528  -45.090  9.725  1.382 0.0000000000
88538  -46.354  9.225  0.296 0.0000000000
87692  -48.263  8.559  -0.236 0.0000000000
87709  -48.733  8.438  -1.733 0.0000000000
87717  -48.451  7.997  -2.491 0.0000000000
86836  -48.341  7.551  -3.018 0.0000000000
86835  -47.803  7.611  -3.826 0.0000000000
86843  -47.215  7.823  -4.490 0.0000000000
86842  -46.589  8.146  -4.987 0.0000000000
140163  -46.638  10.021  -4.478 0.0000000000
87732  -46.661  8.966  -5.269 0.0000000000
86847  -46.146  8.475  -5.457 0.0000000000
87738  -45.638  8.787  -5.712 0.0000000000
88584  -44.883  9.729  -6.372 0.0000000000
89410  -44.303  10.240  -6.245 0.0000000000
91645  -39.966  12.918  8.179 0.0000000000
91650  -40.050  13.636  6.939 0.0000000000
92419  -40.456  14.141  5.629 0.0000000000
93211  -42.151  15.488  6.027 0.0000000000
92425  -41.224  15.106  4.994 0.0000000000
92429  -40.767  14.266  3.842 0.0000000000
93242  -41.615  14.989  2.846 0.0000000000
92442  -42.224  14.763  1.503 0.0000000000
92449  -42.401  14.268  0.157 0.0000000000
93975  -47.163  16.053  5.284 0.0000000000
145405  -46.963  16.214  4.277 0.0000000000
142471  -45.956  16.411  2.719 0.0000000000
148057  -48.016  15.908  1.331 0.0000000000
94020  -46.456  16.272  1.308 0.0000000000
94018  -44.990  16.238  1.461 0.0000000000
145735  -44.031  15.758  0.609 0.0000000000
93263  -43.464  15.436  0.194 0.0000000000
92460  -42.914  14.462  -1.083 0.0000000000
129361  -43.378  14.449  -2.598 0.0000000000
91727  -45.441  13.666  -6.161 0.0000000000
93306  -45.770  16.119  -5.745 0.0000000000
92488  -46.076  14.738  -7.081 0.0000000000
90926  -45.951  13.176  -7.584 0.0000000000
90934  -45.503  12.813  -7.851 0.0000000000
90180  -44.476  11.664  -6.981 0.0000000000
93304  -42.669  15.684  -4.849 0.0000000000
95925  -45.825  19.305  -2.331 0.0000000000
95306  -44.617  18.650  -2.743 0.0000000000
124807  -43.256  18.262  -2.726 0.0000000000
95919  -43.878  19.186  -0.634 0.0000000000
131492  -43.035  18.203  -1.925 0.0000000000
143712  -41.763  17.583  -2.520 0.0000000000
94714  -40.617  17.096  -2.513 0.0000000000
94055  -39.350  16.384  -1.565 0.0000000000
93280  -39.184  15.720  -1.336 0.0000000000
95279  -39.454  18.098  1.592 0.0000000000
95278  -38.709  17.772  1.743 0.0000000000
99839  -42.867  25.305  1.130 0.0000000000
99227  -41.642  24.108  0.972 0.0000000000
98585  -41.019  23.661  0.437 0.0000000000
97940  -40.083  22.826  0.509 0.0000000000
97929  -39.261  22.404  1.266 0.0000000000
131240  -39.665  10.743  9.381 0.0000000000
89302  -39.520  10.788  8.383 0.0000000000
87548  -47.546  8.362  14.672 0.0000000000
87547  -46.835  8.271  14.746 0.0000000000
86649  -46.411  7.739  14.241 0.0000000000
87546  -46.180  8.105  14.889 0.0000000000
90783  -35.731  13.170  15.253 0.0000000000
85830  -46.255  6.736  4.986 0.0000000000
86754  -45.785  7.080  5.187 0.0000000000
137095  -42.263  12.757  -0.414 0.0000000000
90884  -42.422  11.970  -0.493 0.0000000000
91700  -42.628  13.300  -1.530 0.0000000000
139767  -47.225  15.726  7.222 0.0000000000
95928  -48.901  18.828  -2.626 0.0000000000
95308  -49.635  18.296  -2.154 0.0000000000
95944  -48.623  18.880  -3.352 0.0000000000
95322  -48.252  18.880  -4.018 0.0000000000
95943  -48.002  19.266  -3.834 0.0000000000
95942  -47.130  19.440  -4.035 0.0000000000
146949  -47.536  19.424  -3.480 0.0000000000
98577  -42.604  23.300  1.743 0.0000000000
97932  -42.670  22.464  1.602 0.0000000000
138250  -42.011  22.699  1.479 0.0000000000
87602  -42.955  8.655  7.419 0.0000000000
88465  -42.561  9.287  6.817 0.0000000000
127207  -40.372  12.878  4.969 0.0000000000
90858  -40.707  12.839  4.142 0.0000000000
90859  -41.051  12.706  3.370 0.0000000000
95237  -51.450  18.783  7.462 0.0000000000
94632  -51.341  18.119  7.083 0.0000000000
95244  -51.510  18.405  6.642 0.0000000000
95881  -48.681  19.555  4.692 0.0000000000
95267  -47.676  18.430  3.416 0.0000000000
95266  -46.866  18.781  2.931 0.0000000000
95891  -47.153  19.168  3.715 0.0000000000
98564  -47.228  23.829  3.029 0.0000000000
99208  -46.077  23.905  3.232 0.0000000000
146143  -45.219  23.524  3.340 0.0000000000
85898  -45.503  6.092  -4.133 0.0000000000
85904  -45.293  6.670  -4.460 0.0000000000
85897  -44.925  5.979  -4.064 0.0000000000
148801  -40.101  14.000  11.253 0.0000000000
90816  -40.937  13.268  11.456 0.0000000000
92388  -40.707  14.191  11.322 0.0000000000
94617  -42.757  17.191  9.529 0.0000000000
139714  -43.234  16.425  9.897 0.0000000000
93944  -43.634  16.967  9.599 0.0000000000
94623  -43.945  17.479  9.081 0.0000000000
96522  -47.912  20.330  8.076 0.0000000000
86732  -51.401  7.507  7.421 0.0000000000
86743  -50.957  7.303  6.708 0.0000000000
85781  -47.885  6.506  9.740 0.0000000000
86691  -46.567  7.205  10.384 0.0000000000
86704  -46.200  7.385  9.637 0.0000000000
124126  -42.047  6.444  11.894 0.0000000000
127909  -41.745  6.499  10.962 0.0000000000
85753  -41.052  6.485  11.448 0.0000000000
85765  -40.924  6.630  10.628 0.0000000000
92331  -40.370  14.196  19.268 0.0000000000
89242  -40.894  10.508  16.955 0.0000000000
88395  -41.225  9.670  16.660 0.0000000000
88396  -42.168  9.651  16.756 0.0000000000
87533  -41.021  8.326  15.843 0.0000000000
87520  -40.625  8.932  16.308 0.0000000000
89283  -37.551  10.017  12.478 0.0000000000
89289  -38.169  10.483  11.920 0.0000000000
90071  -37.193  10.819  12.243 0.0000000000
89341  -44.381  10.226  3.201 0.0000000000
88519  -45.034  9.814  2.793 0.0000000000
89350  -44.374  10.172  2.444 0.0000000000
88556  -45.776  9.693  -1.895 0.0000000000
134913  -46.004  9.531  -1.121 0.0000000000
130549  -46.874  9.086  -2.292 0.0000000000
88567  -46.913  9.396  -3.182 0.0000000000
90176  -45.669  12.174  -5.844 0.0000000000
89412  -46.243  11.092  -5.961 0.0000000000
92396  -42.691  14.049  9.248 0.0000000000
92401  -41.673  14.278  8.360 0.0000000000
92405  -42.587  14.695  8.130 0.0000000000
128571  -43.792  16.436  3.984 0.0000000000
93994  -43.111  16.228  3.976 0.0000000000
93995  -43.584  16.339  3.267 0.0000000000
93244  -43.088  15.945  2.706 0.0000000000
94007  -43.715  16.237  2.539 0.0000000000
93235  -49.864  15.529  3.326 0.0000000000
94059  -46.876  17.046  -2.157 0.0000000000
124828  -46.430  16.654  -1.202 0.0000000000
94068  -45.235  16.452  -2.653 0.0000000000
94099  -45.653  16.453  -7.280 0.0000000000
94105  -46.076  15.751  -7.649 0.0000000000
142905  -45.501  15.600  -7.733 0.0000000000
92493  -44.880  14.999  -7.730 0.0000000000
137547  -43.498  14.115  -6.185 0.0000000000
92486  -43.975  14.964  -6.583 0.0000000000
94725  -42.574  17.650  -3.818 0.0000000000
94724  -41.933  17.131  -3.303 0.0000000000
94715  -41.394  17.286  -2.766 0.0000000000
95913  -45.270  20.231  -0.440 0.0000000000
95288  -41.575  18.260  0.210 0.0000000000
95280  -40.500  18.034  0.747 0.0000000000
132904  -40.774  9.595  7.251 0.0000000000
88463  -40.269  9.481  7.813 0.0000000000
90089  -39.566  11.572  7.754 0.0000000000
90095  -39.700  11.579  6.963 0.0000000000
90839  -39.845  12.310  6.401 0.0000000000
96543  -51.076  20.506  5.923 0.0000000000
97262  -50.519  21.212  5.023 0.0000000000
97261  -49.764  21.026  4.554 0.0000000000
97260  -48.730  21.131  4.233 0.0000000000
97272  -49.498  21.879  3.753 0.0000000000
143111  -49.250  23.232  3.373 0.0000000000
98565  -48.289  23.614  2.795 0.0000000000
144223  -46.640  5.643  -3.431 0.0000000000
84942  -46.064  5.632  -3.740 0.0000000000
93937  -39.579  16.456  10.429 0.0000000000
86671  -47.707  7.351  12.726 0.0000000000
86670  -46.912  7.252  12.737 0.0000000000
131851  -46.538  7.331  11.910 0.0000000000
86657  -45.179  7.261  13.339 0.0000000000
85736  -43.463  6.739  13.165 0.0000000000
89256  -36.645  10.630  14.749 0.0000000000
89270  -36.277  10.548  13.975 0.0000000000
89269  -35.801  11.151  13.710 0.0000000000
90064  -35.866  11.293  13.016 0.0000000000
90802  -34.708  12.881  13.430 0.0000000000
89359  -43.428  10.376  1.319 0.0000000000
89358  -42.754  10.768  0.857 0.0000000000
90149  -43.152  10.982  -1.233 0.0000000000
89373  -43.238  10.573  -0.473 0.0000000000
89381  -44.276  10.271  -1.884 0.0000000000
89380  -43.648  10.732  -2.006 0.0000000000
89391  -44.300  10.525  -2.602 0.0000000000
89390  -43.749  11.202  -2.832 0.0000000000
90902  -43.272  12.838  -2.771 0.0000000000
90163  -43.675  12.092  -3.310 0.0000000000
90909  -44.300  12.347  -4.180 0.0000000000
90916  -44.174  13.054  -4.367 0.0000000000
93188  -44.167  15.387  7.708 0.0000000000
145739  -44.893  15.444  7.591 0.0000000000
93961  -45.700  15.867  6.399 0.0000000000
93972  -44.518  16.379  5.174 0.0000000000
94037  -50.443  16.302  0.114 0.0000000000
93274  -50.422  16.216  -0.143 0.0000000000
94049  -50.412  16.694  -0.517 0.0000000000
94719  -49.399  17.988  -2.796 0.0000000000
94061  -49.653  17.014  -1.734 0.0000000000
94709  -49.202  17.537  -2.460 0.0000000000
94708  -48.114  17.306  -2.485 0.0000000000
133510  -46.747  17.444  -3.988 0.0000000000
94727  -47.740  17.910  -4.182 0.0000000000
95335  -46.841  18.427  -5.454 0.0000000000
127253  -46.864  17.869  -5.605 0.0000000000
94101  -46.078  17.407  -6.506 0.0000000000
94744  -45.740  17.961  -6.247 0.0000000000
94743  -45.013  17.825  -6.232 0.0000000000
95327  -45.117  18.433  -5.695 0.0000000000
141287  -44.920  18.646  -4.969 0.0000000000
95321  -44.468  18.561  -4.250 0.0000000000
95320  -43.720  18.357  -4.145 0.0000000000
96576  -42.806  20.954  1.077 0.0000000000
97931  -41.270  22.322  1.226 0.0000000000
97930  -40.573  21.841  1.383 0.0000000000
87605  -45.381  8.653  6.999 0.0000000000
87619  -45.528  8.777  6.187 0.0000000000
87618  -44.991  9.182  6.531 0.0000000000
88488  -43.840  9.894  5.520 0.0000000000
88498  -44.054  10.137  4.797 0.0000000000
89314  -41.391  10.320  5.927 0.0000000000
90110  -41.461  11.647  4.248 0.0000000000
89331  -41.956  10.984  4.559 0.0000000000
90116  -42.147  11.335  3.887 0.0000000000
140187  -42.181  11.398  3.226 0.0000000000
90122  -42.521  11.133  2.657 0.0000000000
90121  -41.915  11.728  2.590 0.0000000000
138007  -41.485  12.979  1.933 0.0000000000
90869  -41.758  12.102  1.726 0.0000000000
147003  -41.780  12.840  0.668 0.0000000000
149319  -41.623  13.476  1.436 0.0000000000
93962  -48.901  16.349  7.147 0.0000000000
93963  -49.680  16.574  6.649 0.0000000000
125738  -51.027  17.001  5.714 0.0000000000
134843  -50.296  16.450  5.917 0.0000000000
93976  -50.721  16.468  5.112 0.0000000000
93227  -50.507  16.028  4.502 0.0000000000
93988  -50.695  16.459  4.480 0.0000000000
95872  -51.165  19.162  5.680 0.0000000000
95251  -51.235  18.264  5.749 0.0000000000
95250  -50.729  18.574  5.440 0.0000000000
94650  -49.688  17.523  4.249 0.0000000000
94660  -50.432  16.656  3.774 0.0000000000
94001  -50.747  16.087  3.212 0.0000000000
129774  -50.343  16.488  2.875 0.0000000000
94668  -50.304  16.445  1.900 0.0000000000
94688  -48.551  17.573  0.938 0.0000000000
95291  -47.923  18.270  0.403 0.0000000000
95282  -46.988  18.800  0.953 0.0000000000
95898  -46.272  19.357  2.438 0.0000000000
95905  -46.273  19.383  1.482 0.0000000000
95904  -45.784  20.052  0.900 0.0000000000
95897  -45.640  19.932  1.916 0.0000000000
97259  -47.709  21.160  4.176 0.0000000000
97258  -46.935  21.170  4.060 0.0000000000
97909  -45.541  22.280  3.616 0.0000000000
97269  -45.394  21.610  3.436 0.0000000000
97283  -44.994  21.349  2.836 0.0000000000
97282  -44.413  21.787  2.424 0.0000000000
133242  -43.743  24.028  2.499 0.0000000000
98563  -43.269  23.517  2.216 0.0000000000
87729  -44.054  8.725  -5.015 0.0000000000
90082  -40.523  11.568  10.637 0.0000000000
90819  -40.986  12.081  11.066 0.0000000000
91633  -41.949  13.492  11.291 0.0000000000
90825  -41.463  12.581  10.804 0.0000000000
91636  -42.193  13.243  10.980 0.0000000000
124188  -42.604  13.487  10.303 0.0000000000
91637  -43.106  13.729  10.960 0.0000000000
93172  -41.160  15.493  10.703 0.0000000000
93173  -42.135  15.510  10.706 0.0000000000
93175  -43.884  15.020  10.787 0.0000000000
92390  -43.337  14.518  11.067 0.0000000000
92392  -43.776  14.531  10.772 0.0000000000
91638  -43.553  14.124  10.741 0.0000000000
92398  -44.736  14.708  9.826 0.0000000000
93946  -45.610  16.213  9.155 0.0000000000
93178  -46.072  16.055  8.907 0.0000000000
93949  -46.346  16.510  8.806 0.0000000000
95856  -44.684  19.624  7.640 0.0000000000
95847  -44.188  18.827  8.155 0.0000000000
149346  -44.645  18.361  8.312 0.0000000000
141029  -45.026  17.899  8.501 0.0000000000
95235  -47.664  18.534  8.080 0.0000000000
95226  -46.748  17.904  8.292 0.0000000000
93950  -47.182  16.679  8.541 0.0000000000
95850  -50.358  19.750  8.952 0.0000000000
95228  -49.759  18.972  8.475 0.0000000000
125890  -50.540  19.227  8.586 0.0000000000
95229  -51.069  19.063  8.270 0.0000000000
95851  -51.059  19.692  9.056 0.0000000000
137293  -50.679  7.541  5.158 0.0000000000
85833  -49.681  6.634  6.078 0.0000000000
85783  -49.787  6.610  10.049 0.0000000000
85784  -50.325  6.704  9.242 0.0000000000
86705  -51.378  7.492  9.096 0.0000000000
146690  -50.103  6.628  7.982 0.0000000000
85795  -49.625  6.483  8.508 0.0000000000
85792  -46.919  6.792  8.595 0.0000000000
124835  -48.166  6.302  8.268 0.0000000000
85806  -47.520  6.477  7.997 0.0000000000
85817  -47.427  6.514  7.086 0.0000000000
85805  -46.807  6.786  7.765 0.0000000000
86731  -46.291  7.439  7.602 0.0000000000
126782  -45.048  8.014  8.687 0.0000000000
86716  -44.019  7.945  8.735 0.0000000000
86679  -44.778  7.378  11.507 0.0000000000
85768  -44.541  7.442  10.804 0.0000000000
85779  -42.676  6.838  9.866 0.0000000000
86700  -42.295  7.240  9.326 0.0000000000
86715  -42.956  7.603  8.735 0.0000000000
140042  -46.685  9.823  16.596 0.0000000000
91566  -42.245  13.842  19.351 0.0000000000
91567  -43.088  13.634  19.393 0.0000000000
91568  -43.942  13.349  19.384 0.0000000000
90765  -39.880  13.158  17.384 0.0000000000
91584  -40.994  13.629  18.190 0.0000000000
90766  -40.695  13.032  17.589 0.0000000000
89231  -42.333  11.133  17.503 0.0000000000
90022  -41.883  11.899  17.866 0.0000000000
90024  -43.739  11.704  17.752 0.0000000000
89233  -44.250  10.915  17.429 0.0000000000
87523  -43.567  8.994  16.472 0.0000000000
88398  -44.186  9.817  16.878 0.0000000000
87524  -44.573  9.074  16.432 0.0000000000
87525  -45.475  9.079  16.334 0.0000000000
86632  -41.396  7.720  15.390 0.0000000000
86645  -42.718  7.318  14.694 0.0000000000
86644  -41.783  7.290  14.752 0.0000000000
85725  -41.240  6.759  14.220 0.0000000000
136413  -38.928  9.524  11.691 0.0000000000
88441  -39.023  8.890  11.400 0.0000000000
89291  -39.420  9.796  11.192 0.0000000000
124364  -39.693  10.702  11.306 0.0000000000
90814  -38.299  11.987  11.471 0.0000000000
134935  -35.823  11.942  12.363 0.0000000000
90812  -36.387  12.313  11.775 0.0000000000
92386  -37.403  14.600  11.231 0.0000000000
130584  -38.210  14.432  11.177 0.0000000000
93162  -37.826  15.224  11.114 0.0000000000
133376  -50.453  6.809  -0.228 0.0000000000
85882  -50.697  7.606  -0.711 0.0000000000
145162  -50.102  8.370  -1.390 0.0000000000
86829  -49.810  7.923  -1.684 0.0000000000
85893  -49.301  7.282  -1.909 0.0000000000
137778  -45.418  9.226  4.949 0.0000000000
87642  -45.707  8.705  4.449 0.0000000000
88520  -45.668  9.327  2.712 0.0000000000
87691  -47.141  8.633  0.399 0.0000000000
88539  -47.179  8.726  -0.438 0.0000000000
87699  -48.032  8.605  -1.073 0.0000000000
88559  -47.856  8.250  -2.353 0.0000000000
85900  -48.171  7.008  -3.454 0.0000000000
87733  -47.063  8.480  -4.746 0.0000000000
85906  -46.557  7.352  -4.658 0.0000000000
89400  -46.103  10.405  -4.283 0.0000000000
125345  -46.493  9.769  -5.753 0.0000000000
88590  -45.271  10.151  -6.697 0.0000000000
88583  -44.253  9.543  -5.667 0.0000000000
90829  -40.489  12.677  9.182 0.0000000000
90828  -39.900  12.320  8.688 0.0000000000
146766  -40.929  14.577  6.932 0.0000000000
92412  -40.545  14.288  6.439 0.0000000000
91657  -40.143  13.606  6.082 0.0000000000
93212  -42.930  15.674  6.163 0.0000000000
93222  -41.796  15.465  4.414 0.0000000000
93223  -41.935  15.517  5.232 0.0000000000
137220  -41.182  14.902  4.180 0.0000000000
147016  -41.276  14.715  3.480 0.0000000000
93253  -42.685  15.364  1.574 0.0000000000
92435  -42.130  15.192  2.183 0.0000000000
146799  -42.196  14.362  0.876 0.0000000000
93262  -42.695  15.029  0.684 0.0000000000
93213  -47.405  15.772  6.318 0.0000000000
93214  -48.160  15.772  5.546 0.0000000000
93999  -47.428  16.113  3.354 0.0000000000
93998  -46.225  16.381  3.472 0.0000000000
144767  -48.823  15.690  1.226 0.0000000000
94022  -48.365  15.983  0.695 0.0000000000
129172  -45.694  16.289  0.955 0.0000000000
94019  -45.738  16.334  1.604 0.0000000000
94031  -44.871  16.097  0.612 0.0000000000
127674  -43.779  15.441  -0.637 0.0000000000
92455  -43.002  14.853  -0.381 0.0000000000
93282  -43.440  14.955  -1.222 0.0000000000
92468  -43.137  14.432  -1.750 0.0000000000
93290  -43.630  15.095  -2.076 0.0000000000
92474  -44.202  15.191  -4.012 0.0000000000
92473  -43.672  14.456  -3.540 0.0000000000
92481  -44.249  14.372  -4.438 0.0000000000
92487  -44.964  14.459  -5.540 0.0000000000
127157  -46.456  17.162  -4.907 0.0000000000
94083  -45.807  16.560  -5.041 0.0000000000
91728  -46.050  13.755  -7.546 0.0000000000
91734  -46.010  13.737  -8.097 0.0000000000
90930  -45.760  13.008  -7.850 0.0000000000
91739  -45.753  13.551  -8.124 0.0000000000
90175  -43.666  11.435  -6.129 0.0000000000
131375  -44.110  10.937  -6.418 0.0000000000
90174  -43.038  11.632  -5.293 0.0000000000
94091  -43.313  16.423  -5.398 0.0000000000
92472  -41.728  15.077  -3.622 0.0000000000
143781  -42.198  15.046  -4.222 0.0000000000
95921  -46.658  19.478  -1.303 0.0000000000
129540  -46.317  19.489  -1.750 0.0000000000
129473  -44.776  19.569  -0.952 0.0000000000
95924  -44.937  19.001  -1.923 0.0000000000
95305  -43.965  18.553  -2.194 0.0000000000
125148  -43.627  19.795  0.217 0.0000000000
95918  -43.152  19.002  -0.041 0.0000000000
124395  -41.836  17.946  -0.708 0.0000000000
95296  -42.921  18.318  -0.845 0.0000000000
95295  -41.965  17.817  -1.819 0.0000000000
94707  -41.042  17.512  -2.272 0.0000000000
94705  -39.575  17.090  -1.602 0.0000000000
93279  -38.789  16.199  -1.124 0.0000000000
94685  -39.257  17.282  0.129 0.0000000000
128221  -40.807  19.508  1.581 0.0000000000
133108  -40.278  18.560  1.477 0.0000000000
95272  -39.006  18.511  2.277 0.0000000000
94666  -38.009  17.669  2.060 0.0000000000
99240  -41.343  24.464  0.185 0.0000000000
99239  -40.511  24.027  -0.652 0.0000000000
98584  -40.217  23.471  0.009 0.0000000000
97939  -39.521  22.807  0.635 0.0000000000
88462  -39.672  10.116  8.091 0.0000000000
136409  -50.435  22.024  4.868 0.0000000000
97901  -50.192  22.357  4.150 0.0000000000
97912  -49.818  22.473  3.854 0.0000000000
98555  -49.560  23.345  3.506 0.0000000000
98567  -49.829  23.854  2.738 0.0000000000
94611  -39.024  17.331  10.280 0.0000000000
86651  -47.861  7.891  14.091 0.0000000000
86659  -46.508  7.425  13.468 0.0000000000
86648  -45.195  7.519  14.128 0.0000000000
90796  -35.362  12.610  14.465 0.0000000000
85845  -48.025  6.521  4.444 0.0000000000
85844  -47.041  6.613  4.353 0.0000000000
85853  -47.161  6.772  3.581 0.0000000000
90135  -42.406  11.474  0.286 0.0000000000
90148  -42.714  11.680  -1.205 0.0000000000
90156  -42.794  12.092  -1.794 0.0000000000
93189  -45.734  15.437  7.994 0.0000000000
93199  -46.021  15.572  7.230 0.0000000000
93974  -46.384  16.000  5.873 0.0000000000
94699  -50.335  17.348  -0.906 0.0000000000
94700  -50.469  17.123  -0.994 0.0000000000
94711  -50.050  17.557  -1.582 0.0000000000
94720  -49.773  17.959  -2.343 0.0000000000
94728  -48.128  18.457  -4.067 0.0000000000
95950  -47.732  19.135  -4.477 0.0000000000
95328  -46.654  18.885  -5.212 0.0000000000
124614  -45.758  18.776  -5.186 0.0000000000
95941  -46.352  19.161  -4.595 0.0000000000
95934  -45.937  19.242  -3.527 0.0000000000
124454  -43.246  22.219  1.711 0.0000000000
87603  -43.882  8.701  7.374 0.0000000000
87617  -44.192  9.143  6.718 0.0000000000
146875  -43.464  9.565  6.276 0.0000000000
88487  -43.034  10.050  5.636 0.0000000000
90103  -40.725  11.419  5.544 0.0000000000
91673  -41.171  13.286  2.726 0.0000000000
94631  -50.708  17.683  7.121 0.0000000000
94637  -51.246  17.684  6.387 0.0000000000
133504  -51.137  17.579  5.730 0.0000000000
95882  -49.699  19.007  5.204 0.0000000000
94667  -49.415  17.098  2.476 0.0000000000
94658  -48.394  17.703  3.000 0.0000000000
97910  -47.683  22.659  3.720 0.0000000000
130415  -46.491  22.464  3.800 0.0000000000
98550  -44.914  22.876  3.406 0.0000000000
99207  -45.130  24.203  3.073 0.0000000000
99215  -45.002  24.816  2.586 0.0000000000
86834  -44.726  6.881  -4.328 0.0000000000
143313  -40.283  12.539  11.438 0.0000000000
143426  -40.907  12.423  11.320 0.0000000000
93939  -41.871  16.369  10.213 0.0000000000
93940  -42.720  15.957  10.250 0.0000000000
93941  -43.622  15.703  10.375 0.0000000000
93945  -44.411  15.481  10.319 0.0000000000
94619  -45.129  16.655  9.186 0.0000000000
95857  -45.645  19.507  7.586 0.0000000000
95233  -46.152  18.668  7.869 0.0000000000
95858  -46.565  19.507  7.622 0.0000000000
95227  -48.689  18.541  8.219 0.0000000000
95848  -48.371  19.454  8.171 0.0000000000
85820  -50.101  6.623  6.720 0.0000000000
85771  -49.127  6.639  10.727 0.0000000000
85782  -48.821  6.496  9.899 0.0000000000
85794  -48.595  6.382  8.960 0.0000000000
148969  -46.459  7.210  9.031 0.0000000000
86703  -45.375  7.590  9.519 0.0000000000
85755  -43.438  6.765  11.524 0.0000000000
85754  -42.645  6.542  11.201 0.0000000000
85766  -42.295  6.598  10.416 0.0000000000
85778  -41.859  6.771  9.791 0.0000000000
85777  -41.016  6.890  9.918 0.0000000000
90036  -40.574  11.423  17.148 0.0000000000
90021  -41.079  12.157  17.473 0.0000000000
89244  -42.749  10.399  17.160 0.0000000000
89245  -43.670  10.383  17.178 0.0000000000
87522  -42.530  8.926  16.392 0.0000000000
87535  -42.904  8.328  15.893 0.0000000000
87534  -41.947  8.315  15.865 0.0000000000
86631  -40.466  7.744  15.359 0.0000000000
88434  -37.874  9.235  12.621 0.0000000000
89284  -38.380  9.724  12.095 0.0000000000
90813  -37.218  12.217  11.592 0.0000000000
86823  -50.857  8.395  -0.712 0.0000000000
87710  -49.860  8.650  -1.305 0.0000000000
130299  -45.460  9.590  2.045 0.0000000000
88545  -44.936  9.724  -0.274 0.0000000000
88548  -47.078  8.904  -1.207 0.0000000000
147772  -46.911  8.902  -1.724 0.0000000000
87716  -47.698  8.309  -3.148 0.0000000000
133404  -47.338  8.965  -3.690 0.0000000000
89405  -46.001  11.013  -5.068 0.0000000000
89413  -46.297  10.541  -6.206 0.0000000000
88586  -46.128  10.003  -6.402 0.0000000000
88592  -45.885  10.853  -6.739 0.0000000000
89417  -45.612  11.087  -7.077 0.0000000000
89422  -45.487  11.616  -7.408 0.0000000000
91646  -40.530  13.426  8.392 0.0000000000
91647  -41.115  13.800  8.564 0.0000000000
145062  -42.569  15.718  5.510 0.0000000000
93233  -42.402  15.742  3.827 0.0000000000
93243  -42.331  15.549  2.951 0.0000000000
126617  -49.775  15.789  4.747 0.0000000000
132059  -48.841  15.830  4.944 0.0000000000
93225  -49.087  15.821  4.124 0.0000000000
94000  -48.620  15.736  3.302 0.0000000000
94010  -48.004  15.889  2.571 0.0000000000
94046  -47.979  16.543  -0.643 0.0000000000
94034  -47.637  16.319  0.146 0.0000000000
94045  -46.983  16.531  -0.493 0.0000000000
125228  -46.001  16.429  -0.359 0.0000000000
94043  -45.144  16.227  -0.223 0.0000000000
93291  -44.388  15.733  -2.375 0.0000000000
93305  -45.020  15.880  -4.694 0.0000000000
94093  -46.224  16.456  -6.803 0.0000000000
93312  -46.296  15.830  -6.860 0.0000000000
131746  -46.218  15.938  -7.367 0.0000000000
129186  -46.080  15.033  -8.207 0.0000000000
92498  -45.830  14.227  -8.287 0.0000000000
91733  -45.403  13.565  -8.149 0.0000000000
137553  -45.216  14.245  -8.185 0.0000000000
91732  -44.800  13.592  -7.876 0.0000000000
91726  -44.107  13.351  -6.743 0.0000000000
94734  -43.011  17.525  -4.621 0.0000000000
94081  -42.800  16.720  -4.757 0.0000000000
94072  -41.856  16.481  -3.606 0.0000000000
95914  -45.881  20.029  -0.045 0.0000000000
94695  -39.422  17.207  -0.782 0.0000000000
132695  -38.275  18.429  2.578 0.0000000000
95895  -38.580  19.316  2.775 0.0000000000
88464  -41.550  9.428  7.059 0.0000000000
88475  -40.912  9.993  6.609 0.0000000000
146967  -40.429  10.436  6.691 0.0000000000
89312  -40.007  10.859  6.765 0.0000000000
89313  -40.655  10.735  6.164 0.0000000000
90846  -40.309  12.205  5.623 0.0000000000
96557  -49.709  20.084  4.953 0.0000000000
96556  -48.148  20.477  4.396 0.0000000000
95880  -47.603  19.749  4.273 0.0000000000
97911  -48.771  22.462  3.624 0.0000000000
98553  -47.705  23.312  3.369 0.0000000000
93171  -40.188  15.596  10.701 0.0000000000
94612  -40.078  17.200  10.009 0.0000000000
94613  -41.060  16.772  10.070 0.0000000000
85757  -46.920  7.143  11.199 0.0000000000
136911  -46.161  7.390  11.079 0.0000000000
86680  -45.707  7.417  11.750 0.0000000000
140008  -45.818  7.242  13.152 0.0000000000
86668  -45.193  7.258  12.461 0.0000000000
85756  -44.217  7.081  12.002 0.0000000000
85746  -43.544  6.723  12.354 0.0000000000
85745  -42.782  6.483  12.616 0.0000000000
126522  -41.915  6.420  12.824 0.0000000000
92339  -39.503  14.251  18.709 0.0000000000
124654  -38.951  14.251  18.164 0.0000000000
91582  -39.451  13.851  17.702 0.0000000000
90778  -39.411  12.452  17.022 0.0000000000
90035  -39.740  11.582  16.900 0.0000000000
89282  -36.754  10.315  12.833 0.0000000000
145772  -35.218  12.420  12.887 0.0000000000
144341  -35.398  12.692  12.346 0.0000000000
89349  -43.649  10.416  2.126 0.0000000000
148759  -43.847  10.026  1.014 0.0000000000
89366  -42.778  10.766  0.098 0.0000000000
89374  -43.983  9.997  -0.342 0.0000000000
127071  -44.549  9.983  -1.099 0.0000000000
89382  -44.971  9.919  -1.910 0.0000000000
90169  -45.167  11.717  -4.887 0.0000000000
92406  -43.491  14.609  8.636 0.0000000000
93187  -43.354  15.181  7.820 0.0000000000
93198  -43.475  15.553  6.935 0.0000000000
93959  -43.744  15.876  6.156 0.0000000000
141895  -43.920  16.225  5.534 0.0000000000
93984  -44.443  16.476  4.357 0.0000000000
93256  -50.739  15.890  1.560 0.0000000000
93247  -50.497  15.646  2.024 0.0000000000
93255  -50.533  15.718  1.136 0.0000000000
94036  -50.108  15.952  -0.046 0.0000000000
94062  -50.303  16.969  -1.285 0.0000000000
94047  -49.914  16.473  -0.959 0.0000000000
132916  -48.902  16.616  -1.264 0.0000000000
94069  -46.210  17.081  -2.907 0.0000000000
142114  -46.602  17.432  -5.551 0.0000000000
94094  -46.360  17.250  -6.263 0.0000000000
94098  -44.947  16.420  -7.187 0.0000000000
94749  -44.960  17.052  -6.636 0.0000000000
94742  -44.283  17.511  -5.887 0.0000000000
94735  -43.713  17.928  -5.203 0.0000000000
94726  -43.296  18.099  -4.422 0.0000000000
95312  -42.977  18.175  -3.486 0.0000000000
96578  -44.452  21.095  1.029 0.0000000000
96582  -43.218  20.372  0.768 0.0000000000
96574  -40.412  20.306  1.881 0.0000000000
97280  -39.981  20.899  2.004 0.0000000000
87620  -45.926  8.072  5.734 0.0000000000
137528  -45.096  9.556  4.937 0.0000000000
88499  -44.721  9.849  4.491 0.0000000000
89332  -44.233  10.267  4.006 0.0000000000
89340  -43.646  10.505  3.430 0.0000000000
89323  -41.711  10.589  5.227 0.0000000000
89324  -42.584  10.449  4.945 0.0000000000
139359  -43.158  10.640  2.721 0.0000000000
90870  -41.920  12.209  0.748 0.0000000000
90877  -41.880  12.835  0.199 0.0000000000
91687  -42.234  13.496  -0.160 0.0000000000
93192  -48.120  16.105  7.563 0.0000000000
93201  -47.860  15.828  7.065 0.0000000000
93202  -48.508  15.969  6.918 0.0000000000
93236  -50.552  15.712  3.242 0.0000000000
95873  -51.486  18.746  6.146 0.0000000000
94652  -50.858  16.819  4.677 0.0000000000
94661  -50.647  16.419  4.077 0.0000000000
93248  -50.738  15.889  2.644 0.0000000000
94023  -50.752  15.985  1.450 0.0000000000
94677  -49.413  17.040  1.435 0.0000000000
94689  -49.644  17.249  0.370 0.0000000000
94698  -49.941  17.483  -0.508 0.0000000000
95307  -48.834  18.666  -1.758 0.0000000000
95927  -48.128  19.046  -2.170 0.0000000000
95298  -47.550  19.082  -1.267 0.0000000000
134298  -46.548  19.505  -0.563 0.0000000000
96579  -45.154  20.660  1.203 0.0000000000
95879  -46.804  19.969  3.894 0.0000000000
96564  -46.214  20.188  3.493 0.0000000000
97281  -43.831  22.218  2.185 0.0000000000
97921  -44.274  22.708  2.750 0.0000000000
149671  -43.796  22.736  2.394 0.0000000000
90084  -39.986  11.305  9.775 0.0000000000
123842  -41.263  12.610  10.047 0.0000000000
133266  -42.476  14.107  11.376 0.0000000000
93166  -42.704  14.725  11.150 0.0000000000
149747  -42.966  14.317  11.280 0.0000000000
91634  -43.105  14.009  11.252 0.0000000000
91643  -43.512  14.263  9.428 0.0000000000
92402  -44.177  14.524  9.308 0.0000000000
138957  -44.838  14.667  9.107 0.0000000000
93177  -44.954  15.282  9.964 0.0000000000
93183  -45.610  15.358  8.827 0.0000000000
123597  -46.219  15.755  8.649 0.0000000000
93190  -47.031  15.812  8.418 0.0000000000
94624  -44.700  17.304  8.948 0.0000000000
94625  -45.434  17.226  8.795 0.0000000000
129552  -46.167  17.169  8.705 0.0000000000
93191  -47.570  16.258  8.252 0.0000000000
141575  -48.708  17.265  7.919 0.0000000000
94629  -49.333  17.818  7.930 0.0000000000
146853  -49.281  18.304  8.189 0.0000000000
148457  -50.080  17.924  7.646 0.0000000000
95230  -51.390  19.212  8.014 0.0000000000
96526  -51.287  20.443  9.339 0.0000000000
85832  -49.847  6.848  5.270 0.0000000000
131878  -48.962  6.534  4.888 0.0000000000
85831  -48.067  6.385  5.440 0.0000000000
127001  -47.119  6.604  5.992 0.0000000000
124834  -48.827  6.269  8.135 0.0000000000
138239  -46.295  7.612  6.926 0.0000000000
87592  -45.215  8.354  7.770 0.0000000000
124596  -45.751  7.838  8.142 0.0000000000
87589  -42.447  8.187  8.068 0.0000000000
86689  -44.897  7.516  10.199 0.0000000000
134668  -43.299  7.112  9.894 0.0000000000
86701  -43.618  7.495  9.409 0.0000000000
87588  -41.450  8.314  8.114 0.0000000000
87587  -40.439  8.695  8.354 0.0000000000
89296  -39.642  10.299  10.064 0.0000000000
90753  -44.537  12.644  18.660 0.0000000000
147667  -44.623  12.155  18.135 0.0000000000
91583  -40.522  14.133  18.536 0.0000000000
91565  -41.129  14.086  18.737 0.0000000000
90750  -41.785  13.559  18.613 0.0000000000
90768  -42.318  12.635  18.200 0.0000000000
90769  -43.227  12.463  18.191 0.0000000000
90770  -44.083  12.272  18.159 0.0000000000
89234  -45.164  10.912  17.467 0.0000000000
89247  -45.574  10.317  17.157 0.0000000000
146386  -44.248  10.362  17.200 0.0000000000
88400  -45.927  9.743  16.731 0.0000000000
87526  -46.270  9.132  16.207 0.0000000000
87538  -45.837  8.505  15.632 0.0000000000
86636  -45.340  7.818  15.017 0.0000000000
86646  -43.686  7.406  14.612 0.0000000000
86634  -43.294  7.730  15.360 0.0000000000
85727  -43.142  6.961  13.973 0.0000000000
85734  -41.654  6.509  13.573 0.0000000000
149567  -41.170  6.427  13.022 0.0000000000
133334  -39.362  8.357  15.614 0.0000000000
86630  -39.505  7.745  15.196 0.0000000000
131516  -40.061  7.423  14.769 0.0000000000
86642  -39.433  7.395  14.437 0.0000000000
85724  -40.199  6.850  14.187 0.0000000000
85732  -39.879  6.643  13.342 0.0000000000
134504  -40.466  6.482  12.773 0.0000000000
85743  -40.337  6.516  11.934 0.0000000000
137804  -39.509  9.676  10.316 0.0000000000
90078  -40.269  11.241  11.107 0.0000000000
92387  -39.208  14.234  11.129 0.0000000000
90075  -36.753  11.633  12.001 0.0000000000
93169  -38.202  15.866  10.822 0.0000000000
93935  -37.368  15.919  11.140 0.0000000000
138888  -37.663  16.597  10.809 0.0000000000
138312  -37.937  17.485  10.516 0.0000000000
84925  -49.295  5.993  -0.594 0.0000000000
85886  -49.260  6.494  -1.355 0.0000000000
87631  -45.887  7.952  4.878 0.0000000000
87657  -45.864  8.875  3.453 0.0000000000
87658  -46.420  8.191  2.881 0.0000000000
88529  -45.876  9.465  1.268 0.0000000000
88537  -45.446  9.592  0.520 0.0000000000
88530  -46.540  8.984  1.186 0.0000000000
87700  -49.263  8.724  -0.993 0.0000000000
86828  -49.051  7.733  -2.254 0.0000000000
85892  -48.673  7.162  -2.611 0.0000000000
84935  -48.107  6.415  -2.664 0.0000000000
124252  -47.602  6.452  -3.452 0.0000000000
135049  -47.348  6.966  -4.116 0.0000000000
89393  -46.437  9.922  -3.621 0.0000000000
136774  -46.733  9.624  -4.949 0.0000000000
86841  -46.034  7.737  -5.066 0.0000000000
87731  -45.672  8.158  -5.275 0.0000000000
87730  -45.025  8.284  -5.279 0.0000000000
88585  -45.580  9.588  -6.334 0.0000000000
87737  -44.939  9.072  -5.795 0.0000000000
90832  -39.705  12.314  7.948 0.0000000000
127958  -40.155  13.443  7.659 0.0000000000
91649  -39.739  12.994  7.385 0.0000000000
91656  -39.743  13.020  6.610 0.0000000000
91663  -40.318  13.610  5.267 0.0000000000
93197  -41.727  15.185  6.488 0.0000000000
93210  -41.446  15.203  5.792 0.0000000000
92420  -40.875  14.682  5.645 0.0000000000
92424  -40.647  14.386  4.812 0.0000000000
91677  -41.159  14.185  2.927 0.0000000000
92434  -41.687  14.532  2.162 0.0000000000
92441  -41.728  14.140  1.411 0.0000000000
92454  -42.538  14.113  -0.650 0.0000000000
93224  -48.015  15.942  4.686 0.0000000000
93986  -46.164  16.341  4.994 0.0000000000
141010  -45.948  16.405  4.275 0.0000000000
125439  -45.238  16.485  3.922 0.0000000000
93997  -45.224  16.445  3.134 0.0000000000
135407  -49.652  15.531  1.559 0.0000000000
93245  -48.514  15.687  1.844 0.0000000000
123415  -47.319  16.048  1.818 0.0000000000
94021  -47.335  16.126  0.969 0.0000000000
124394  -46.260  16.302  2.051 0.0000000000
126372  -45.250  16.377  2.257 0.0000000000
94008  -44.371  16.430  2.797 0.0000000000
94017  -44.275  16.284  2.031 0.0000000000
93264  -44.162  15.962  1.276 0.0000000000
93273  -44.324  15.793  -0.045 0.0000000000
92459  -42.645  13.944  -1.372 0.0000000000
91708  -42.933  13.638  -2.192 0.0000000000
91709  -43.429  13.638  -3.107 0.0000000000
90925  -45.809  12.848  -6.628 0.0000000000
93311  -45.488  15.330  -5.816 0.0000000000
90182  -45.990  12.316  -7.239 0.0000000000
90188  -45.652  12.307  -7.593 0.0000000000
137380  -45.144  11.481  -7.442 0.0000000000
90181  -44.926  12.118  -7.588 0.0000000000
89415  -44.749  10.833  -6.907 0.0000000000
93310  -43.555  15.740  -5.935 0.0000000000
92480  -42.564  14.577  -4.775 0.0000000000
95933  -45.263  18.900  -2.787 0.0000000000
95304  -42.488  17.929  -2.616 0.0000000000
95297  -43.641  18.585  -1.364 0.0000000000
94056  -39.920  16.668  -2.260 0.0000000000
94706  -40.221  17.384  -2.046 0.0000000000
93281  -39.814  15.508  -1.784 0.0000000000
94041  -38.512  16.490  -0.631 0.0000000000
94674  -39.011  17.439  0.995 0.0000000000
95271  -37.575  18.225  2.733 0.0000000000
99229  -47.432  24.865  1.767 0.0000000000
99832  -44.935  25.301  2.094 0.0000000000
99214  -44.171  24.892  2.279 0.0000000000
142688  -43.417  24.562  2.086 0.0000000000
99228  -42.850  24.666  1.618 0.0000000000
99852  -42.591  25.558  0.304 0.0000000000
99241  -42.175  24.794  0.871 0.0000000000
97941  -40.798  22.894  0.729 0.0000000000
133248  -39.999  22.300  1.111 0.0000000000
84024  -46.437  5.167  -3.137 0.0000000000
86647  -44.583  7.532  14.570 0.0000000000
86753  -45.798  6.963  4.603 0.0000000000
89411  -44.923  10.287  -6.740 0.0000000000
90187  -45.298  11.896  -7.606 0.0000000000
92340  -40.105  14.331  18.897 0.0000000000
92352  -39.798  14.184  18.329 0.0000000000
93266  -50.504  15.877  0.457 0.0000000000
93303  -41.982  15.760  -3.976 0.0000000000
94024  -50.712  16.057  0.809 0.0000000000
94679  -50.428  16.438  0.138 0.0000000000
94690  -50.182  17.093  -0.117 0.0000000000
94738  -47.844  18.818  -4.525 0.0000000000
95316  -49.235  18.368  -2.789 0.0000000000
95329  -47.362  18.871  -4.955 0.0000000000
95860  -51.474  19.396  7.711 0.0000000000
148363  -47.575  6.631  3.942 0.0000000000
