#!ascii label  , from subject chris_t1_3 vox2ras=TkReg
1129
52182  -11.289  -27.510  53.740 0.0000000000
59091  -32.451  -19.461  40.740 0.0000000000
65249  -29.885  -15.682  36.176 0.0000000000
66083  -27.718  -13.250  45.513 0.0000000000
146077  -33.764  -6.254  23.924 0.0000000000
67210  -29.411  -13.777  27.728 0.0000000000
63002  -35.922  -16.751  45.700 0.0000000000
61087  -30.564  -17.316  43.411 0.0000000000
75752  -40.711  -3.836  24.511 0.0000000000
80410  -43.428  0.157  23.174 0.0000000000
82182  -43.976  2.919  21.213 0.0000000000
66197  -33.388  -14.291  34.404 0.0000000000
65318  -27.568  -15.288  31.909 0.0000000000
66246  -33.319  -14.610  29.899 0.0000000000
68111  -35.083  -11.772  26.733 0.0000000000
63010  -18.608  -16.265  45.172 0.0000000000
53077  -8.112  -26.905  57.048 0.0000000000
62148  -32.283  -17.717  39.077 0.0000000000
67981  -33.951  -12.269  39.065 0.0000000000
64097  -21.367  -15.617  42.506 0.0000000000
63073  -26.908  -16.947  39.764 0.0000000000
124343  -42.746  0.792  15.114 0.0000000000
84802  -45.357  5.820  18.404 0.0000000000
69868  -30.867  -10.226  25.103 0.0000000000
71810  -37.380  -7.858  25.345 0.0000000000
53158  -13.260  -26.882  50.168 0.0000000000
50300  -4.567  -30.393  54.556 0.0000000000
78563  -42.224  -2.067  23.680 0.0000000000
129099  -33.660  -14.496  31.465 0.0000000000
59016  -17.291  -20.892  44.256 0.0000000000
53092  -10.177  -27.118  55.991 0.0000000000
128401  -33.128  -20.592  37.954 0.0000000000
61183  -32.592  -18.209  40.108 0.0000000000
146258  -24.306  -14.025  43.242 0.0000000000
124628  -24.241  -14.784  40.885 0.0000000000
64087  -27.605  -14.874  42.361 0.0000000000
60056  -31.325  -19.033  42.088 0.0000000000
60090  -28.922  -20.603  41.350 0.0000000000
59089  -30.825  -21.696  40.496 0.0000000000
140845  -25.811  -13.861  46.921 0.0000000000
64057  -22.607  -14.233  45.366 0.0000000000
78606  -38.666  -1.418  18.992 0.0000000000
80470  -41.584  0.547  16.585 0.0000000000
84797  -44.659  5.122  20.628 0.0000000000
134431  -28.467  -15.065  30.023 0.0000000000
68106  -29.938  -11.855  26.415 0.0000000000
69006  -36.802  -10.441  25.639 0.0000000000
133047  -16.338  -22.606  47.517 0.0000000000
56116  -15.178  -23.587  49.370 0.0000000000
55165  -14.400  -24.490  50.858 0.0000000000
53182  -14.286  -26.396  48.469 0.0000000000
50302  -6.071  -30.833  53.724 0.0000000000
60059  -33.698  -17.685  42.973 0.0000000000
62112  -34.919  -16.454  42.419 0.0000000000
144689  -37.175  -16.780  43.362 0.0000000000
65133  -30.510  -14.538  47.413 0.0000000000
64059  -29.272  -15.538  44.641 0.0000000000
62024  -31.411  -17.835  46.642 0.0000000000
61091  -32.979  -17.871  45.315 0.0000000000
73802  -37.526  -6.520  22.955 0.0000000000
75784  -38.451  -3.253  22.124 0.0000000000
78577  -40.494  -2.565  21.588 0.0000000000
80423  -41.201  0.343  20.880 0.0000000000
80441  -41.895  1.496  19.685 0.0000000000
81300  -43.561  1.613  22.013 0.0000000000
67138  -30.267  -13.193  36.140 0.0000000000
65267  -28.055  -15.073  34.758 0.0000000000
65290  -30.741  -14.687  33.513 0.0000000000
127082  -30.290  -15.383  30.962 0.0000000000
65345  -31.423  -15.152  28.815 0.0000000000
68088  -31.464  -13.223  27.143 0.0000000000
66288  -32.686  -12.885  28.135 0.0000000000
62016  -17.280  -17.813  47.125 0.0000000000
58031  -16.823  -22.005  46.371 0.0000000000
82216  -47.041  2.902  14.506 0.0000000000
54114  -6.758  -26.454  57.054 0.0000000000
61205  -32.943  -19.532  36.683 0.0000000000
135095  -32.147  -17.136  37.237 0.0000000000
64142  -34.041  -15.828  40.282 0.0000000000
66145  -33.052  -14.181  39.159 0.0000000000
145922  -30.720  -13.230  38.035 0.0000000000
149774  -33.952  -14.136  36.139 0.0000000000
63047  -28.509  -17.024  41.577 0.0000000000
142399  -21.113  -15.003  46.587 0.0000000000
130112  -19.737  -16.289  43.257 0.0000000000
135340  -43.146  2.815  18.712 0.0000000000
130181  -43.793  3.366  16.952 0.0000000000
83020  -45.711  3.694  15.388 0.0000000000
84808  -47.452  5.869  16.980 0.0000000000
51247  -10.137  -29.072  50.399 0.0000000000
51233  -9.235  -28.921  52.916 0.0000000000
72826  -32.482  -8.022  24.353 0.0000000000
123314  -33.202  -11.704  25.629 0.0000000000
69885  -34.872  -10.391  24.471 0.0000000000
133366  -36.351  -7.968  23.915 0.0000000000
72835  -38.534  -5.739  24.907 0.0000000000
53133  -12.175  -27.158  51.401 0.0000000000
51212  -7.672  -28.226  54.134 0.0000000000
52155  -6.091  -27.589  54.878 0.0000000000
53099  -5.054  -27.256  54.357 0.0000000000
144646  -10.873  -27.410  54.611 0.0000000000
133998  -32.064  -20.947  40.104 0.0000000000
59101  -32.902  -20.812  39.235 0.0000000000
60109  -32.591  -19.324  40.421 0.0000000000
66095  -25.896  -13.253  44.845 0.0000000000
65159  -25.374  -14.001  42.720 0.0000000000
65161  -27.342  -14.077  43.607 0.0000000000
59047  -31.915  -19.378  41.463 0.0000000000
59045  -30.382  -20.464  40.968 0.0000000000
123370  -31.429  -21.115  40.391 0.0000000000
58115  -31.497  -22.019  40.013 0.0000000000
66069  -27.947  -13.221  47.128 0.0000000000
65131  -27.308  -14.000  48.036 0.0000000000
65139  -26.715  -13.228  46.215 0.0000000000
65148  -25.020  -13.459  45.544 0.0000000000
79539  -40.820  0.140  16.845 0.0000000000
64174  -31.044  -17.049  35.788 0.0000000000
64173  -30.254  -16.662  35.551 0.0000000000
66258  -28.883  -14.207  28.888 0.0000000000
65353  -28.672  -15.167  28.310 0.0000000000
67222  -29.653  -13.201  27.150 0.0000000000
56138  -15.568  -24.523  47.323 0.0000000000
57042  -15.606  -23.004  48.797 0.0000000000
55203  -15.112  -24.537  48.132 0.0000000000
130504  -14.638  -24.870  48.707 0.0000000000
54220  -14.638  -26.242  47.053 0.0000000000
62071  -35.060  -17.027  44.852 0.0000000000
62084  -35.755  -17.029  43.833 0.0000000000
63024  -36.674  -16.551  44.578 0.0000000000
64009  -31.575  -15.248  48.361 0.0000000000
126009  -30.936  -16.462  47.053 0.0000000000
62984  -32.132  -16.931  48.243 0.0000000000
62029  -35.438  -17.511  46.774 0.0000000000
61054  -33.698  -18.536  46.423 0.0000000000
61073  -34.187  -17.647  45.753 0.0000000000
60044  -33.319  -17.680  43.927 0.0000000000
74785  -38.549  -4.589  23.832 0.0000000000
74797  -37.841  -5.022  22.966 0.0000000000
75774  -39.466  -3.618  23.289 0.0000000000
78570  -42.695  -1.119  23.368 0.0000000000
77647  -41.015  -2.010  22.269 0.0000000000
78568  -41.624  -1.142  22.274 0.0000000000
79506  -40.100  -0.791  21.012 0.0000000000
80416  -42.404  0.303  22.096 0.0000000000
80425  -42.881  1.098  21.934 0.0000000000
80418  -43.597  0.816  22.956 0.0000000000
66175  -31.900  -14.303  35.100 0.0000000000
123308  -30.338  -14.215  34.309 0.0000000000
66211  -31.555  -14.447  34.151 0.0000000000
66238  -33.513  -14.777  30.653 0.0000000000
65322  -32.389  -15.344  31.247 0.0000000000
65334  -32.497  -15.440  30.356 0.0000000000
128106  -31.480  -15.359  29.717 0.0000000000
65354  -32.300  -15.052  28.815 0.0000000000
66274  -31.785  -14.400  28.230 0.0000000000
66276  -32.545  -13.113  29.237 0.0000000000
64041  -18.795  -15.728  46.415 0.0000000000
64029  -18.041  -15.979  47.933 0.0000000000
62033  -17.571  -17.387  46.298 0.0000000000
59008  -17.093  -21.072  45.157 0.0000000000
83021  -47.762  4.044  15.237 0.0000000000
83026  -49.546  3.311  14.405 0.0000000000
53064  -7.252  -26.189  57.266 0.0000000000
61196  -32.622  -19.244  38.236 0.0000000000
60145  -33.113  -20.443  37.242 0.0000000000
133009  -32.732  -19.110  37.511 0.0000000000
63122  -32.316  -18.145  37.172 0.0000000000
63115  -32.305  -17.388  37.870 0.0000000000
64117  -36.017  -16.243  41.829 0.0000000000
63076  -34.608  -16.339  41.716 0.0000000000
64130  -35.646  -15.704  41.381 0.0000000000
68851  -33.815  -12.052  40.490 0.0000000000
67095  -33.625  -13.211  40.587 0.0000000000
67966  -32.484  -12.686  39.269 0.0000000000
66144  -32.286  -13.774  38.878 0.0000000000
67979  -32.046  -12.591  38.747 0.0000000000
68002  -31.514  -12.726  37.387 0.0000000000
67107  -32.839  -12.747  37.815 0.0000000000
64127  -25.740  -15.762  39.815 0.0000000000
63013  -29.906  -16.351  43.557 0.0000000000
63034  -29.620  -16.750  42.930 0.0000000000
62069  -29.336  -17.780  43.194 0.0000000000
145642  -28.488  -19.501  41.201 0.0000000000
64022  -22.471  -15.001  47.840 0.0000000000
132018  -22.183  -14.863  43.607 0.0000000000
64069  -20.967  -15.080  44.233 0.0000000000
63032  -20.521  -15.929  42.904 0.0000000000
63031  -19.796  -16.823  42.458 0.0000000000
82181  -43.462  2.364  20.868 0.0000000000
82187  -43.094  2.641  19.693 0.0000000000
82998  -43.603  2.842  20.427 0.0000000000
83893  -44.783  5.696  19.078 0.0000000000
83005  -43.993  3.795  18.271 0.0000000000
83899  -44.596  4.344  17.595 0.0000000000
82208  -44.917  3.385  15.702 0.0000000000
83900  -45.370  4.763  17.103 0.0000000000
83901  -46.044  4.887  16.483 0.0000000000
84807  -46.455  5.717  17.293 0.0000000000
64202  -27.390  -15.689  32.901 0.0000000000
63147  -28.432  -17.020  33.650 0.0000000000
70845  -31.756  -9.060  23.774 0.0000000000
70815  -31.912  -9.164  24.873 0.0000000000
67239  -33.262  -12.625  26.617 0.0000000000
68988  -32.465  -12.128  26.210 0.0000000000
68128  -34.175  -12.130  25.631 0.0000000000
70819  -37.181  -9.288  25.170 0.0000000000
69886  -35.828  -10.498  24.744 0.0000000000
70836  -36.459  -9.799  24.680 0.0000000000
71828  -35.105  -8.432  24.591 0.0000000000
71830  -36.929  -8.534  24.195 0.0000000000
149573  -37.811  -7.460  24.021 0.0000000000
71812  -37.855  -6.949  25.307 0.0000000000
146901  -14.141  -25.845  50.195 0.0000000000
54176  -14.138  -26.312  51.577 0.0000000000
53135  -13.733  -26.494  52.327 0.0000000000
53144  -12.948  -27.002  50.908 0.0000000000
52217  -11.574  -28.091  49.855 0.0000000000
52218  -12.411  -27.428  49.758 0.0000000000
51239  -7.849  -30.059  52.235 0.0000000000
51223  -8.435  -28.860  53.671 0.0000000000
51231  -7.684  -29.504  52.879 0.0000000000
50301  -5.351  -30.539  54.104 0.0000000000
52176  -5.740  -28.800  53.560 0.0000000000
52175  -5.023  -28.464  53.623 0.0000000000
136403  -5.514  -27.724  54.249 0.0000000000
52163  -4.318  -28.389  53.446 0.0000000000
62986  -33.394  -17.322  48.514 0.0000000000
77621  -41.709  -2.146  25.970 0.0000000000
76719  -41.296  -3.201  24.128 0.0000000000
78544  -42.353  -1.751  25.517 0.0000000000
128404  -33.545  -14.304  32.937 0.0000000000
62064  -17.962  -17.683  43.926 0.0000000000
62063  -17.520  -18.287  44.853 0.0000000000
148494  -10.056  -26.680  57.183 0.0000000000
52158  -8.942  -27.276  56.471 0.0000000000
59113  -33.056  -21.147  38.345 0.0000000000
60135  -32.784  -20.198  38.728 0.0000000000
61192  -32.334  -17.893  39.640 0.0000000000
67993  -35.362  -13.195  37.895 0.0000000000
64085  -22.927  -14.785  43.346 0.0000000000
130590  -23.377  -14.900  41.696 0.0000000000
146820  -24.531  -14.216  42.662 0.0000000000
65182  -26.181  -14.900  41.454 0.0000000000
130822  -26.985  -15.649  41.183 0.0000000000
60055  -30.775  -18.860  42.231 0.0000000000
60054  -29.569  -19.073  41.960 0.0000000000
59029  -30.035  -20.027  41.218 0.0000000000
59044  -29.589  -20.950  41.161 0.0000000000
58114  -30.530  -22.219  39.802 0.0000000000
65118  -25.024  -14.809  48.302 0.0000000000
65127  -23.264  -14.426  46.826 0.0000000000
65137  -24.405  -13.858  46.152 0.0000000000
64058  -23.181  -14.006  44.684 0.0000000000
77671  -38.128  -2.646  19.293 0.0000000000
80471  -42.258  0.646  15.848 0.0000000000
83879  -45.287  5.099  22.753 0.0000000000
83887  -44.663  4.668  21.266 0.0000000000
145709  -28.083  -15.369  30.802 0.0000000000
67247  -29.698  -12.829  26.047 0.0000000000
68985  -30.040  -11.419  25.884 0.0000000000
68113  -36.236  -10.547  26.795 0.0000000000
68130  -35.770  -11.759  26.252 0.0000000000
68990  -36.870  -9.269  26.642 0.0000000000
58960  -16.772  -21.378  48.618 0.0000000000
58951  -16.534  -21.539  49.323 0.0000000000
134570  -15.411  -22.733  51.144 0.0000000000
55180  -14.684  -24.162  49.990 0.0000000000
126910  -14.189  -25.487  49.844 0.0000000000
53171  -13.859  -26.718  48.905 0.0000000000
52238  -12.742  -28.312  48.130 0.0000000000
52239  -13.211  -28.351  47.671 0.0000000000
59049  -32.774  -18.814  41.914 0.0000000000
60093  -33.279  -18.149  41.633 0.0000000000
62096  -34.784  -16.679  42.804 0.0000000000
63048  -35.825  -16.675  42.832 0.0000000000
66076  -29.418  -13.868  46.385 0.0000000000
65149  -28.477  -14.342  44.606 0.0000000000
64046  -29.960  -15.766  46.155 0.0000000000
63000  -30.073  -16.341  45.676 0.0000000000
62057  -31.092  -16.584  45.217 0.0000000000
62025  -32.650  -18.242  47.221 0.0000000000
61070  -32.205  -18.115  45.628 0.0000000000
61089  -32.099  -17.560  44.494 0.0000000000
60042  -32.265  -18.243  43.288 0.0000000000
143879  -32.511  -18.622  42.539 0.0000000000
65122  -29.960  -13.983  48.284 0.0000000000
73782  -36.001  -6.469  23.610 0.0000000000
74781  -34.723  -5.472  22.780 0.0000000000
134072  -36.338  -5.085  22.795 0.0000000000
75771  -36.869  -4.090  22.030 0.0000000000
76735  -38.388  -3.233  21.037 0.0000000000
76727  -40.597  -2.617  22.247 0.0000000000
77656  -40.146  -2.692  21.355 0.0000000000
77655  -39.569  -2.635  21.095 0.0000000000
78585  -39.475  -2.079  20.980 0.0000000000
79515  -39.975  -0.350  20.014 0.0000000000
80440  -40.537  0.392  19.422 0.0000000000
132271  -41.217  1.077  18.773 0.0000000000
80432  -41.899  1.120  20.617 0.0000000000
126967  -43.294  1.770  21.415 0.0000000000
82174  -44.239  2.668  21.903 0.0000000000
81290  -44.699  1.690  23.733 0.0000000000
82987  -44.856  3.584  22.920 0.0000000000
65237  -29.401  -14.673  36.530 0.0000000000
65248  -28.929  -15.182  35.809 0.0000000000
67136  -28.771  -13.927  35.047 0.0000000000
66209  -28.806  -14.047  33.578 0.0000000000
66225  -28.968  -14.151  32.761 0.0000000000
65305  -32.198  -15.309  32.342 0.0000000000
65320  -30.173  -15.338  31.903 0.0000000000
128991  -29.280  -15.306  31.254 0.0000000000
65332  -29.272  -14.961  30.123 0.0000000000
66259  -29.323  -14.308  29.016 0.0000000000
66272  -29.202  -14.021  28.411 0.0000000000
67223  -29.948  -13.253  27.451 0.0000000000
66286  -31.505  -13.768  27.585 0.0000000000
67225  -32.987  -12.947  27.209 0.0000000000
67227  -34.094  -11.932  27.136 0.0000000000
67213  -33.658  -11.484  27.771 0.0000000000
68090  -35.557  -10.937  27.132 0.0000000000
61014  -16.989  -18.610  48.433 0.0000000000
61063  -17.416  -18.741  45.649 0.0000000000
58977  -17.120  -20.550  46.710 0.0000000000
142190  -16.926  -20.956  47.332 0.0000000000
58030  -16.643  -22.688  46.690 0.0000000000
148622  -32.037  -17.963  36.682 0.0000000000
65240  -31.635  -15.820  36.950 0.0000000000
127012  -33.243  -17.326  40.908 0.0000000000
62136  -32.861  -17.134  40.393 0.0000000000
63088  -33.217  -16.253  39.722 0.0000000000
65205  -34.280  -15.458  39.682 0.0000000000
64153  -33.460  -16.282  38.985 0.0000000000
65228  -32.922  -15.351  37.857 0.0000000000
65227  -31.957  -15.143  37.550 0.0000000000
65225  -30.261  -14.513  37.393 0.0000000000
67118  -30.294  -12.931  36.955 0.0000000000
67120  -31.853  -13.332  36.555 0.0000000000
66176  -33.011  -14.312  35.047 0.0000000000
67123  -35.360  -13.248  36.491 0.0000000000
67141  -34.402  -13.644  35.186 0.0000000000
64088  -28.298  -14.863  43.109 0.0000000000
64102  -28.156  -15.951  41.922 0.0000000000
63062  -27.950  -17.139  40.834 0.0000000000
128274  -29.054  -18.947  42.284 0.0000000000
62110  -28.410  -18.057  41.215 0.0000000000
64032  -20.657  -14.900  47.340 0.0000000000
64042  -19.648  -15.384  46.151 0.0000000000
64044  -21.756  -14.843  46.341 0.0000000000
64068  -20.367  -15.263  44.745 0.0000000000
130985  -18.780  -16.413  44.416 0.0000000000
62076  -18.527  -17.671  43.024 0.0000000000
138053  -41.677  1.252  17.658 0.0000000000
80460  -42.238  1.758  17.738 0.0000000000
81336  -42.966  2.188  16.690 0.0000000000
83002  -43.804  3.610  19.151 0.0000000000
82201  -43.600  3.374  17.984 0.0000000000
81346  -43.615  2.175  15.768 0.0000000000
81350  -44.223  1.922  14.861 0.0000000000
81351  -45.079  2.461  14.595 0.0000000000
81354  -45.812  2.084  13.995 0.0000000000
82211  -46.121  3.292  14.845 0.0000000000
83018  -47.014  4.324  15.632 0.0000000000
52196  -10.845  -28.037  52.100 0.0000000000
52187  -9.966  -28.261  52.984 0.0000000000
51241  -9.456  -28.808  52.037 0.0000000000
64182  -28.832  -16.615  34.606 0.0000000000
72827  -32.979  -7.375  24.297 0.0000000000
68087  -30.616  -12.798  27.060 0.0000000000
68987  -31.332  -11.693  26.410 0.0000000000
69870  -32.368  -10.692  25.467 0.0000000000
69004  -35.030  -11.706  25.182 0.0000000000
138353  -33.465  -10.916  25.097 0.0000000000
125707  -32.632  -9.710  25.063 0.0000000000
70816  -33.255  -8.867  24.854 0.0000000000
70833  -33.793  -7.913  24.765 0.0000000000
72829  -34.843  -6.851  24.325 0.0000000000
72848  -36.575  -7.281  23.664 0.0000000000
72851  -37.866  -6.006  23.570 0.0000000000
74763  -40.109  -4.631  24.821 0.0000000000
140946  -12.606  -26.848  54.119 0.0000000000
53112  -13.141  -26.608  53.730 0.0000000000
52189  -11.585  -27.397  52.904 0.0000000000
52204  -11.486  -27.846  50.816 0.0000000000
52216  -10.896  -28.617  50.100 0.0000000000
52169  -10.116  -27.752  54.546 0.0000000000
52167  -8.823  -27.681  55.405 0.0000000000
52157  -8.210  -27.481  55.944 0.0000000000
52177  -6.708  -29.003  53.552 0.0000000000
52165  -7.263  -27.857  54.625 0.0000000000
146475  -6.949  -26.967  56.187 0.0000000000
53090  -6.007  -26.967  56.129 0.0000000000
142552  -5.447  -27.060  56.551 0.0000000000
51211  -3.616  -29.735  54.247 0.0000000000
51218  -3.456  -28.927  53.677 0.0000000000
132343  -12.187  -26.933  54.502 0.0000000000
148579  -11.099  -27.504  54.196 0.0000000000
124233  -32.183  -20.011  40.468 0.0000000000
59090  -32.491  -20.285  40.012 0.0000000000
66082  -26.817  -13.145  45.119 0.0000000000
66096  -26.809  -13.433  44.300 0.0000000000
66097  -27.736  -13.705  44.544 0.0000000000
59072  -32.299  -19.379  41.224 0.0000000000
59071  -31.725  -20.139  40.651 0.0000000000
66074  -27.581  -13.154  46.408 0.0000000000
79538  -40.463  0.285  17.545 0.0000000000
65250  -30.761  -16.239  35.995 0.0000000000
66271  -28.855  -14.175  28.078 0.0000000000
65352  -28.634  -14.539  28.788 0.0000000000
66285  -29.323  -13.717  27.324 0.0000000000
134148  -15.448  -25.070  46.723 0.0000000000
55216  -15.079  -25.087  47.448 0.0000000000
55215  -14.843  -25.678  47.522 0.0000000000
62059  -35.463  -16.913  45.242 0.0000000000
62072  -35.666  -16.910  44.488 0.0000000000
63015  -35.987  -16.680  44.866 0.0000000000
64023  -32.015  -16.112  48.650 0.0000000000
147565  -31.600  -16.399  47.796 0.0000000000
64024  -32.669  -16.732  48.812 0.0000000000
62045  -35.344  -17.058  46.052 0.0000000000
62044  -34.842  -17.586  46.298 0.0000000000
62058  -34.872  -17.160  45.608 0.0000000000
61093  -34.362  -17.231  45.034 0.0000000000
64010  -31.689  -15.369  49.204 0.0000000000
74787  -39.605  -4.448  23.881 0.0000000000
74800  -39.039  -4.160  23.620 0.0000000000
76720  -40.638  -3.742  23.986 0.0000000000
79495  -42.909  -0.377  23.027 0.0000000000
127044  -42.332  -0.910  22.792 0.0000000000
79494  -42.356  -0.339  22.448 0.0000000000
79501  -41.805  -0.315  21.945 0.0000000000
80417  -42.962  0.412  22.584 0.0000000000
66196  -32.585  -14.342  34.288 0.0000000000
65335  -33.133  -15.182  29.928 0.0000000000
65346  -32.193  -15.345  29.618 0.0000000000
145084  -32.870  -15.176  29.457 0.0000000000
66260  -32.414  -14.136  29.624 0.0000000000
62999  -18.505  -16.185  45.833 0.0000000000
139962  -18.022  -16.490  46.328 0.0000000000
63009  -17.958  -16.837  45.635 0.0000000000
83912  -48.657  4.372  15.307 0.0000000000
83022  -48.706  3.746  14.782 0.0000000000
53066  -8.294  -26.565  57.829 0.0000000000
53065  -7.796  -26.402  57.777 0.0000000000
138565  -7.208  -26.411  56.824 0.0000000000
131214  -32.348  -18.524  38.887 0.0000000000
62160  -32.429  -18.499  38.307 0.0000000000
62159  -32.433  -18.362  37.681 0.0000000000
63116  -32.326  -17.603  38.466 0.0000000000
65197  -35.834  -14.898  41.499 0.0000000000
67968  -33.623  -12.103  39.914 0.0000000000
67967  -33.381  -12.387  39.905 0.0000000000
67980  -32.876  -12.311  39.213 0.0000000000
138461  -32.339  -12.459  38.453 0.0000000000
123805  -33.264  -12.438  38.458 0.0000000000
63045  -20.584  -16.355  42.066 0.0000000000
64112  -21.291  -15.920  41.487 0.0000000000
62056  -30.525  -16.517  43.980 0.0000000000
62070  -29.837  -17.167  42.983 0.0000000000
64084  -22.220  -15.096  42.926 0.0000000000
139227  -21.322  -15.210  43.444 0.0000000000
146924  -43.348  0.660  14.609 0.0000000000
82188  -43.354  2.662  20.217 0.0000000000
83897  -44.865  5.203  18.307 0.0000000000
131416  -44.944  4.830  17.766 0.0000000000
84806  -45.587  5.398  17.659 0.0000000000
141393  -45.998  5.222  16.995 0.0000000000
84803  -46.170  6.243  18.131 0.0000000000
65301  -27.662  -15.031  32.616 0.0000000000
64222  -27.349  -16.344  32.618 0.0000000000
64237  -27.278  -16.126  31.887 0.0000000000
145763  -30.448  -10.679  25.029 0.0000000000
69018  -30.490  -11.115  24.574 0.0000000000
70814  -31.449  -9.700  24.696 0.0000000000
68110  -34.192  -12.579  26.400 0.0000000000
70820  -37.201  -8.553  25.357 0.0000000000
70818  -37.047  -9.618  24.936 0.0000000000
70837  -37.188  -8.887  24.738 0.0000000000
128868  -36.802  -9.139  24.487 0.0000000000
71831  -37.356  -8.187  24.815 0.0000000000
72832  -37.591  -7.802  24.431 0.0000000000
71832  -37.563  -7.556  25.021 0.0000000000
53159  -13.773  -26.321  49.963 0.0000000000
54191  -14.265  -26.101  50.834 0.0000000000
126161  -13.786  -26.581  50.879 0.0000000000
51220  -4.992  -29.624  53.634 0.0000000000
51219  -4.283  -29.513  53.898 0.0000000000
66228  -33.443  -14.171  32.808 0.0000000000
139708  -17.503  -18.813  44.069 0.0000000000
53093  -11.083  -26.855  56.061 0.0000000000
53080  -10.522  -26.737  56.707 0.0000000000
53091  -9.769  -27.036  56.610 0.0000000000
59100  -32.462  -21.739  38.790 0.0000000000
60125  -32.544  -19.864  39.637 0.0000000000
60126  -32.537  -19.317  39.390 0.0000000000
61191  -32.467  -18.856  39.148 0.0000000000
64072  -23.456  -14.326  43.717 0.0000000000
64086  -23.711  -14.444  42.968 0.0000000000
65174  -26.559  -14.017  42.889 0.0000000000
65173  -25.330  -14.308  42.103 0.0000000000
65183  -26.416  -14.532  42.218 0.0000000000
64101  -27.211  -15.325  41.753 0.0000000000
132786  -30.135  -19.209  41.711 0.0000000000
141938  -30.657  -19.377  41.617 0.0000000000
59069  -30.236  -21.220  40.898 0.0000000000
59068  -29.591  -21.361  40.921 0.0000000000
59088  -30.051  -21.989  40.444 0.0000000000
58127  -30.795  -22.459  39.100 0.0000000000
65130  -26.233  -14.310  47.782 0.0000000000
123620  -27.193  -14.708  48.770 0.0000000000
142215  -25.803  -14.877  48.158 0.0000000000
65129  -25.301  -14.482  47.661 0.0000000000
124648  -24.795  -14.129  46.945 0.0000000000
130224  -24.142  -13.829  44.104 0.0000000000
65147  -24.170  -13.761  45.172 0.0000000000
78594  -38.435  -2.060  19.557 0.0000000000
64243  -27.897  -16.118  30.470 0.0000000000
144464  -28.212  -16.020  29.736 0.0000000000
68105  -29.766  -12.506  26.570 0.0000000000
138991  -29.838  -11.927  25.829 0.0000000000
68967  -36.614  -9.774  26.974 0.0000000000
70798  -37.664  -7.938  26.667 0.0000000000
58004  -16.537  -22.033  48.097 0.0000000000
128895  -16.114  -22.428  48.371 0.0000000000
56126  -15.373  -23.774  48.492 0.0000000000
57031  -15.975  -22.335  49.120 0.0000000000
57030  -15.495  -22.908  49.635 0.0000000000
56108  -15.072  -23.396  50.214 0.0000000000
54205  -14.418  -25.589  48.852 0.0000000000
53172  -14.085  -25.991  49.369 0.0000000000
53170  -13.211  -27.507  48.284 0.0000000000
134732  -13.933  -27.062  48.123 0.0000000000
60074  -33.191  -18.249  42.427 0.0000000000
60075  -33.541  -17.877  42.246 0.0000000000
61126  -34.226  -17.311  42.842 0.0000000000
63035  -36.297  -17.251  43.577 0.0000000000
62097  -35.793  -16.762  43.206 0.0000000000
63049  -36.696  -17.167  42.966 0.0000000000
65132  -30.064  -14.676  46.621 0.0000000000
65141  -29.608  -14.746  45.853 0.0000000000
62993  -30.953  -17.216  46.493 0.0000000000
64047  -30.464  -16.557  46.314 0.0000000000
63001  -30.658  -16.884  45.935 0.0000000000
63014  -30.399  -16.124  44.970 0.0000000000
62040  -31.177  -17.549  46.054 0.0000000000
62987  -34.275  -17.384  48.446 0.0000000000
62011  -33.197  -18.029  47.926 0.0000000000
61072  -33.349  -18.500  45.975 0.0000000000
61053  -33.067  -18.734  46.432 0.0000000000
61071  -32.758  -18.435  45.844 0.0000000000
61090  -32.521  -17.691  45.013 0.0000000000
60026  -32.241  -17.790  43.914 0.0000000000
60027  -32.646  -17.738  44.279 0.0000000000
60045  -33.811  -17.508  43.724 0.0000000000
60058  -33.259  -17.930  43.101 0.0000000000
59033  -32.896  -18.414  42.549 0.0000000000
65123  -30.841  -14.518  48.264 0.0000000000
66064  -29.609  -13.798  47.394 0.0000000000
73801  -36.746  -6.620  23.202 0.0000000000
130829  -36.143  -5.858  23.028 0.0000000000
74783  -36.876  -5.760  22.872 0.0000000000
74810  -37.943  -4.077  22.899 0.0000000000
75772  -37.652  -4.403  22.568 0.0000000000
75783  -38.023  -3.803  22.078 0.0000000000
75782  -37.892  -3.759  21.669 0.0000000000
134436  -38.699  -3.018  21.641 0.0000000000
136039  -41.904  -2.643  24.331 0.0000000000
77642  -41.567  -2.759  23.744 0.0000000000
77648  -41.299  -2.512  23.058 0.0000000000
78578  -40.781  -1.959  21.881 0.0000000000
77657  -40.656  -2.619  21.582 0.0000000000
78576  -40.098  -2.624  21.331 0.0000000000
78584  -38.842  -2.238  20.475 0.0000000000
78586  -40.048  -1.941  21.349 0.0000000000
79507  -40.689  -0.392  21.103 0.0000000000
79516  -40.587  0.015  20.405 0.0000000000
79525  -39.797  -0.008  18.956 0.0000000000
134403  -41.210  0.749  19.958 0.0000000000
81306  -42.681  1.458  21.201 0.0000000000
82173  -43.784  2.192  21.578 0.0000000000
81301  -44.113  2.075  22.215 0.0000000000
67137  -29.436  -13.495  35.749 0.0000000000
66174  -28.905  -14.196  35.879 0.0000000000
147067  -29.366  -13.683  35.105 0.0000000000
66210  -29.670  -14.227  33.527 0.0000000000
66194  -29.341  -13.963  34.424 0.0000000000
65303  -30.019  -15.075  32.755 0.0000000000
66227  -33.670  -14.327  32.253 0.0000000000
66226  -33.045  -14.639  32.855 0.0000000000
65306  -33.219  -15.006  31.832 0.0000000000
65321  -31.359  -15.334  31.623 0.0000000000
65344  -30.523  -15.145  29.081 0.0000000000
128071  -30.181  -14.243  28.446 0.0000000000
67224  -30.607  -13.876  27.759 0.0000000000
66273  -31.116  -14.335  28.147 0.0000000000
66287  -32.301  -13.614  27.753 0.0000000000
67226  -33.420  -12.310  27.589 0.0000000000
68075  -34.111  -10.757  27.878 0.0000000000
68076  -35.206  -10.519  27.601 0.0000000000
68089  -34.645  -11.236  27.393 0.0000000000
68091  -36.034  -10.186  27.317 0.0000000000
62992  -17.518  -16.860  47.612 0.0000000000
62002  -17.200  -17.704  48.082 0.0000000000
133459  -17.116  -18.472  47.697 0.0000000000
61081  -17.307  -19.450  45.096 0.0000000000
58996  -17.041  -21.219  46.073 0.0000000000
131112  -17.194  -20.376  45.720 0.0000000000
59999  -17.159  -19.822  47.203 0.0000000000
58013  -16.876  -21.400  46.905 0.0000000000
58012  -16.632  -22.070  47.225 0.0000000000
54113  -6.378  -26.542  56.569 0.0000000000
59134  -32.684  -21.208  36.205 0.0000000000
64167  -31.896  -16.622  36.874 0.0000000000
62111  -34.248  -16.892  42.129 0.0000000000
61157  -33.477  -17.557  41.484 0.0000000000
62123  -34.019  -16.736  41.658 0.0000000000
63075  -34.314  -16.124  41.017 0.0000000000
133870  -33.700  -16.579  41.045 0.0000000000
63089  -33.382  -16.368  40.438 0.0000000000
125084  -33.370  -13.738  39.822 0.0000000000
66133  -34.202  -14.456  40.169 0.0000000000
66146  -33.931  -14.836  39.274 0.0000000000
65219  -34.060  -15.691  38.886 0.0000000000
138280  -33.484  -15.163  38.622 0.0000000000
65229  -33.464  -16.050  38.343 0.0000000000
129043  -31.585  -13.590  38.566 0.0000000000
65217  -32.136  -14.444  38.259 0.0000000000
66154  -31.337  -14.244  37.985 0.0000000000
65226  -30.933  -14.926  37.348 0.0000000000
66153  -30.558  -14.004  37.763 0.0000000000
148230  -30.277  -13.546  37.562 0.0000000000
144962  -30.500  -13.041  37.566 0.0000000000
68003  -32.390  -13.102  37.245 0.0000000000
130656  -32.940  -13.758  36.392 0.0000000000
67139  -32.411  -14.162  35.767 0.0000000000
67140  -33.493  -14.225  35.647 0.0000000000
67124  -35.978  -12.968  36.674 0.0000000000
67109  -34.956  -13.343  37.187 0.0000000000
67142  -35.379  -13.031  35.935 0.0000000000
67152  -34.091  -13.479  34.430 0.0000000000
64114  -23.029  -15.211  40.772 0.0000000000
65163  -28.806  -14.985  44.448 0.0000000000
64073  -29.049  -15.189  43.808 0.0000000000
63033  -29.071  -16.759  42.330 0.0000000000
63046  -27.699  -16.236  41.337 0.0000000000
60072  -29.021  -19.724  41.582 0.0000000000
61124  -29.066  -18.916  42.237 0.0000000000
61140  -28.949  -19.562  41.739 0.0000000000
64031  -19.648  -15.160  46.777 0.0000000000
64043  -20.400  -15.134  46.359 0.0000000000
64045  -22.532  -14.506  46.131 0.0000000000
64056  -21.853  -14.702  45.385 0.0000000000
63021  -20.410  -15.542  43.743 0.0000000000
144636  -21.156  -14.955  44.927 0.0000000000
63011  -19.419  -15.688  44.915 0.0000000000
148245  -19.596  -15.911  44.063 0.0000000000
63020  -18.816  -16.774  43.625 0.0000000000
63030  -19.159  -16.933  42.940 0.0000000000
80459  -41.057  0.730  17.615 0.0000000000
80449  -42.022  1.720  18.699 0.0000000000
81325  -42.597  2.303  18.731 0.0000000000
81326  -42.686  2.313  17.712 0.0000000000
80461  -42.476  1.744  16.937 0.0000000000
83890  -44.218  4.288  20.428 0.0000000000
82999  -43.754  3.494  19.985 0.0000000000
83892  -44.055  4.323  19.435 0.0000000000
83008  -44.218  3.856  17.345 0.0000000000
82206  -43.505  2.734  16.546 0.0000000000
82207  -44.136  3.038  16.080 0.0000000000
82210  -45.350  3.096  15.021 0.0000000000
82215  -45.996  2.758  14.454 0.0000000000
84814  -46.715  5.259  16.698 0.0000000000
83905  -46.857  4.758  16.156 0.0000000000
83906  -47.576  5.216  16.319 0.0000000000
52203  -10.739  -28.229  51.046 0.0000000000
52195  -10.156  -28.236  52.282 0.0000000000
52202  -10.005  -28.582  51.381 0.0000000000
65268  -28.438  -15.616  35.107 0.0000000000
64172  -29.360  -16.147  35.341 0.0000000000
70832  -31.736  -9.020  24.378 0.0000000000
71839  -32.118  -8.423  24.071 0.0000000000
72846  -32.549  -7.780  23.882 0.0000000000
140863  -30.855  -13.400  27.412 0.0000000000
130695  -32.004  -11.321  25.943 0.0000000000
69005  -36.439  -11.156  26.155 0.0000000000
129070  -35.875  -11.674  25.660 0.0000000000
132379  -36.414  -11.094  25.480 0.0000000000
69871  -34.449  -11.144  24.705 0.0000000000
70817  -33.843  -10.101  24.718 0.0000000000
70834  -34.384  -9.220  24.646 0.0000000000
71829  -36.182  -8.526  24.238 0.0000000000
137334  -35.432  -7.716  24.299 0.0000000000
139140  -34.592  -7.475  24.616 0.0000000000
72830  -35.712  -7.097  23.979 0.0000000000
72834  -37.891  -6.680  24.433 0.0000000000
144217  -37.918  -6.854  23.776 0.0000000000
142751  -37.944  -6.104  24.294 0.0000000000
73783  -38.129  -5.419  24.243 0.0000000000
73767  -39.527  -4.999  24.960 0.0000000000
53134  -13.034  -26.903  51.924 0.0000000000
53124  -13.516  -26.369  53.132 0.0000000000
53123  -13.083  -26.790  52.824 0.0000000000
125363  -12.463  -26.977  53.323 0.0000000000
53122  -12.287  -27.046  52.372 0.0000000000
52197  -11.513  -27.585  51.796 0.0000000000
52227  -11.206  -29.014  49.264 0.0000000000
52180  -9.659  -28.188  53.700 0.0000000000
52178  -8.285  -28.075  54.278 0.0000000000
52179  -9.104  -27.957  54.289 0.0000000000
52166  -8.012  -27.751  55.043 0.0000000000
51229  -6.366  -30.285  53.267 0.0000000000
52164  -6.376  -28.000  54.275 0.0000000000
52156  -6.803  -27.303  55.466 0.0000000000
53089  -5.487  -27.055  55.458 0.0000000000
53088  -5.543  -27.006  55.531 0.0000000000
50283  -3.524  -30.592  55.412 0.0000000000
53100  -10.536  -27.254  55.288 0.0000000000
127531  -32.580  -21.131  39.627 0.0000000000
125888  -32.681  -18.912  40.193 0.0000000000
123436  -24.999  -13.398  44.487 0.0000000000
139111  -25.178  -13.683  43.467 0.0000000000
65160  -26.118  -13.494  43.833 0.0000000000
147033  -27.447  -14.517  42.988 0.0000000000
59031  -31.565  -19.261  41.717 0.0000000000
59030  -30.863  -19.655  41.316 0.0000000000
59046  -31.204  -19.857  41.034 0.0000000000
59070  -30.946  -20.720  40.686 0.0000000000
66063  -28.436  -13.500  47.900 0.0000000000
66068  -26.900  -13.697  47.120 0.0000000000
65138  -25.144  -13.710  46.359 0.0000000000
66073  -25.844  -13.376  45.900 0.0000000000
142940  -31.896  -18.326  35.908 0.0000000000
65342  -28.705  -14.532  29.274 0.0000000000
64250  -28.423  -15.351  29.132 0.0000000000
67237  -29.542  -13.246  26.729 0.0000000000
56139  -16.001  -23.903  47.155 0.0000000000
56127  -15.847  -23.229  47.836 0.0000000000
145336  -15.600  -23.997  47.793 0.0000000000
55193  -14.865  -24.271  49.025 0.0000000000
55202  -14.792  -25.308  48.121 0.0000000000
54212  -14.680  -26.091  47.981 0.0000000000
53193  -14.230  -26.848  47.459 0.0000000000
129741  -34.386  -17.166  43.580 0.0000000000
61127  -35.023  -16.766  43.460 0.0000000000
62083  -35.139  -16.863  44.139 0.0000000000
63023  -36.259  -17.127  44.198 0.0000000000
63036  -36.974  -17.249  43.777 0.0000000000
124247  -31.113  -15.396  47.558 0.0000000000
64035  -30.531  -15.647  46.801 0.0000000000
148919  -31.299  -17.172  47.151 0.0000000000
62994  -31.938  -17.507  47.459 0.0000000000
62027  -34.132  -18.185  47.145 0.0000000000
62028  -34.857  -17.997  47.006 0.0000000000
147786  -33.773  -18.291  46.073 0.0000000000
125813  -33.509  -17.847  45.545 0.0000000000
60028  -33.128  -17.657  44.632 0.0000000000
61092  -33.708  -17.452  44.936 0.0000000000
61109  -33.920  -17.377  44.424 0.0000000000
73815  -38.147  -5.976  23.020 0.0000000000
74796  -37.550  -5.449  22.820 0.0000000000
129944  -37.966  -5.066  23.055 0.0000000000
74798  -38.150  -3.760  23.020 0.0000000000
75773  -39.125  -3.429  23.055 0.0000000000
78564  -43.040  -1.344  24.114 0.0000000000
78569  -41.897  -1.618  22.900 0.0000000000
78587  -40.652  -1.309  21.510 0.0000000000
126702  -41.255  -1.071  21.814 0.0000000000
79500  -41.241  -0.335  21.479 0.0000000000
80424  -41.992  0.564  21.483 0.0000000000
81294  -43.901  1.450  22.587 0.0000000000
149125  -31.127  -13.393  35.727 0.0000000000
67151  -30.057  -13.537  35.167 0.0000000000
66195  -30.941  -14.118  34.973 0.0000000000
65323  -33.153  -15.192  30.817 0.0000000000
65333  -31.476  -15.422  30.677 0.0000000000
139102  -30.405  -15.344  29.960 0.0000000000
66275  -32.112  -13.814  28.827 0.0000000000
64018  -18.794  -15.117  48.296 0.0000000000
64040  -18.058  -16.173  47.058 0.0000000000
141905  -17.625  -16.935  46.878 0.0000000000
60021  -17.192  -20.352  44.868 0.0000000000
58048  -16.894  -22.694  45.773 0.0000000000
83025  -47.829  3.426  14.695 0.0000000000
82217  -48.172  2.764  14.284 0.0000000000
143691  -48.686  3.190  14.477 0.0000000000
137074  -49.192  2.718  14.207 0.0000000000
60146  -32.845  -19.988  37.988 0.0000000000
61195  -32.975  -19.743  37.362 0.0000000000
62172  -32.679  -18.882  36.916 0.0000000000
63063  -35.423  -16.376  42.252 0.0000000000
130565  -35.169  -16.107  41.568 0.0000000000
64129  -35.027  -15.852  40.814 0.0000000000
67084  -33.992  -12.707  41.163 0.0000000000
67083  -33.643  -12.411  40.590 0.0000000000
67094  -33.150  -12.918  40.020 0.0000000000
66132  -32.554  -13.241  39.479 0.0000000000
66131  -31.906  -13.052  38.982 0.0000000000
67978  -31.515  -12.738  38.510 0.0000000000
67977  -30.965  -12.764  38.167 0.0000000000
67991  -31.548  -12.564  38.151 0.0000000000
147092  -32.058  -12.492  37.841 0.0000000000
67121  -33.435  -13.413  36.977 0.0000000000
68014  -35.573  -12.619  36.425 0.0000000000
64115  -25.453  -14.995  40.677 0.0000000000
126729  -29.855  -15.863  44.729 0.0000000000
63012  -29.600  -15.846  43.729 0.0000000000
62081  -29.215  -17.902  42.874 0.0000000000
144524  -28.828  -21.030  41.346 0.0000000000
128084  -28.631  -20.241  41.088 0.0000000000
64033  -21.690  -14.933  47.145 0.0000000000
128572  -22.368  -14.427  44.746 0.0000000000
64070  -21.751  -14.781  44.336 0.0000000000
63044  -20.094  -17.231  41.566 0.0000000000
81307  -43.097  2.394  20.412 0.0000000000
81315  -42.530  2.165  19.638 0.0000000000
136090  -43.318  2.838  19.631 0.0000000000
144271  -44.243  5.062  18.929 0.0000000000
83896  -44.315  4.448  18.444 0.0000000000
83015  -44.545  3.682  16.471 0.0000000000
83009  -44.891  4.224  16.821 0.0000000000
83016  -45.263  3.995  16.084 0.0000000000
83017  -46.093  4.387  15.810 0.0000000000
65289  -27.626  -15.107  33.475 0.0000000000
64181  -27.942  -15.829  34.280 0.0000000000
63146  -27.564  -16.215  33.377 0.0000000000
63164  -27.730  -16.991  32.972 0.0000000000
128345  -31.441  -9.584  24.218 0.0000000000
71809  -32.245  -8.582  24.560 0.0000000000
146889  -32.779  -12.803  26.805 0.0000000000
68108  -31.660  -12.555  26.749 0.0000000000
67238  -32.671  -12.634  26.541 0.0000000000
68109  -33.345  -12.378  26.088 0.0000000000
69874  -37.064  -9.810  25.336 0.0000000000
69873  -36.727  -10.519  25.105 0.0000000000
70835  -35.458  -9.569  24.503 0.0000000000
136798  -36.049  -9.098  24.456 0.0000000000
72831  -37.064  -7.908  23.936 0.0000000000
125816  -37.299  -8.228  24.381 0.0000000000
72833  -37.770  -7.245  24.502 0.0000000000
128346  -38.284  -6.379  25.220 0.0000000000
133706  -14.298  -25.641  50.671 0.0000000000
54177  -14.445  -25.747  51.498 0.0000000000
53145  -13.623  -26.713  51.551 0.0000000000
52205  -12.057  -27.399  50.539 0.0000000000
52228  -11.868  -28.422  49.042 0.0000000000
51232  -8.401  -29.209  52.815 0.0000000000
51224  -9.028  -28.774  53.592 0.0000000000
51222  -7.664  -28.986  53.598 0.0000000000
51221  -5.748  -29.941  53.372 0.0000000000
141927  -5.793  -28.082  53.914 0.0000000000
148090  -4.895  -27.808  53.840 0.0000000000
62976  -33.303  -16.792  49.159 0.0000000000
62996  -35.968  -17.142  47.324 0.0000000000
77620  -41.384  -2.773  25.600 0.0000000000
76706  -41.051  -3.495  24.504 0.0000000000
77627  -41.461  -3.028  24.807 0.0000000000
77628  -41.981  -2.473  25.142 0.0000000000
78550  -42.474  -1.967  24.609 0.0000000000
79488  -43.626  -0.446  23.743 0.0000000000
79489  -44.329  0.208  24.071 0.0000000000
80411  -43.984  0.399  23.546 0.0000000000
66214  -34.012  -13.871  33.492 0.0000000000
66213  -33.466  -14.238  33.709 0.0000000000
149428  -33.715  -14.316  32.594 0.0000000000
66239  -33.885  -13.848  32.106 0.0000000000
146227  -33.065  -13.911  31.572 0.0000000000
66261  -32.410  -13.543  30.277 0.0000000000
62050  -17.988  -17.145  44.775 0.0000000000
53079  -9.383  -26.859  57.229 0.0000000000
53078  -8.653  -26.938  57.227 0.0000000000
60136  -32.592  -19.576  38.644 0.0000000000
67992  -34.557  -12.983  38.143 0.0000000000
64098  -22.336  -15.321  41.880 0.0000000000
64099  -23.122  -14.846  42.556 0.0000000000
64100  -24.183  -14.522  42.095 0.0000000000
65181  -25.100  -14.539  41.446 0.0000000000
64116  -26.391  -15.635  40.670 0.0000000000
63061  -27.156  -16.443  40.644 0.0000000000
60040  -30.822  -18.075  42.914 0.0000000000
60039  -30.216  -18.005  42.716 0.0000000000
141127  -30.186  -18.577  42.279 0.0000000000
60073  -29.078  -20.628  41.191 0.0000000000
60091  -29.147  -21.060  41.563 0.0000000000
65128  -24.149  -14.589  47.597 0.0000000000
138683  -24.006  -14.194  46.705 0.0000000000
65136  -23.415  -14.034  45.886 0.0000000000
64071  -22.662  -14.589  44.056 0.0000000000
77664  -37.828  -3.083  19.783 0.0000000000
83878  -44.700  4.263  21.814 0.0000000000
82996  -44.361  3.830  21.225 0.0000000000
85699  -46.582  6.837  19.130 0.0000000000
65330  -27.610  -15.680  31.250 0.0000000000
69001  -30.464  -10.878  25.603 0.0000000000
68112  -35.822  -11.204  26.655 0.0000000000
68989  -36.698  -10.092  26.370 0.0000000000
69852  -36.936  -9.577  25.996 0.0000000000
69875  -37.058  -9.098  25.711 0.0000000000
70821  -37.441  -7.844  25.958 0.0000000000
130348  -38.312  -7.035  26.298 0.0000000000
134966  -16.241  -21.966  49.361 0.0000000000
55192  -14.429  -24.861  49.457 0.0000000000
55179  -14.276  -24.979  50.315 0.0000000000
140342  -13.166  -27.097  49.283 0.0000000000
59073  -32.688  -19.046  41.361 0.0000000000
125442  -32.838  -18.864  41.141 0.0000000000
60092  -33.053  -18.553  41.785 0.0000000000
61141  -33.869  -17.404  42.209 0.0000000000
147485  -35.411  -16.587  42.846 0.0000000000
64103  -36.232  -16.584  42.465 0.0000000000
64074  -37.320  -16.112  44.741 0.0000000000
66075  -28.558  -13.331  46.116 0.0000000000
66084  -28.508  -13.780  45.188 0.0000000000
65140  -29.143  -13.981  45.661 0.0000000000
65150  -28.971  -14.831  45.150 0.0000000000
64060  -29.618  -15.676  45.360 0.0000000000
127522  -31.105  -16.844  44.310 0.0000000000
62985  -32.656  -17.510  48.082 0.0000000000
129652  -31.953  -18.229  46.784 0.0000000000
62026  -33.446  -18.346  47.196 0.0000000000
62042  -32.369  -18.529  46.307 0.0000000000
62041  -31.723  -18.163  46.135 0.0000000000
61069  -31.735  -17.300  45.200 0.0000000000
61088  -31.472  -17.469  43.862 0.0000000000
60025  -31.721  -18.033  43.424 0.0000000000
60041  -31.840  -18.492  42.944 0.0000000000
59020  -31.902  -18.843  42.379 0.0000000000
60043  -32.741  -17.939  43.633 0.0000000000
59021  -32.377  -18.504  42.826 0.0000000000
59032  -32.127  -18.955  42.176 0.0000000000
59048  -32.424  -18.952  42.016 0.0000000000
142299  -29.022  -13.661  48.436 0.0000000000
66070  -28.894  -13.371  46.951 0.0000000000
144548  -35.190  -6.243  23.923 0.0000000000
73800  -34.893  -5.654  23.524 0.0000000000
149696  -35.494  -5.845  23.357 0.0000000000
74782  -35.526  -5.061  22.801 0.0000000000
74795  -36.962  -4.771  22.680 0.0000000000
129367  -40.930  -3.229  23.586 0.0000000000
76728  -40.365  -3.075  23.107 0.0000000000
75785  -39.784  -2.979  22.632 0.0000000000
76738  -40.149  -2.641  21.631 0.0000000000
76737  -39.406  -2.793  21.552 0.0000000000
76736  -39.181  -2.852  21.233 0.0000000000
77654  -38.761  -2.767  20.708 0.0000000000
77665  -38.267  -2.573  20.018 0.0000000000
78595  -38.865  -1.528  20.108 0.0000000000
78596  -39.527  -1.187  20.640 0.0000000000
79514  -39.230  -0.752  19.542 0.0000000000
80448  -40.473  0.492  18.378 0.0000000000
130874  -42.530  1.867  20.425 0.0000000000
147926  -43.068  2.062  20.978 0.0000000000
133719  -44.570  3.482  21.995 0.0000000000
128220  -44.159  1.176  23.241 0.0000000000
139676  -44.459  1.929  22.874 0.0000000000
82169  -44.548  2.728  22.502 0.0000000000
144478  -44.928  4.337  22.510 0.0000000000
65247  -28.400  -14.668  35.252 0.0000000000
66192  -28.273  -14.477  34.569 0.0000000000
66193  -28.612  -14.098  34.290 0.0000000000
66208  -28.131  -14.345  33.849 0.0000000000
66224  -28.201  -14.202  32.981 0.0000000000
65302  -28.274  -14.614  32.228 0.0000000000
66212  -32.548  -14.577  33.684 0.0000000000
65291  -31.881  -15.156  33.258 0.0000000000
65304  -31.135  -15.294  32.621 0.0000000000
124112  -29.060  -14.850  32.174 0.0000000000
65319  -28.255  -15.098  31.398 0.0000000000
65331  -28.602  -15.202  30.778 0.0000000000
140623  -29.408  -14.756  29.456 0.0000000000
65343  -28.978  -14.448  29.450 0.0000000000
67211  -29.721  -13.793  27.954 0.0000000000
141131  -32.241  -13.186  26.993 0.0000000000
67240  -33.641  -12.517  26.995 0.0000000000
67212  -33.052  -12.198  28.395 0.0000000000
62049  -17.565  -17.813  45.579 0.0000000000
61049  -17.378  -18.401  46.333 0.0000000000
60011  -17.299  -19.501  46.272 0.0000000000
141614  -17.223  -18.912  47.070 0.0000000000
59981  -16.965  -20.081  47.935 0.0000000000
58961  -16.819  -20.815  47.944 0.0000000000
58976  -16.749  -21.481  47.702 0.0000000000
57060  -16.683  -23.288  46.179 0.0000000000
57051  -16.353  -23.255  46.959 0.0000000000
83023  -49.732  3.988  14.668 0.0000000000
62171  -32.371  -18.676  36.427 0.0000000000
63121  -31.695  -17.363  36.338 0.0000000000
64166  -31.319  -16.505  36.457 0.0000000000
65239  -30.756  -15.729  36.678 0.0000000000
60110  -33.000  -18.505  40.919 0.0000000000
61170  -33.036  -18.113  40.721 0.0000000000
62149  -32.669  -16.963  39.797 0.0000000000
63105  -32.703  -16.888  39.140 0.0000000000
65206  -34.907  -15.410  40.199 0.0000000000
64141  -33.882  -16.028  39.487 0.0000000000
64161  -32.811  -16.785  38.507 0.0000000000
64160  -32.816  -16.446  37.790 0.0000000000
65218  -32.827  -14.595  38.503 0.0000000000
64159  -32.404  -16.067  37.268 0.0000000000
65238  -30.134  -14.946  36.926 0.0000000000
66161  -29.821  -14.164  37.256 0.0000000000
139526  -29.360  -13.820  36.628 0.0000000000
67990  -30.878  -12.726  37.537 0.0000000000
67119  -30.928  -12.894  36.703 0.0000000000
67108  -33.955  -13.227  37.535 0.0000000000
67122  -34.405  -13.470  36.491 0.0000000000
127279  -34.684  -13.341  35.844 0.0000000000
136619  -34.101  -14.093  35.843 0.0000000000
66177  -33.732  -14.237  35.006 0.0000000000
66198  -33.718  -14.103  34.195 0.0000000000
65162  -28.225  -14.642  44.044 0.0000000000
63022  -29.160  -15.809  42.978 0.0000000000
142999  -28.533  -15.623  42.468 0.0000000000
62082  -29.129  -18.535  42.969 0.0000000000
62094  -29.001  -17.837  42.195 0.0000000000
62095  -28.760  -18.842  41.594 0.0000000000
63074  -27.461  -17.226  40.243 0.0000000000
64019  -19.912  -14.717  48.302 0.0000000000
129685  -19.535  -14.952  47.557 0.0000000000
64055  -19.181  -15.723  45.678 0.0000000000
143499  -23.169  -14.839  47.469 0.0000000000
64034  -22.489  -14.809  46.956 0.0000000000
128040  -20.960  -15.034  45.747 0.0000000000
142273  -20.024  -15.303  45.608 0.0000000000
147611  -18.297  -16.956  44.136 0.0000000000
62077  -19.101  -17.396  42.481 0.0000000000
125859  -42.152  1.199  16.746 0.0000000000
80472  -42.795  1.398  16.015 0.0000000000
149835  -43.943  3.413  20.655 0.0000000000
83001  -43.491  2.991  19.786 0.0000000000
82194  -43.512  3.227  18.998 0.0000000000
82200  -43.244  2.817  17.439 0.0000000000
80480  -43.407  1.354  15.088 0.0000000000
81347  -44.528  2.697  15.321 0.0000000000
81353  -44.896  1.699  14.104 0.0000000000
81355  -46.756  2.240  14.000 0.0000000000
82212  -46.760  3.748  15.137 0.0000000000
83911  -47.707  4.637  15.764 0.0000000000
142236  -48.517  5.052  15.878 0.0000000000
52188  -10.810  -27.967  53.037 0.0000000000
51246  -9.293  -29.553  50.870 0.0000000000
51240  -8.590  -29.570  51.833 0.0000000000
64183  -29.824  -17.115  34.788 0.0000000000
133359  -27.519  -16.731  31.221 0.0000000000
73780  -33.343  -6.732  23.924 0.0000000000
68086  -29.912  -12.493  26.918 0.0000000000
68107  -30.450  -11.985  26.740 0.0000000000
68986  -30.417  -11.410  26.226 0.0000000000
136124  -31.040  -11.050  26.080 0.0000000000
69002  -31.325  -10.596  25.624 0.0000000000
68129  -35.130  -12.213  25.938 0.0000000000
69003  -34.073  -11.728  25.058 0.0000000000
142803  -35.249  -11.133  24.709 0.0000000000
69869  -31.654  -9.927  25.185 0.0000000000
148907  -32.502  -8.811  24.843 0.0000000000
71827  -32.825  -8.183  24.711 0.0000000000
72828  -33.904  -6.859  24.363 0.0000000000
73781  -34.425  -6.137  24.082 0.0000000000
72849  -37.268  -7.266  23.466 0.0000000000
72850  -37.767  -7.108  23.489 0.0000000000
73803  -37.984  -6.530  23.102 0.0000000000
73805  -37.937  -5.406  23.740 0.0000000000
73785  -39.456  -4.730  24.282 0.0000000000
75742  -40.385  -4.199  24.362 0.0000000000
72808  -38.680  -6.526  26.185 0.0000000000
53111  -11.939  -27.111  53.849 0.0000000000
52229  -12.554  -27.896  48.783 0.0000000000
51283  -12.255  -28.827  48.353 0.0000000000
52181  -10.606  -27.875  53.875 0.0000000000
52168  -9.711  -27.558  55.288 0.0000000000
52159  -9.485  -27.380  55.984 0.0000000000
52150  -8.287  -27.109  56.598 0.0000000000
51230  -6.936  -29.938  52.944 0.0000000000
140917  -7.610  -27.507  55.535 0.0000000000
52149  -7.581  -27.007  56.220 0.0000000000
53076  -6.437  -26.721  56.849 0.0000000000
53075  -6.059  -26.826  56.289 0.0000000000
53074  -5.373  -27.032  56.424 0.0000000000
50284  -3.991  -30.336  55.070 0.0000000000
144400  -4.002  -30.601  56.141 0.0000000000
132445  -4.410  -27.534  53.596 0.0000000000
53110  -11.520  -27.155  54.463 0.0000000000
57019  -15.430  -22.816  50.436 0.0000000000
57998  -16.489  -21.990  48.871 0.0000000000
58049  -16.947  -21.846  45.476 0.0000000000
60057  -32.865  -18.183  43.026 0.0000000000
61033  -17.021  -19.261  47.812 0.0000000000
61108  -29.280  -18.228  43.115 0.0000000000
61110  -34.463  -17.124  44.329 0.0000000000
61125  -29.248  -18.636  42.885 0.0000000000
62043  -34.269  -18.083  46.441 0.0000000000
64221  -27.329  -15.684  32.378 0.0000000000
66143  -31.023  -13.534  38.236 0.0000000000
67093  -31.824  -12.825  38.802 0.0000000000
67102  -31.275  -13.003  38.558 0.0000000000
67110  -35.672  -13.150  37.092 0.0000000000
67117  -29.889  -13.402  37.157 0.0000000000
68013  -34.899  -12.682  35.767 0.0000000000
68968  -36.988  -9.077  27.218 0.0000000000
69872  -35.967  -11.263  25.117 0.0000000000
70797  -37.231  -8.388  26.198 0.0000000000
70799  -38.147  -7.637  27.063 0.0000000000
71811  -37.724  -7.395  25.765 0.0000000000
73784  -38.895  -5.172  24.648 0.0000000000
73804  -38.044  -6.321  23.372 0.0000000000
73806  -38.771  -4.926  24.243 0.0000000000
73814  -37.902  -6.005  22.893 0.0000000000
73816  -38.132  -5.837  23.302 0.0000000000
74771  -39.996  -4.434  24.097 0.0000000000
74784  -37.833  -4.914  23.631 0.0000000000
74786  -39.169  -4.512  23.890 0.0000000000
74799  -38.611  -3.984  23.469 0.0000000000
74801  -39.578  -4.119  23.681 0.0000000000
75741  -40.585  -4.084  25.083 0.0000000000
75753  -40.301  -4.099  24.026 0.0000000000
75763  -40.048  -4.136  23.822 0.0000000000
76707  -40.517  -3.945  24.174 0.0000000000
76729  -40.181  -3.702  23.553 0.0000000000
124584  -27.885  -14.901  34.234 0.0000000000
125490  -43.358  1.117  22.413 0.0000000000
129335  -39.073  -2.841  22.244 0.0000000000
130027  -29.783  -13.265  36.525 0.0000000000
132773  -38.518  -3.300  21.510 0.0000000000
134819  -29.489  -19.633  41.404 0.0000000000
135016  -31.366  -18.557  42.698 0.0000000000
135535  -17.022  -20.454  47.419 0.0000000000
139709  -14.310  -25.241  51.026 0.0000000000
141381  -45.508  4.480  16.448 0.0000000000
146030  -37.550  -7.709  23.952 0.0000000000
148421  -38.272  -6.716  25.757 0.0000000000
148474  -37.862  -6.452  23.791 0.0000000000
