#!ascii label  , from subject chris_t1_3 vox2ras=TkReg
1564
65363  -37.965  -16.121  27.436 0.0000000000
145691  -48.117  -0.489  20.571 0.0000000000
71840  -43.026  -9.127  23.106 0.0000000000
49405  -16.920  -32.961  54.749 0.0000000000
63130  -36.183  -16.895  35.185 0.0000000000
61986  -25.439  -20.547  49.784 0.0000000000
58967  -34.562  -22.646  48.913 0.0000000000
60095  -38.707  -21.021  41.724 0.0000000000
143486  -39.948  -18.568  39.318 0.0000000000
56158  -20.499  -25.111  45.925 0.0000000000
58947  -21.598  -21.891  50.900 0.0000000000
60036  -22.555  -20.931  44.801 0.0000000000
146085  -29.818  -23.794  45.959 0.0000000000
125054  -35.118  -24.331  43.867 0.0000000000
68024  -39.970  -13.118  34.331 0.0000000000
68057  -43.389  -12.857  31.739 0.0000000000
74802  -47.109  -6.050  22.068 0.0000000000
68152  -40.437  -12.325  24.644 0.0000000000
77710  -46.824  -2.762  16.213 0.0000000000
50289  -12.831  -31.249  55.622 0.0000000000
65221  -39.176  -15.141  38.192 0.0000000000
129845  -36.903  -16.331  30.979 0.0000000000
61123  -25.573  -20.311  44.037 0.0000000000
59984  -29.247  -20.946  48.899 0.0000000000
69830  -46.533  -10.955  28.034 0.0000000000
77755  -54.836  -2.468  13.358 0.0000000000
59074  -37.321  -22.230  41.001 0.0000000000
130454  -38.748  -21.032  38.790 0.0000000000
58050  -21.780  -22.893  45.670 0.0000000000
57135  -32.506  -24.281  42.685 0.0000000000
57153  -35.330  -23.742  41.601 0.0000000000
59034  -37.311  -22.439  42.805 0.0000000000
67195  -38.524  -14.369  30.831 0.0000000000
68045  -40.870  -13.101  33.127 0.0000000000
66264  -40.839  -14.918  29.574 0.0000000000
76740  -47.660  -3.636  21.027 0.0000000000
75754  -49.636  -4.249  24.721 0.0000000000
81308  -49.017  0.544  20.070 0.0000000000
50328  -14.411  -31.236  52.094 0.0000000000
125118  -14.525  -30.939  55.204 0.0000000000
63118  -37.452  -17.406  37.493 0.0000000000
64143  -38.634  -16.304  39.364 0.0000000000
65241  -37.071  -15.701  36.815 0.0000000000
127025  -38.577  -16.113  34.619 0.0000000000
64205  -36.446  -16.817  33.771 0.0000000000
60992  -23.026  -21.289  50.985 0.0000000000
60913  -22.824  -21.387  54.332 0.0000000000
60936  -24.374  -21.551  52.889 0.0000000000
60938  -27.479  -21.265  51.692 0.0000000000
61154  -24.546  -19.652  41.570 0.0000000000
60071  -25.898  -20.983  42.547 0.0000000000
58035  -31.837  -23.609  47.378 0.0000000000
58015  -29.428  -23.280  47.567 0.0000000000
58964  -31.586  -21.830  49.560 0.0000000000
60981  -32.029  -20.650  51.832 0.0000000000
51258  -18.788  -30.123  50.182 0.0000000000
52190  -18.070  -28.575  53.579 0.0000000000
127088  -19.693  -29.418  57.028 0.0000000000
69901  -41.331  -10.583  23.686 0.0000000000
68971  -43.301  -10.949  27.718 0.0000000000
71787  -44.199  -9.052  27.108 0.0000000000
78674  -56.862  -1.026  11.612 0.0000000000
50263  -16.910  -31.689  57.774 0.0000000000
61130  -40.938  -20.146  43.508 0.0000000000
134989  -41.845  -19.047  42.010 0.0000000000
135938  -40.756  -20.299  40.472 0.0000000000
60149  -39.028  -20.119  37.469 0.0000000000
55194  -19.306  -25.818  49.637 0.0000000000
56099  -19.747  -24.506  51.740 0.0000000000
57043  -20.823  -23.800  48.772 0.0000000000
60000  -22.756  -21.703  47.623 0.0000000000
62034  -23.802  -21.176  46.884 0.0000000000
58073  -27.587  -23.556  43.813 0.0000000000
57116  -30.719  -23.959  43.107 0.0000000000
57100  -32.515  -23.854  44.734 0.0000000000
58038  -34.814  -23.501  46.851 0.0000000000
58053  -37.059  -23.199  45.648 0.0000000000
60047  -38.747  -20.854  44.344 0.0000000000
130383  -18.929  -27.069  45.390 0.0000000000
68875  -41.079  -11.906  37.188 0.0000000000
70658  -43.057  -10.178  38.348 0.0000000000
69749  -42.030  -11.568  36.263 0.0000000000
69775  -43.964  -11.295  34.112 0.0000000000
72864  -45.582  -7.617  22.754 0.0000000000
72810  -45.322  -6.881  25.969 0.0000000000
144042  -47.259  -5.573  25.216 0.0000000000
48429  -8.984  -31.947  62.087 0.0000000000
66308  -38.877  -14.488  25.828 0.0000000000
69914  -38.210  -10.325  22.807 0.0000000000
72890  -42.000  -7.428  20.482 0.0000000000
74820  -43.459  -5.704  20.083 0.0000000000
75802  -44.863  -3.958  19.840 0.0000000000
77674  -45.914  -2.265  19.150 0.0000000000
79540  -46.728  -1.284  18.107 0.0000000000
149128  -44.639  -2.732  16.654 0.0000000000
51198  -15.039  -30.007  57.656 0.0000000000
51169  -13.086  -29.680  59.254 0.0000000000
52122  -10.796  -28.981  62.054 0.0000000000
67942  -42.423  -13.988  41.763 0.0000000000
64119  -40.281  -16.516  41.740 0.0000000000
66118  -40.162  -15.395  40.798 0.0000000000
67103  -41.440  -14.274  38.736 0.0000000000
66162  -40.329  -14.978  35.844 0.0000000000
66216  -38.722  -14.379  33.330 0.0000000000
65347  -37.033  -15.825  29.175 0.0000000000
58898  -20.547  -22.458  54.903 0.0000000000
62078  -24.179  -20.150  43.930 0.0000000000
62038  -25.625  -20.538  46.850 0.0000000000
58061  -27.213  -22.843  45.122 0.0000000000
60015  -27.535  -21.067  47.155 0.0000000000
62009  -27.541  -20.060  49.346 0.0000000000
61970  -30.010  -19.932  52.252 0.0000000000
146180  -16.663  -32.695  51.489 0.0000000000
143143  -18.911  -32.300  50.926 0.0000000000
48495  -19.802  -33.141  54.319 0.0000000000
68078  -42.038  -13.079  28.168 0.0000000000
68064  -45.015  -12.567  30.213 0.0000000000
69794  -47.257  -10.775  31.488 0.0000000000
135004  -47.125  -8.661  27.331 0.0000000000
140378  -48.723  -1.374  17.947 0.0000000000
78621  -51.218  -0.941  17.122 0.0000000000
128734  -53.666  -0.004  16.001 0.0000000000
77740  -52.501  -2.751  14.615 0.0000000000
80489  -55.516  0.277  14.737 0.0000000000
58130  -36.533  -22.713  39.539 0.0000000000
59102  -37.075  -21.962  39.057 0.0000000000
58144  -36.278  -22.445  38.528 0.0000000000
57152  -34.461  -23.839  41.269 0.0000000000
57167  -35.184  -23.645  40.685 0.0000000000
58116  -36.063  -23.400  41.032 0.0000000000
66277  -38.222  -15.534  29.207 0.0000000000
67196  -39.452  -14.331  30.979 0.0000000000
123278  -38.900  -15.691  28.264 0.0000000000
77659  -48.356  -2.191  21.071 0.0000000000
77649  -50.111  -2.940  21.927 0.0000000000
78580  -49.044  -1.649  21.597 0.0000000000
79503  -49.314  -0.082  21.436 0.0000000000
79510  -48.241  0.308  20.246 0.0000000000
49416  -15.393  -31.898  52.843 0.0000000000
50319  -14.647  -31.213  53.602 0.0000000000
50309  -15.651  -31.768  54.832 0.0000000000
129841  -36.689  -17.286  36.273 0.0000000000
64163  -37.195  -16.236  37.525 0.0000000000
63123  -36.018  -15.979  35.716 0.0000000000
64176  -36.158  -15.956  35.398 0.0000000000
64186  -36.045  -16.912  34.252 0.0000000000
137419  -18.228  -27.120  54.818 0.0000000000
142406  -24.308  -20.754  49.391 0.0000000000
145747  -23.539  -21.369  52.247 0.0000000000
60957  -25.385  -21.142  51.152 0.0000000000
60937  -26.350  -21.421  51.671 0.0000000000
61965  -26.279  -20.649  50.527 0.0000000000
58018  -33.402  -23.148  47.990 0.0000000000
146391  -32.370  -22.824  48.877 0.0000000000
58966  -33.535  -22.671  49.234 0.0000000000
59967  -33.314  -21.862  50.497 0.0000000000
54192  -18.437  -27.264  51.148 0.0000000000
139729  -18.128  -27.638  52.984 0.0000000000
53104  -18.138  -27.786  54.788 0.0000000000
68835  -43.514  -12.104  41.155 0.0000000000
70848  -42.595  -9.819  23.544 0.0000000000
134011  -42.984  -10.527  25.156 0.0000000000
70840  -44.130  -9.729  24.701 0.0000000000
61142  -39.463  -20.543  42.753 0.0000000000
135050  -40.937  -20.418  41.656 0.0000000000
60096  -39.701  -20.937  41.250 0.0000000000
60138  -39.432  -20.460  38.378 0.0000000000
60160  -38.482  -20.050  36.801 0.0000000000
61207  -38.126  -19.695  36.295 0.0000000000
136387  -19.960  -25.322  47.421 0.0000000000
56128  -20.159  -24.595  49.018 0.0000000000
56141  -20.824  -24.285  47.305 0.0000000000
59017  -22.199  -21.270  44.343 0.0000000000
58032  -22.002  -22.524  46.673 0.0000000000
60023  -22.824  -21.306  45.847 0.0000000000
141304  -23.161  -21.449  47.060 0.0000000000
61083  -23.116  -21.188  45.499 0.0000000000
57132  -29.135  -23.917  42.715 0.0000000000
57117  -34.058  -24.172  43.205 0.0000000000
123920  -33.118  -23.888  44.044 0.0000000000
126608  -34.197  -24.249  44.974 0.0000000000
57082  -33.816  -24.088  45.643 0.0000000000
57083  -34.688  -24.119  45.556 0.0000000000
141876  -36.242  -23.671  46.074 0.0000000000
57084  -36.517  -23.770  45.106 0.0000000000
59051  -37.758  -21.580  42.450 0.0000000000
59035  -37.904  -21.702  43.296 0.0000000000
60076  -38.208  -21.111  42.980 0.0000000000
61111  -39.118  -20.602  44.082 0.0000000000
55240  -19.900  -25.847  45.483 0.0000000000
68883  -40.637  -12.356  35.881 0.0000000000
69736  -41.271  -11.851  36.491 0.0000000000
68907  -40.597  -12.452  35.010 0.0000000000
68056  -42.432  -13.206  32.128 0.0000000000
68928  -42.639  -12.478  33.374 0.0000000000
68929  -43.568  -12.179  33.023 0.0000000000
69776  -44.681  -10.978  33.698 0.0000000000
68930  -44.378  -11.863  32.567 0.0000000000
73818  -45.909  -6.917  22.315 0.0000000000
72854  -46.762  -7.688  23.840 0.0000000000
73808  -47.730  -6.733  23.579 0.0000000000
123630  -50.247  -3.817  26.181 0.0000000000
126860  -42.593  -6.866  20.328 0.0000000000
74830  -42.160  -5.641  19.461 0.0000000000
75812  -42.796  -4.064  18.877 0.0000000000
145987  -43.920  -3.092  18.528 0.0000000000
76756  -45.200  -3.041  19.401 0.0000000000
77680  -44.509  -2.582  18.012 0.0000000000
77691  -44.819  -2.436  17.331 0.0000000000
50316  -12.424  -31.630  53.994 0.0000000000
50275  -11.733  -31.571  56.772 0.0000000000
49354  -17.497  -31.556  59.321 0.0000000000
127865  -16.194  -31.163  57.712 0.0000000000
147969  -16.207  -30.433  59.395 0.0000000000
52129  -14.592  -28.883  60.900 0.0000000000
51149  -13.549  -29.096  61.692 0.0000000000
52135  -11.971  -28.982  60.406 0.0000000000
50222  -12.121  -29.660  62.112 0.0000000000
49337  -11.318  -31.527  62.249 0.0000000000
61172  -41.280  -18.678  40.764 0.0000000000
63050  -41.050  -17.233  42.158 0.0000000000
63079  -40.197  -17.604  40.638 0.0000000000
65220  -38.437  -15.297  38.276 0.0000000000
65198  -39.504  -15.506  40.125 0.0000000000
66136  -39.784  -15.096  39.565 0.0000000000
141505  -40.511  -15.009  39.952 0.0000000000
66148  -40.935  -14.809  38.257 0.0000000000
66156  -40.876  -14.716  37.406 0.0000000000
65243  -40.201  -15.479  36.465 0.0000000000
65293  -38.284  -16.150  33.151 0.0000000000
65294  -38.776  -15.667  33.597 0.0000000000
65308  -37.873  -15.583  32.180 0.0000000000
66240  -37.695  -14.861  30.580 0.0000000000
65336  -37.179  -15.620  30.367 0.0000000000
125400  -20.228  -23.012  51.968 0.0000000000
56984  -19.785  -23.516  53.685 0.0000000000
58927  -20.980  -22.273  53.110 0.0000000000
61122  -25.157  -20.217  43.460 0.0000000000
62093  -24.256  -19.916  43.093 0.0000000000
62080  -24.657  -20.117  43.650 0.0000000000
62054  -24.990  -20.466  45.490 0.0000000000
61084  -25.216  -20.371  45.180 0.0000000000
145543  -28.952  -23.855  44.673 0.0000000000
58062  -27.610  -23.415  44.826 0.0000000000
57078  -28.332  -23.641  45.379 0.0000000000
58980  -29.034  -21.759  48.286 0.0000000000
58979  -28.209  -21.641  47.729 0.0000000000
143518  -28.489  -21.130  48.387 0.0000000000
61068  -26.918  -20.693  47.762 0.0000000000
61037  -28.848  -20.345  49.313 0.0000000000
61990  -29.130  -20.141  50.482 0.0000000000
62000  -29.672  -20.179  50.541 0.0000000000
60005  -37.851  -21.450  47.415 0.0000000000
49435  -19.006  -31.643  50.481 0.0000000000
139946  -19.496  -31.540  52.301 0.0000000000
48509  -19.453  -32.708  52.995 0.0000000000
50249  -20.843  -30.181  58.822 0.0000000000
67252  -40.054  -13.535  26.034 0.0000000000
67229  -40.729  -13.654  27.465 0.0000000000
68114  -40.804  -12.912  26.864 0.0000000000
69827  -43.959  -10.731  27.970 0.0000000000
68081  -44.362  -12.309  28.579 0.0000000000
68946  -45.905  -12.108  29.046 0.0000000000
68936  -46.628  -11.533  30.713 0.0000000000
68942  -47.182  -11.416  30.084 0.0000000000
72791  -46.258  -6.618  27.180 0.0000000000
72790  -45.608  -7.263  27.203 0.0000000000
71791  -47.606  -7.971  27.302 0.0000000000
78628  -46.286  -2.050  16.911 0.0000000000
79542  -47.948  -0.634  18.154 0.0000000000
77692  -47.862  -2.053  17.240 0.0000000000
77694  -49.644  -2.126  17.251 0.0000000000
78630  -50.901  -1.638  16.700 0.0000000000
79556  -52.128  -0.428  16.929 0.0000000000
78640  -51.678  -1.971  15.750 0.0000000000
76814  -53.328  -3.262  13.220 0.0000000000
76813  -52.446  -3.349  13.326 0.0000000000
77742  -54.438  -1.859  14.130 0.0000000000
78642  -53.907  -1.149  14.960 0.0000000000
78650  -55.839  -0.336  13.651 0.0000000000
79582  -56.452  -0.614  12.885 0.0000000000
77765  -57.431  -1.502  12.057 0.0000000000
59075  -37.726  -21.636  41.597 0.0000000000
60127  -38.463  -21.402  39.977 0.0000000000
59103  -37.855  -21.701  39.460 0.0000000000
59114  -37.047  -21.759  38.139 0.0000000000
56159  -20.901  -24.444  45.434 0.0000000000
123756  -32.844  -24.252  41.911 0.0000000000
57137  -34.504  -23.972  42.254 0.0000000000
130592  -35.005  -24.246  43.088 0.0000000000
57104  -36.701  -23.599  44.130 0.0000000000
58074  -36.421  -23.496  42.637 0.0000000000
59050  -37.336  -22.189  41.914 0.0000000000
68043  -39.388  -13.487  32.811 0.0000000000
68036  -40.303  -13.108  33.658 0.0000000000
68054  -40.344  -13.440  32.393 0.0000000000
67187  -40.888  -13.934  31.805 0.0000000000
67199  -42.318  -14.181  30.760 0.0000000000
137825  -47.571  -4.497  21.170 0.0000000000
74804  -48.841  -5.560  22.581 0.0000000000
75776  -49.774  -4.394  22.352 0.0000000000
76721  -50.771  -3.466  23.759 0.0000000000
81318  -50.724  1.099  20.166 0.0000000000
127131  -13.206  -31.259  53.879 0.0000000000
50290  -13.585  -30.851  55.412 0.0000000000
63106  -38.457  -18.080  38.410 0.0000000000
63077  -38.901  -17.014  39.933 0.0000000000
130467  -37.885  -17.072  38.296 0.0000000000
64154  -37.903  -15.966  38.282 0.0000000000
65242  -38.103  -15.602  36.884 0.0000000000
126333  -38.798  -15.890  35.956 0.0000000000
65252  -38.053  -15.872  35.407 0.0000000000
65292  -37.474  -16.482  33.825 0.0000000000
64226  -36.453  -16.965  32.767 0.0000000000
59934  -22.204  -21.542  50.998 0.0000000000
59910  -21.901  -21.536  53.144 0.0000000000
144502  -22.740  -21.392  52.377 0.0000000000
144724  -23.341  -21.433  54.434 0.0000000000
58913  -26.711  -22.514  52.632 0.0000000000
136129  -25.086  -19.916  41.804 0.0000000000
126295  -26.136  -21.196  43.564 0.0000000000
57063  -30.397  -23.762  46.615 0.0000000000
57062  -29.494  -23.688  46.824 0.0000000000
57054  -30.844  -23.666  47.398 0.0000000000
58006  -30.529  -22.718  48.669 0.0000000000
59986  -31.027  -21.182  49.427 0.0000000000
61019  -31.038  -20.426  50.285 0.0000000000
59965  -31.569  -21.022  49.947 0.0000000000
53183  -18.476  -28.353  48.133 0.0000000000
52219  -18.067  -28.641  50.210 0.0000000000
51235  -18.788  -29.834  53.418 0.0000000000
50294  -19.237  -30.019  55.405 0.0000000000
51215  -18.764  -29.313  55.068 0.0000000000
69020  -40.702  -11.629  24.216 0.0000000000
136615  -41.688  -11.809  26.574 0.0000000000
69855  -42.044  -11.226  26.175 0.0000000000
69857  -43.392  -10.280  27.261 0.0000000000
143449  -44.931  -9.723  27.820 0.0000000000
77725  -46.314  -3.176  15.190 0.0000000000
76782  -47.854  -3.190  16.216 0.0000000000
76792  -46.994  -3.250  14.706 0.0000000000
76822  -54.410  -3.109  12.212 0.0000000000
78667  -56.400  -1.069  12.125 0.0000000000
76831  -55.681  -2.559  11.307 0.0000000000
77771  -56.623  -1.737  11.020 0.0000000000
48477  -18.790  -33.387  56.096 0.0000000000
49379  -16.615  -32.228  56.195 0.0000000000
62085  -42.237  -18.794  43.844 0.0000000000
61144  -41.650  -19.621  42.766 0.0000000000
61158  -41.227  -20.134  41.043 0.0000000000
61184  -40.489  -19.696  39.588 0.0000000000
60128  -39.471  -20.865  39.383 0.0000000000
60139  -40.099  -20.216  39.163 0.0000000000
62138  -40.065  -19.362  39.084 0.0000000000
62161  -38.041  -18.513  37.190 0.0000000000
62173  -37.132  -18.364  36.081 0.0000000000
54193  -18.844  -26.513  50.839 0.0000000000
55166  -19.018  -25.690  52.067 0.0000000000
55182  -19.588  -25.265  50.247 0.0000000000
57021  -20.293  -23.973  50.529 0.0000000000
132867  -21.323  -22.524  49.812 0.0000000000
57061  -21.591  -23.154  46.516 0.0000000000
58005  -21.652  -22.568  48.110 0.0000000000
58952  -21.807  -22.071  49.495 0.0000000000
144876  -22.678  -21.554  48.881 0.0000000000
61035  -23.349  -21.133  48.531 0.0000000000
62018  -24.264  -20.848  47.969 0.0000000000
57114  -29.225  -23.878  43.761 0.0000000000
57097  -29.727  -23.872  44.553 0.0000000000
57134  -31.482  -24.270  42.764 0.0000000000
57099  -31.555  -23.770  44.664 0.0000000000
143641  -30.830  -23.781  45.597 0.0000000000
124483  -32.372  -23.832  46.482 0.0000000000
58037  -33.969  -23.490  47.205 0.0000000000
135780  -34.216  -23.083  47.960 0.0000000000
145903  -35.717  -22.378  48.287 0.0000000000
58984  -35.617  -22.691  47.795 0.0000000000
59002  -37.220  -22.280  47.131 0.0000000000
59003  -38.034  -21.776  46.328 0.0000000000
59022  -37.409  -22.610  43.895 0.0000000000
59023  -38.038  -21.772  44.281 0.0000000000
60030  -38.805  -20.917  45.122 0.0000000000
61094  -38.987  -20.747  44.855 0.0000000000
126489  -18.914  -27.206  47.839 0.0000000000
68870  -41.650  -11.615  38.409 0.0000000000
69721  -42.015  -11.057  38.111 0.0000000000
70672  -42.386  -10.899  37.254 0.0000000000
70682  -43.265  -10.762  36.350 0.0000000000
128707  -41.207  -12.520  34.290 0.0000000000
69763  -43.030  -11.433  35.320 0.0000000000
71856  -44.273  -8.321  22.923 0.0000000000
71833  -44.854  -9.085  25.008 0.0000000000
71835  -46.257  -8.180  24.256 0.0000000000
73768  -45.888  -6.245  25.916 0.0000000000
74745  -46.925  -5.728  26.673 0.0000000000
74773  -48.633  -5.282  24.593 0.0000000000
75736  -47.930  -4.796  26.442 0.0000000000
65383  -37.346  -15.864  25.646 0.0000000000
66289  -38.908  -15.313  27.064 0.0000000000
66306  -37.623  -15.047  25.286 0.0000000000
67270  -38.294  -13.566  24.674 0.0000000000
124063  -38.685  -12.838  24.389 0.0000000000
69031  -39.499  -11.335  23.766 0.0000000000
69900  -40.027  -10.818  23.483 0.0000000000
70846  -40.603  -9.615  22.933 0.0000000000
70866  -42.036  -9.080  23.011 0.0000000000
72861  -42.905  -7.850  22.019 0.0000000000
72877  -43.395  -7.272  21.614 0.0000000000
73829  -44.597  -6.594  21.476 0.0000000000
74811  -44.836  -5.908  21.157 0.0000000000
75799  -42.493  -4.811  19.241 0.0000000000
74832  -43.710  -4.971  20.005 0.0000000000
75786  -45.901  -4.946  20.960 0.0000000000
76749  -46.472  -3.689  20.232 0.0000000000
76757  -46.167  -2.972  19.818 0.0000000000
78588  -46.663  -1.030  19.312 0.0000000000
79517  -46.966  -0.501  18.954 0.0000000000
78608  -46.339  -1.489  18.259 0.0000000000
78616  -46.166  -1.760  17.680 0.0000000000
77709  -45.813  -2.712  16.029 0.0000000000
77724  -45.316  -3.062  15.200 0.0000000000
50278  -16.011  -31.331  56.663 0.0000000000
51214  -14.338  -30.411  55.978 0.0000000000
51203  -13.788  -30.141  56.747 0.0000000000
51170  -15.348  -29.691  60.202 0.0000000000
51185  -13.947  -29.971  58.498 0.0000000000
51195  -12.704  -30.440  57.829 0.0000000000
51194  -11.928  -30.578  58.092 0.0000000000
51181  -10.871  -30.565  59.223 0.0000000000
51165  -9.637  -29.977  60.127 0.0000000000
50219  -9.652  -30.382  62.293 0.0000000000
130143  -42.484  -13.184  40.920 0.0000000000
64106  -40.937  -16.201  42.521 0.0000000000
64132  -39.401  -16.416  40.380 0.0000000000
64118  -39.984  -15.974  41.048 0.0000000000
67078  -41.632  -14.636  41.609 0.0000000000
67086  -42.187  -14.025  40.825 0.0000000000
67972  -41.935  -12.657  39.629 0.0000000000
148710  -40.974  -13.125  37.685 0.0000000000
67126  -40.398  -13.153  36.373 0.0000000000
67143  -39.720  -13.433  35.000 0.0000000000
65272  -39.482  -15.454  34.789 0.0000000000
66200  -39.368  -14.167  34.516 0.0000000000
146054  -38.954  -13.664  33.278 0.0000000000
67178  -38.411  -13.976  31.917 0.0000000000
66249  -37.907  -14.652  30.326 0.0000000000
65348  -37.541  -15.599  29.186 0.0000000000
64185  -35.050  -16.994  34.013 0.0000000000
64204  -35.532  -17.002  33.619 0.0000000000
64239  -35.472  -17.292  31.784 0.0000000000
129082  -36.243  -16.984  30.884 0.0000000000
129175  -36.081  -16.967  29.929 0.0000000000
64263  -36.175  -17.013  28.455 0.0000000000
144190  -36.741  -16.918  27.828 0.0000000000
65371  -37.048  -16.565  26.248 0.0000000000
59889  -21.736  -21.733  54.716 0.0000000000
61119  -22.259  -20.239  42.971 0.0000000000
61138  -23.435  -19.802  42.615 0.0000000000
61105  -23.425  -20.301  44.128 0.0000000000
62066  -24.188  -20.388  44.792 0.0000000000
62036  -24.870  -20.706  46.200 0.0000000000
62020  -25.266  -20.664  47.731 0.0000000000
58085  -26.440  -22.587  42.689 0.0000000000
58071  -26.525  -22.250  43.679 0.0000000000
59018  -26.370  -21.358  44.474 0.0000000000
58033  -28.195  -23.300  46.256 0.0000000000
58998  -27.160  -21.232  46.282 0.0000000000
60024  -26.545  -20.593  45.968 0.0000000000
61086  -26.172  -20.465  46.558 0.0000000000
62039  -26.062  -20.471  47.467 0.0000000000
62983  -26.604  -20.066  49.201 0.0000000000
62963  -27.476  -20.053  50.449 0.0000000000
61956  -29.251  -19.994  51.885 0.0000000000
49426  -15.306  -31.775  51.937 0.0000000000
49417  -16.200  -32.469  52.987 0.0000000000
49446  -18.228  -31.688  48.969 0.0000000000
133945  -17.363  -31.812  49.028 0.0000000000
48513  -17.438  -32.900  51.241 0.0000000000
48507  -17.755  -33.316  52.721 0.0000000000
48493  -17.602  -33.431  54.269 0.0000000000
48486  -19.930  -33.372  55.374 0.0000000000
50280  -21.143  -30.846  56.819 0.0000000000
66290  -39.634  -14.886  27.398 0.0000000000
66280  -41.415  -14.639  28.908 0.0000000000
128753  -43.158  -13.787  30.259 0.0000000000
68094  -42.261  -12.226  27.890 0.0000000000
68069  -44.013  -12.872  29.093 0.0000000000
68063  -44.213  -12.877  30.516 0.0000000000
125150  -45.515  -11.621  31.722 0.0000000000
71814  -44.465  -8.445  26.124 0.0000000000
71781  -44.941  -8.969  27.487 0.0000000000
69840  -47.224  -10.389  27.760 0.0000000000
80450  -47.898  0.365  19.172 0.0000000000
79528  -48.354  0.174  18.865 0.0000000000
80453  -50.141  0.370  19.324 0.0000000000
77693  -48.820  -2.110  17.429 0.0000000000
79544  -50.015  -0.952  18.287 0.0000000000
130771  -51.273  0.481  18.919 0.0000000000
79546  -52.608  0.365  17.479 0.0000000000
80462  -54.258  1.365  17.031 0.0000000000
77739  -51.658  -3.002  14.687 0.0000000000
134442  -53.156  -0.875  15.581 0.0000000000
79557  -54.380  0.436  15.460 0.0000000000
79589  -56.802  -0.647  12.632 0.0000000000
127003  -35.921  -23.346  40.070 0.0000000000
142129  -34.913  -23.402  39.735 0.0000000000
65356  -38.057  -15.912  28.368 0.0000000000
142664  -39.044  -15.454  29.346 0.0000000000
78590  -47.847  -1.251  20.534 0.0000000000
78579  -48.493  -1.157  21.050 0.0000000000
78571  -49.661  -0.934  21.987 0.0000000000
79502  -48.662  -0.243  20.928 0.0000000000
80426  -48.991  0.396  20.652 0.0000000000
49403  -15.671  -31.882  53.811 0.0000000000
49404  -16.265  -32.444  54.410 0.0000000000
149084  -36.055  -16.620  35.966 0.0000000000
63124  -36.161  -16.105  36.402 0.0000000000
64175  -35.859  -16.054  34.879 0.0000000000
54150  -18.426  -26.621  54.341 0.0000000000
54160  -18.639  -26.204  53.444 0.0000000000
61996  -24.972  -20.679  49.418 0.0000000000
61974  -24.591  -20.906  50.434 0.0000000000
61975  -25.099  -20.681  50.128 0.0000000000
61976  -25.740  -20.546  50.132 0.0000000000
58982  -33.959  -22.873  48.490 0.0000000000
141855  -33.035  -22.864  48.719 0.0000000000
53114  -18.178  -27.319  54.274 0.0000000000
70849  -43.632  -9.763  23.839 0.0000000000
149731  -43.625  -10.009  24.525 0.0000000000
60078  -39.191  -20.750  42.181 0.0000000000
60147  -37.596  -20.862  36.710 0.0000000000
60148  -38.369  -20.492  37.061 0.0000000000
143622  -20.360  -24.781  47.592 0.0000000000
56151  -20.399  -24.899  46.880 0.0000000000
60035  -22.580  -21.385  45.376 0.0000000000
61082  -22.672  -21.210  45.127 0.0000000000
148403  -34.586  -24.307  43.553 0.0000000000
57101  -34.135  -24.221  44.106 0.0000000000
57102  -34.945  -24.293  44.725 0.0000000000
129765  -35.630  -24.103  45.392 0.0000000000
57103  -35.897  -24.201  44.433 0.0000000000
60094  -38.066  -21.154  42.158 0.0000000000
60077  -38.647  -20.800  42.750 0.0000000000
55230  -19.955  -25.597  46.538 0.0000000000
68015  -39.899  -13.041  34.894 0.0000000000
68894  -40.456  -12.447  35.355 0.0000000000
68906  -40.250  -12.744  34.693 0.0000000000
68047  -42.956  -12.656  32.582 0.0000000000
68048  -43.692  -12.367  32.346 0.0000000000
124632  -44.157  -12.364  31.796 0.0000000000
73831  -46.199  -6.178  21.925 0.0000000000
73819  -46.786  -6.763  22.549 0.0000000000
73820  -47.619  -6.563  22.813 0.0000000000
76687  -50.751  -4.102  26.704 0.0000000000
73854  -41.304  -6.240  19.568 0.0000000000
77679  -43.577  -2.975  17.806 0.0000000000
77690  -43.982  -2.868  17.048 0.0000000000
50288  -12.012  -31.731  55.875 0.0000000000
50276  -12.571  -31.127  56.494 0.0000000000
129661  -16.713  -30.902  59.359 0.0000000000
49350  -17.344  -31.832  60.648 0.0000000000
139828  -12.630  -29.919  62.028 0.0000000000
49338  -12.001  -31.585  62.043 0.0000000000
62125  -40.770  -18.431  40.279 0.0000000000
62113  -40.938  -18.061  40.882 0.0000000000
62124  -40.048  -18.105  39.952 0.0000000000
66135  -38.990  -15.058  38.998 0.0000000000
66147  -40.087  -15.163  38.680 0.0000000000
66155  -40.324  -15.256  37.807 0.0000000000
65232  -39.818  -15.560  37.270 0.0000000000
65324  -37.270  -16.330  31.821 0.0000000000
149857  -37.559  -15.524  31.588 0.0000000000
132659  -37.361  -15.438  31.053 0.0000000000
57977  -21.005  -22.440  51.662 0.0000000000
57965  -20.565  -22.674  52.540 0.0000000000
57966  -21.207  -22.161  52.436 0.0000000000
61106  -25.145  -20.243  44.285 0.0000000000
61107  -25.581  -20.381  44.781 0.0000000000
57079  -29.281  -23.833  45.326 0.0000000000
60002  -28.193  -20.628  48.849 0.0000000000
61017  -29.267  -20.221  49.808 0.0000000000
61038  -29.763  -20.516  49.439 0.0000000000
60017  -38.429  -21.310  46.494 0.0000000000
50311  -19.993  -31.239  54.274 0.0000000000
68131  -40.057  -13.094  25.262 0.0000000000
129001  -40.589  -13.030  26.036 0.0000000000
69828  -44.696  -10.656  28.012 0.0000000000
68959  -45.371  -11.538  28.295 0.0000000000
68960  -46.174  -11.529  28.462 0.0000000000
68947  -46.617  -11.732  29.414 0.0000000000
68961  -46.787  -11.382  28.707 0.0000000000
72792  -47.179  -6.985  27.289 0.0000000000
78629  -47.043  -1.935  17.032 0.0000000000
77714  -51.004  -2.080  16.015 0.0000000000
78631  -51.693  -1.285  16.344 0.0000000000
77754  -53.938  -2.900  13.768 0.0000000000
78660  -55.307  -1.261  13.507 0.0000000000
78661  -55.847  -0.869  12.980 0.0000000000
59093  -37.801  -21.769  40.563 0.0000000000
59092  -37.225  -22.198  40.013 0.0000000000
148278  -33.085  -24.017  41.296 0.0000000000
57138  -35.585  -23.894  42.462 0.0000000000
58103  -36.211  -23.458  41.891 0.0000000000
58117  -36.698  -22.845  40.506 0.0000000000
58104  -36.806  -22.882  41.431 0.0000000000
67179  -38.885  -13.668  32.260 0.0000000000
68053  -39.525  -13.547  32.282 0.0000000000
142698  -39.030  -13.861  31.612 0.0000000000
66251  -40.172  -14.920  30.330 0.0000000000
67197  -40.463  -14.407  31.098 0.0000000000
66252  -41.080  -14.711  30.363 0.0000000000
67198  -41.434  -14.360  31.050 0.0000000000
66253  -41.809  -14.506  30.334 0.0000000000
75788  -48.377  -5.043  21.684 0.0000000000
75789  -48.967  -4.303  21.659 0.0000000000
141542  -51.094  -2.705  23.468 0.0000000000
76700  -51.494  -2.875  25.043 0.0000000000
77629  -51.656  -2.256  24.818 0.0000000000
146200  -49.877  0.674  20.390 0.0000000000
81309  -49.802  0.654  20.146 0.0000000000
50307  -14.367  -31.028  54.472 0.0000000000
50318  -13.953  -31.157  53.746 0.0000000000
50306  -13.719  -30.968  54.582 0.0000000000
50291  -14.120  -30.720  55.307 0.0000000000
62150  -37.960  -18.052  37.939 0.0000000000
64162  -36.633  -15.949  36.778 0.0000000000
65230  -37.839  -15.669  37.578 0.0000000000
139869  -37.649  -15.681  36.271 0.0000000000
65251  -36.907  -15.737  35.897 0.0000000000
64187  -36.215  -16.043  34.569 0.0000000000
65269  -37.290  -15.985  34.780 0.0000000000
59947  -22.654  -21.435  50.529 0.0000000000
59924  -22.501  -21.407  52.244 0.0000000000
60976  -22.741  -21.413  51.673 0.0000000000
60935  -23.643  -21.420  53.036 0.0000000000
60922  -23.709  -21.446  53.762 0.0000000000
59912  -26.241  -22.004  52.382 0.0000000000
59913  -27.114  -21.665  52.030 0.0000000000
139582  -25.445  -20.542  41.867 0.0000000000
60070  -25.325  -20.277  42.655 0.0000000000
57064  -31.370  -23.757  46.517 0.0000000000
58007  -31.593  -22.664  48.964 0.0000000000
129317  -30.779  -21.935  49.226 0.0000000000
144986  -33.366  -21.227  51.859 0.0000000000
53173  -18.333  -28.198  48.911 0.0000000000
52230  -18.208  -28.835  49.208 0.0000000000
52198  -18.103  -28.622  52.349 0.0000000000
51234  -18.301  -29.086  53.832 0.0000000000
51226  -18.771  -29.613  54.253 0.0000000000
147319  -18.358  -29.008  54.483 0.0000000000
53095  -18.355  -27.931  55.784 0.0000000000
52160  -18.760  -28.425  56.380 0.0000000000
69888  -41.540  -11.159  24.285 0.0000000000
69876  -41.921  -11.351  25.167 0.0000000000
69889  -42.410  -10.837  24.696 0.0000000000
134388  -43.608  -9.712  26.277 0.0000000000
70800  -43.264  -10.037  26.681 0.0000000000
70801  -43.708  -9.587  26.968 0.0000000000
70777  -44.203  -9.943  27.920 0.0000000000
70778  -44.486  -9.354  27.507 0.0000000000
76829  -53.773  -3.062  11.888 0.0000000000
76823  -55.195  -2.891  11.874 0.0000000000
76830  -54.687  -2.851  11.300 0.0000000000
49381  -18.011  -32.762  56.869 0.0000000000
49352  -18.760  -32.381  60.081 0.0000000000
61131  -41.740  -19.600  43.673 0.0000000000
60097  -40.576  -20.646  41.064 0.0000000000
61171  -40.989  -19.489  40.302 0.0000000000
60114  -40.588  -20.164  39.876 0.0000000000
61193  -39.650  -19.775  38.297 0.0000000000
62162  -38.875  -19.054  37.733 0.0000000000
62174  -37.901  -18.889  36.443 0.0000000000
55181  -19.149  -25.844  50.496 0.0000000000
56129  -20.578  -24.354  48.131 0.0000000000
57032  -20.602  -23.933  49.661 0.0000000000
57022  -20.882  -23.259  50.219 0.0000000000
57033  -21.081  -23.188  49.345 0.0000000000
130884  -21.280  -23.705  45.999 0.0000000000
58997  -22.521  -21.924  47.000 0.0000000000
130710  -22.032  -22.362  47.433 0.0000000000
58978  -22.293  -22.076  47.913 0.0000000000
58962  -22.018  -22.124  48.708 0.0000000000
59982  -22.509  -21.802  48.423 0.0000000000
59962  -22.256  -21.834  49.225 0.0000000000
140777  -23.453  -21.306  47.204 0.0000000000
61034  -23.196  -21.355  47.984 0.0000000000
140258  -23.830  -21.050  47.649 0.0000000000
62017  -23.746  -20.938  48.300 0.0000000000
142705  -24.283  -20.976  47.268 0.0000000000
127344  -29.919  -24.017  42.978 0.0000000000
57115  -30.236  -23.899  43.778 0.0000000000
123921  -32.222  -23.951  43.707 0.0000000000
57080  -31.920  -23.863  45.620 0.0000000000
57066  -34.309  -23.889  46.314 0.0000000000
57065  -33.366  -23.942  46.436 0.0000000000
58019  -34.858  -23.113  47.558 0.0000000000
58020  -35.735  -23.282  46.986 0.0000000000
58039  -36.725  -22.984  46.594 0.0000000000
128232  -37.520  -22.434  46.051 0.0000000000
58075  -36.830  -23.250  43.246 0.0000000000
60060  -38.399  -21.176  43.826 0.0000000000
60046  -38.465  -21.186  44.728 0.0000000000
61129  -39.801  -20.353  43.434 0.0000000000
61112  -39.980  -20.339  44.164 0.0000000000
129237  -19.188  -26.867  47.107 0.0000000000
55204  -19.213  -26.123  48.755 0.0000000000
68869  -41.147  -12.232  37.880 0.0000000000
68876  -41.464  -11.523  37.649 0.0000000000
69748  -41.378  -11.889  36.203 0.0000000000
69737  -41.804  -11.422  36.782 0.0000000000
69738  -42.518  -11.097  36.681 0.0000000000
70673  -43.008  -10.603  37.009 0.0000000000
69750  -42.800  -11.295  36.058 0.0000000000
68927  -41.597  -12.694  33.620 0.0000000000
68921  -43.366  -11.958  33.804 0.0000000000
69774  -43.188  -11.659  34.572 0.0000000000
69764  -43.725  -11.044  34.850 0.0000000000
70694  -43.513  -10.884  35.614 0.0000000000
70695  -44.093  -10.599  35.161 0.0000000000
70708  -44.511  -10.693  34.452 0.0000000000
70710  -45.789  -10.254  33.853 0.0000000000
72863  -44.683  -7.704  22.494 0.0000000000
72852  -45.223  -8.354  23.259 0.0000000000
72853  -46.107  -8.088  23.512 0.0000000000
72838  -47.374  -7.138  24.144 0.0000000000
72837  -46.652  -7.545  24.542 0.0000000000
73769  -46.617  -6.082  25.440 0.0000000000
74752  -46.317  -5.840  26.093 0.0000000000
74753  -46.929  -5.571  26.307 0.0000000000
75764  -49.738  -4.867  23.738 0.0000000000
74788  -49.122  -5.569  23.626 0.0000000000
74774  -49.259  -4.952  24.386 0.0000000000
75737  -48.536  -4.213  26.441 0.0000000000
50218  -8.272  -30.316  62.041 0.0000000000
50217  -7.679  -30.604  61.376 0.0000000000
49333  -7.940  -30.920  61.953 0.0000000000
68150  -37.812  -12.983  24.244 0.0000000000
130894  -38.155  -12.300  24.140 0.0000000000
134299  -38.767  -11.317  23.666 0.0000000000
69899  -39.089  -10.674  23.258 0.0000000000
70864  -39.874  -9.380  22.468 0.0000000000
139558  -40.557  -9.143  22.476 0.0000000000
70865  -41.194  -9.147  22.732 0.0000000000
71853  -40.901  -8.822  22.074 0.0000000000
71869  -42.125  -8.180  21.681 0.0000000000
72876  -42.573  -7.548  21.082 0.0000000000
73844  -43.531  -6.398  20.456 0.0000000000
73828  -43.872  -6.776  21.173 0.0000000000
73845  -44.197  -6.244  20.959 0.0000000000
74821  -44.201  -5.606  20.509 0.0000000000
126303  -44.019  -4.171  19.747 0.0000000000
75800  -43.249  -4.487  19.471 0.0000000000
75801  -44.549  -4.722  20.219 0.0000000000
75794  -45.416  -4.525  20.340 0.0000000000
75795  -46.218  -4.308  20.538 0.0000000000
76748  -45.730  -3.777  20.007 0.0000000000
77673  -45.186  -2.293  18.611 0.0000000000
77666  -46.657  -2.004  19.707 0.0000000000
138781  -46.244  -1.496  19.062 0.0000000000
78598  -46.495  -1.117  18.751 0.0000000000
78597  -45.946  -1.734  18.559 0.0000000000
78607  -45.455  -1.964  17.892 0.0000000000
78615  -45.419  -2.269  16.920 0.0000000000
50274  -10.890  -31.810  57.047 0.0000000000
49369  -16.697  -31.843  57.081 0.0000000000
50293  -15.795  -31.591  55.756 0.0000000000
51187  -15.599  -30.364  58.151 0.0000000000
50262  -15.359  -30.709  57.206 0.0000000000
51205  -14.742  -30.070  56.763 0.0000000000
51204  -14.268  -30.023  56.493 0.0000000000
51197  -14.290  -29.992  57.403 0.0000000000
50229  -16.197  -30.718  60.870 0.0000000000
52132  -13.885  -28.867  60.201 0.0000000000
52138  -14.312  -28.875  59.635 0.0000000000
52142  -13.790  -29.742  59.113 0.0000000000
51196  -13.434  -30.153  57.714 0.0000000000
141635  -12.974  -30.269  58.197 0.0000000000
51183  -12.510  -30.167  58.647 0.0000000000
52130  -11.232  -28.947  61.080 0.0000000000
51167  -11.411  -29.848  59.738 0.0000000000
51160  -11.117  -29.513  60.436 0.0000000000
51166  -10.537  -29.961  59.913 0.0000000000
51159  -10.309  -29.427  60.856 0.0000000000
51145  -9.525  -29.274  61.995 0.0000000000
51146  -10.215  -29.198  62.151 0.0000000000
48431  -11.553  -32.365  62.152 0.0000000000
67943  -42.775  -13.605  41.861 0.0000000000
147025  -43.129  -12.814  41.318 0.0000000000
67950  -42.768  -13.169  41.259 0.0000000000
129244  -41.986  -19.071  43.226 0.0000000000
63037  -42.048  -18.264  43.224 0.0000000000
64090  -41.313  -16.086  43.310 0.0000000000
64131  -39.050  -16.088  39.851 0.0000000000
65191  -40.513  -15.558  41.546 0.0000000000
66119  -40.944  -15.209  41.332 0.0000000000
146807  -41.258  -15.030  41.813 0.0000000000
67096  -41.416  -14.455  39.738 0.0000000000
141885  -41.617  -14.426  40.463 0.0000000000
67097  -41.902  -13.624  40.049 0.0000000000
67971  -41.722  -13.509  39.209 0.0000000000
67985  -41.365  -13.261  38.375 0.0000000000
66163  -40.621  -14.584  36.525 0.0000000000
67111  -40.898  -13.747  37.130 0.0000000000
67125  -40.124  -13.875  35.749 0.0000000000
65253  -39.101  -15.994  35.080 0.0000000000
144452  -39.739  -15.627  35.671 0.0000000000
66215  -38.391  -15.050  32.784 0.0000000000
66199  -39.178  -15.086  34.032 0.0000000000
67154  -39.033  -13.822  33.876 0.0000000000
67167  -38.520  -13.902  32.645 0.0000000000
66241  -38.121  -14.359  31.194 0.0000000000
66248  -37.475  -15.330  29.924 0.0000000000
66262  -37.803  -15.129  29.800 0.0000000000
64203  -34.674  -17.083  33.376 0.0000000000
64224  -34.561  -17.255  32.624 0.0000000000
64245  -35.448  -17.472  30.800 0.0000000000
64253  -35.727  -17.236  29.070 0.0000000000
64254  -36.463  -16.436  29.258 0.0000000000
64262  -35.553  -17.504  28.278 0.0000000000
136699  -36.574  -17.047  26.874 0.0000000000
56088  -19.333  -24.970  52.317 0.0000000000
133791  -19.244  -24.689  53.147 0.0000000000
56089  -19.675  -24.235  52.501 0.0000000000
57944  -20.117  -22.846  54.184 0.0000000000
59911  -22.316  -21.431  53.431 0.0000000000
59900  -21.809  -21.622  53.847 0.0000000000
59890  -22.227  -21.565  54.980 0.0000000000
62092  -23.865  -19.695  42.432 0.0000000000
61121  -23.750  -19.884  43.248 0.0000000000
62053  -24.755  -20.505  45.463 0.0000000000
62037  -24.985  -20.609  46.075 0.0000000000
124120  -24.914  -20.761  47.055 0.0000000000
124085  -25.436  -20.617  47.056 0.0000000000
58072  -26.975  -23.000  43.246 0.0000000000
127318  -27.093  -22.935  44.268 0.0000000000
59019  -26.890  -22.112  44.764 0.0000000000
58034  -28.681  -23.257  46.953 0.0000000000
58999  -27.885  -22.312  46.723 0.0000000000
60014  -26.751  -20.680  46.842 0.0000000000
142067  -27.142  -20.176  48.922 0.0000000000
61051  -26.889  -20.661  47.851 0.0000000000
62023  -26.889  -20.205  48.828 0.0000000000
62022  -26.314  -20.430  48.192 0.0000000000
62008  -27.011  -19.960  49.202 0.0000000000
62974  -26.881  -19.922  49.517 0.0000000000
62975  -27.584  -19.918  49.638 0.0000000000
132645  -29.785  -20.071  51.771 0.0000000000
61980  -29.139  -20.151  51.057 0.0000000000
61969  -29.698  -19.952  52.152 0.0000000000
60996  -31.256  -20.403  50.982 0.0000000000
61992  -30.666  -20.281  51.365 0.0000000000
137472  -31.283  -20.388  51.545 0.0000000000
60003  -36.235  -21.900  48.561 0.0000000000
49427  -16.090  -32.331  52.131 0.0000000000
145565  -18.557  -29.713  48.953 0.0000000000
51288  -18.462  -30.428  48.449 0.0000000000
51272  -18.697  -30.353  49.321 0.0000000000
49441  -18.647  -31.762  49.633 0.0000000000
48520  -18.548  -32.325  50.256 0.0000000000
48524  -18.064  -32.246  49.596 0.0000000000
48519  -17.777  -32.646  50.391 0.0000000000
48514  -18.314  -32.772  50.994 0.0000000000
48501  -19.514  -33.040  53.595 0.0000000000
48508  -18.770  -33.103  52.509 0.0000000000
47522  -19.146  -33.393  53.874 0.0000000000
47521  -18.382  -33.507  53.775 0.0000000000
48494  -18.532  -33.570  54.551 0.0000000000
48485  -19.053  -33.601  55.162 0.0000000000
51207  -19.598  -29.847  56.254 0.0000000000
124156  -20.395  -30.456  56.241 0.0000000000
50279  -20.220  -30.041  57.042 0.0000000000
70652  -43.199  -10.117  39.132 0.0000000000
66297  -39.241  -14.647  26.437 0.0000000000
67230  -41.318  -13.334  27.970 0.0000000000
67214  -41.033  -14.210  28.252 0.0000000000
67215  -41.821  -14.002  28.425 0.0000000000
66281  -42.136  -14.350  29.090 0.0000000000
67216  -42.619  -13.748  28.676 0.0000000000
68991  -42.238  -11.252  26.911 0.0000000000
68969  -41.927  -11.900  27.307 0.0000000000
68970  -42.625  -11.529  27.488 0.0000000000
68070  -44.745  -12.607  29.348 0.0000000000
68080  -43.602  -12.519  28.414 0.0000000000
67201  -44.263  -12.976  29.835 0.0000000000
123816  -45.423  -12.114  31.072 0.0000000000
69804  -47.118  -11.183  30.950 0.0000000000
69793  -46.540  -11.055  31.657 0.0000000000
70739  -46.804  -10.591  32.243 0.0000000000
71815  -45.061  -8.004  25.635 0.0000000000
72798  -44.883  -7.619  26.435 0.0000000000
71790  -46.027  -8.283  27.449 0.0000000000
71789  -45.277  -8.265  27.282 0.0000000000
70789  -46.644  -9.452  27.422 0.0000000000
70788  -45.537  -9.058  27.515 0.0000000000
79526  -46.939  -0.921  18.572 0.0000000000
79518  -47.466  0.059  19.221 0.0000000000
79527  -47.441  -0.257  18.846 0.0000000000
79543  -49.033  -0.790  18.396 0.0000000000
79529  -49.510  -0.100  18.881 0.0000000000
77711  -48.374  -2.799  16.815 0.0000000000
78620  -50.336  -1.542  17.437 0.0000000000
127337  -50.764  -0.812  17.888 0.0000000000
79545  -51.640  -0.202  17.938 0.0000000000
80454  -52.217  0.782  18.350 0.0000000000
78632  -52.659  -0.671  16.219 0.0000000000
141155  -53.068  0.115  16.750 0.0000000000
80473  -53.886  0.765  16.508 0.0000000000
123837  -54.669  1.221  16.361 0.0000000000
123860  -54.318  0.739  15.952 0.0000000000
76806  -52.948  -3.109  13.928 0.0000000000
76805  -52.081  -3.311  14.036 0.0000000000
77729  -52.047  -2.318  15.220 0.0000000000
77730  -52.851  -1.817  15.110 0.0000000000
78643  -54.600  -0.039  15.028 0.0000000000
80481  -54.996  0.438  15.123 0.0000000000
80482  -55.489  0.619  15.306 0.0000000000
78668  -56.819  -0.769  12.153 0.0000000000
126480  -33.658  -23.866  40.913 0.0000000000
57166  -34.307  -23.733  40.374 0.0000000000
141084  -38.191  -14.775  29.959 0.0000000000
66250  -39.189  -14.909  30.175 0.0000000000
66263  -39.952  -15.217  29.495 0.0000000000
77658  -47.812  -2.882  20.889 0.0000000000
77660  -49.191  -2.628  21.585 0.0000000000
136654  -49.789  -2.035  22.013 0.0000000000
144590  -50.485  -0.532  22.545 0.0000000000
79496  -50.070  0.027  22.006 0.0000000000
80419  -50.524  0.647  22.103 0.0000000000
80427  -49.945  0.555  21.302 0.0000000000
80434  -48.550  0.548  20.045 0.0000000000
50329  -14.813  -31.278  52.656 0.0000000000
137571  -14.207  -31.219  52.858 0.0000000000
50320  -15.034  -31.360  53.476 0.0000000000
50308  -15.021  -31.241  54.373 0.0000000000
63125  -37.159  -17.960  36.865 0.0000000000
63117  -36.874  -16.797  36.891 0.0000000000
64168  -36.367  -15.847  36.191 0.0000000000
139790  -18.278  -27.134  55.571 0.0000000000
60994  -23.904  -21.037  50.410 0.0000000000
60977  -23.227  -21.332  51.072 0.0000000000
60978  -23.780  -21.227  51.224 0.0000000000
60979  -24.474  -21.167  51.204 0.0000000000
60956  -24.391  -21.426  52.054 0.0000000000
60924  -25.292  -21.883  52.898 0.0000000000
126939  -25.358  -21.494  51.920 0.0000000000
60958  -26.419  -21.038  51.221 0.0000000000
61966  -27.239  -20.514  50.969 0.0000000000
58036  -32.887  -23.568  47.302 0.0000000000
58008  -32.348  -23.205  48.261 0.0000000000
58965  -32.453  -22.439  49.402 0.0000000000
58953  -32.176  -21.782  49.935 0.0000000000
58954  -32.977  -22.237  50.045 0.0000000000
133790  -34.242  -22.182  50.280 0.0000000000
53136  -18.002  -27.995  52.269 0.0000000000
139339  -18.022  -28.303  52.996 0.0000000000
52183  -18.111  -28.489  54.248 0.0000000000
53125  -17.995  -27.904  53.793 0.0000000000
69902  -42.085  -10.439  23.926 0.0000000000
70838  -43.032  -10.273  24.383 0.0000000000
70839  -43.572  -10.073  25.248 0.0000000000
71813  -44.048  -9.007  26.592 0.0000000000
61143  -40.752  -20.344  42.573 0.0000000000
60079  -40.148  -20.658  41.904 0.0000000000
60113  -40.163  -20.726  40.181 0.0000000000
60137  -38.722  -20.750  37.826 0.0000000000
61197  -38.501  -19.472  36.927 0.0000000000
55217  -19.660  -25.759  48.084 0.0000000000
55205  -19.703  -25.424  48.879 0.0000000000
56140  -20.010  -25.003  48.185 0.0000000000
59009  -22.148  -22.116  44.957 0.0000000000
60022  -22.278  -22.204  45.900 0.0000000000
146858  -22.780  -21.526  46.240 0.0000000000
60012  -22.830  -21.634  46.847 0.0000000000
60001  -23.032  -21.508  47.343 0.0000000000
60013  -22.902  -21.488  46.586 0.0000000000
61064  -22.910  -21.444  46.048 0.0000000000
61065  -23.472  -21.249  46.378 0.0000000000
123919  -33.148  -23.986  43.302 0.0000000000
147858  -33.595  -24.013  43.650 0.0000000000
125205  -33.458  -24.038  44.851 0.0000000000
57081  -32.905  -23.964  45.643 0.0000000000
140927  -35.250  -23.824  46.227 0.0000000000
60061  -38.656  -20.794  43.537 0.0000000000
61128  -39.012  -20.585  43.337 0.0000000000
54222  -19.604  -26.092  47.232 0.0000000000
68006  -40.551  -12.504  36.248 0.0000000000
68884  -40.916  -12.094  36.510 0.0000000000
134159  -40.890  -12.171  35.991 0.0000000000
68895  -40.955  -12.225  35.646 0.0000000000
68896  -41.550  -11.932  35.833 0.0000000000
68046  -41.992  -12.985  32.923 0.0000000000
69783  -44.166  -11.552  33.372 0.0000000000
69784  -44.930  -11.231  33.060 0.0000000000
69791  -45.229  -11.455  32.366 0.0000000000
72865  -46.429  -7.422  23.032 0.0000000000
73807  -47.204  -7.146  23.342 0.0000000000
73787  -48.002  -6.501  24.072 0.0000000000
76708  -49.949  -3.780  25.506 0.0000000000
75744  -49.083  -4.044  25.553 0.0000000000
76691  -49.507  -4.086  26.666 0.0000000000
81331  -53.613  2.108  18.482 0.0000000000
69915  -39.097  -9.876  22.683 0.0000000000
73843  -41.701  -6.914  20.085 0.0000000000
73855  -42.144  -6.396  19.801 0.0000000000
74819  -42.831  -6.085  19.921 0.0000000000
76755  -43.646  -3.682  19.086 0.0000000000
127100  -44.403  -3.505  19.333 0.0000000000
77672  -44.524  -2.897  18.840 0.0000000000
49378  -11.109  -31.916  56.121 0.0000000000
50248  -16.838  -31.310  58.502 0.0000000000
50247  -16.189  -30.752  58.672 0.0000000000
142130  -15.800  -30.149  59.029 0.0000000000
50227  -15.378  -29.977  61.102 0.0000000000
51154  -14.152  -29.080  61.331 0.0000000000
126155  -13.494  -28.787  60.878 0.0000000000
51168  -12.274  -29.695  59.532 0.0000000000
52127  -13.016  -28.941  61.647 0.0000000000
52123  -12.186  -28.930  62.004 0.0000000000
133641  -11.877  -29.165  62.144 0.0000000000
50221  -11.014  -30.670  62.353 0.0000000000
128702  -11.845  -30.591  62.136 0.0000000000
62114  -41.443  -18.268  41.503 0.0000000000
63051  -41.750  -18.149  42.420 0.0000000000
63065  -40.583  -17.335  41.357 0.0000000000
134514  -38.496  -15.571  38.814 0.0000000000
65207  -38.983  -15.451  39.455 0.0000000000
65208  -39.231  -15.081  39.745 0.0000000000
66125  -39.854  -15.277  40.163 0.0000000000
66126  -40.792  -15.027  40.560 0.0000000000
66137  -40.882  -14.965  39.155 0.0000000000
143689  -41.232  -14.073  37.898 0.0000000000
65233  -40.477  -15.301  37.079 0.0000000000
65270  -38.451  -16.251  33.970 0.0000000000
65271  -39.062  -15.937  34.317 0.0000000000
66229  -38.025  -14.431  32.015 0.0000000000
65325  -37.720  -14.880  31.380 0.0000000000
124612  -36.867  -15.874  29.725 0.0000000000
57006  -19.965  -23.711  51.880 0.0000000000
56079  -19.629  -24.029  53.156 0.0000000000
56995  -19.959  -23.385  52.717 0.0000000000
57952  -20.291  -22.791  53.344 0.0000000000
58911  -20.764  -22.381  53.901 0.0000000000
60910  -23.690  -21.522  55.532 0.0000000000
59891  -22.779  -21.508  55.176 0.0000000000
61139  -24.692  -19.904  42.621 0.0000000000
124445  -24.143  -19.644  41.988 0.0000000000
62079  -24.469  -20.169  43.934 0.0000000000
62067  -24.583  -20.323  44.661 0.0000000000
62068  -24.788  -20.276  44.534 0.0000000000
62055  -25.500  -20.424  45.840 0.0000000000
57096  -28.285  -23.773  44.316 0.0000000000
58051  -27.584  -23.103  45.758 0.0000000000
58981  -29.611  -22.665  48.248 0.0000000000
59000  -28.748  -22.558  47.643 0.0000000000
145078  -27.696  -20.938  48.122 0.0000000000
61052  -27.281  -20.443  48.586 0.0000000000
61036  -27.822  -20.220  49.265 0.0000000000
142598  -28.170  -20.035  49.644 0.0000000000
62010  -28.390  -20.112  49.596 0.0000000000
61999  -28.839  -20.114  49.978 0.0000000000
51248  -18.823  -30.024  51.047 0.0000000000
131086  -18.983  -30.777  50.516 0.0000000000
50341  -19.136  -30.876  51.195 0.0000000000
126641  -19.277  -31.788  51.500 0.0000000000
123405  -18.868  -32.645  51.638 0.0000000000
49428  -19.376  -32.311  52.269 0.0000000000
49419  -19.832  -32.390  53.578 0.0000000000
140935  -20.096  -29.372  57.782 0.0000000000
50264  -20.739  -30.096  58.035 0.0000000000
67251  -39.420  -13.913  25.730 0.0000000000
67241  -39.826  -14.111  26.560 0.0000000000
67242  -40.335  -13.526  26.693 0.0000000000
68092  -41.111  -12.904  27.450 0.0000000000
68957  -43.788  -11.650  28.097 0.0000000000
68958  -44.571  -11.550  28.196 0.0000000000
68082  -45.141  -12.212  28.768 0.0000000000
68065  -45.428  -12.388  29.517 0.0000000000
68941  -46.055  -12.114  30.181 0.0000000000
146450  -46.663  -11.736  30.122 0.0000000000
69805  -47.756  -10.806  30.556 0.0000000000
73750  -45.723  -6.533  26.939 0.0000000000
72799  -45.237  -6.887  26.705 0.0000000000
135275  -46.576  -7.555  27.397 0.0000000000
134660  -46.816  -1.510  17.686 0.0000000000
79541  -47.331  -0.834  18.274 0.0000000000
78617  -47.407  -1.316  17.703 0.0000000000
78618  -48.116  -1.478  17.689 0.0000000000
77713  -50.218  -2.375  16.592 0.0000000000
76820  -52.821  -3.250  12.750 0.0000000000
77741  -53.440  -2.348  14.489 0.0000000000
78649  -54.994  -0.674  14.341 0.0000000000
79572  -55.367  0.035  14.511 0.0000000000
79573  -55.855  -0.066  14.170 0.0000000000
78675  -57.032  -1.057  11.631 0.0000000000
78669  -57.129  -0.869  12.303 0.0000000000
60111  -38.172  -21.378  41.166 0.0000000000
59115  -37.834  -21.353  38.471 0.0000000000
59127  -37.708  -21.037  37.604 0.0000000000
58060  -21.621  -23.018  44.398 0.0000000000
60052  -22.146  -20.528  43.823 0.0000000000
123337  -31.989  -24.356  41.929 0.0000000000
57151  -33.663  -23.923  41.712 0.0000000000
57136  -33.455  -24.053  42.519 0.0000000000
57118  -36.022  -24.053  43.374 0.0000000000
144558  -36.862  -23.029  42.726 0.0000000000
58087  -36.866  -22.930  42.231 0.0000000000
68034  -39.709  -13.381  33.414 0.0000000000
68035  -40.080  -13.129  34.062 0.0000000000
68044  -39.983  -13.342  32.964 0.0000000000
67186  -39.849  -13.781  31.697 0.0000000000
68055  -41.372  -13.383  32.399 0.0000000000
67188  -41.926  -13.891  31.677 0.0000000000
67189  -42.835  -13.540  31.247 0.0000000000
74814  -47.423  -5.336  21.526 0.0000000000
74803  -48.009  -5.874  22.267 0.0000000000
75775  -49.131  -4.926  22.195 0.0000000000
141815  -50.053  -4.609  23.124 0.0000000000
76742  -49.497  -3.582  21.750 0.0000000000
76731  -50.440  -4.014  22.965 0.0000000000
75765  -50.304  -4.251  23.786 0.0000000000
76722  -50.943  -3.551  24.798 0.0000000000
76699  -51.200  -3.517  25.553 0.0000000000
80428  -50.928  1.237  21.786 0.0000000000
81311  -51.432  1.718  20.530 0.0000000000
81328  -50.899  0.909  19.637 0.0000000000
50305  -12.995  -31.180  54.717 0.0000000000
62137  -39.398  -18.658  38.685 0.0000000000
63091  -39.191  -17.931  39.702 0.0000000000
63090  -38.601  -17.441  39.118 0.0000000000
64155  -38.116  -16.415  38.872 0.0000000000
65231  -38.680  -15.487  37.571 0.0000000000
126917  -39.332  -15.753  36.605 0.0000000000
65307  -37.423  -16.593  32.874 0.0000000000
58938  -21.691  -21.688  51.875 0.0000000000
140172  -22.074  -21.499  51.765 0.0000000000
144346  -22.348  -21.426  52.871 0.0000000000
144582  -22.905  -21.337  54.076 0.0000000000
127288  -23.265  -21.352  51.975 0.0000000000
60934  -23.129  -21.369  53.317 0.0000000000
127080  -23.003  -21.351  54.137 0.0000000000
60915  -23.708  -21.519  55.201 0.0000000000
59904  -25.969  -22.475  53.443 0.0000000000
60053  -25.732  -20.480  43.431 0.0000000000
128321  -26.008  -20.546  44.232 0.0000000000
57053  -30.058  -23.660  47.343 0.0000000000
58016  -30.254  -23.352  48.011 0.0000000000
58017  -31.216  -23.335  48.224 0.0000000000
58963  -29.887  -21.895  48.846 0.0000000000
59985  -30.304  -21.028  49.139 0.0000000000
59964  -30.635  -20.704  49.713 0.0000000000
61020  -31.824  -20.766  50.677 0.0000000000
60997  -32.145  -20.663  51.327 0.0000000000
59966  -32.387  -21.383  50.413 0.0000000000
59948  -32.665  -21.152  50.956 0.0000000000
134741  -32.637  -20.853  51.868 0.0000000000
52240  -18.317  -28.721  48.476 0.0000000000
51271  -18.471  -29.433  49.773 0.0000000000
51257  -18.269  -29.176  50.819 0.0000000000
50310  -19.350  -30.529  53.998 0.0000000000
126380  -19.759  -30.591  54.770 0.0000000000
142395  -19.084  -30.066  54.739 0.0000000000
127899  -18.968  -29.361  55.908 0.0000000000
51225  -18.345  -28.524  55.003 0.0000000000
141150  -18.843  -28.921  56.187 0.0000000000
51206  -19.025  -29.098  56.712 0.0000000000
68132  -40.854  -12.462  25.400 0.0000000000
69008  -41.495  -11.866  25.698 0.0000000000
69838  -42.849  -10.907  27.235 0.0000000000
69877  -42.545  -10.841  25.605 0.0000000000
69856  -42.767  -10.673  26.562 0.0000000000
129274  -43.747  -10.285  27.686 0.0000000000
69829  -45.610  -10.811  27.903 0.0000000000
76793  -47.329  -3.293  15.444 0.0000000000
76794  -48.245  -3.501  15.472 0.0000000000
76821  -53.608  -3.197  12.559 0.0000000000
76815  -54.255  -3.163  13.004 0.0000000000
77763  -55.106  -2.772  12.585 0.0000000000
77756  -55.615  -1.719  12.726 0.0000000000
77764  -56.003  -2.009  11.912 0.0000000000
49394  -17.126  -32.900  55.494 0.0000000000
49393  -16.329  -32.366  55.264 0.0000000000
49380  -17.578  -32.894  56.181 0.0000000000
140056  -17.209  -32.410  56.760 0.0000000000
49355  -18.490  -32.009  59.768 0.0000000000
126469  -41.468  -19.880  41.832 0.0000000000
61159  -41.539  -19.301  41.208 0.0000000000
62139  -40.481  -18.934  39.673 0.0000000000
60112  -39.060  -21.129  40.606 0.0000000000
63131  -36.433  -17.803  35.569 0.0000000000
54169  -18.766  -26.171  52.584 0.0000000000
56098  -19.415  -25.197  51.536 0.0000000000
56109  -19.791  -24.718  50.883 0.0000000000
55195  -19.743  -25.141  49.553 0.0000000000
56117  -19.996  -24.592  49.979 0.0000000000
127825  -20.001  -24.017  51.231 0.0000000000
57976  -20.432  -23.236  51.170 0.0000000000
57990  -21.082  -22.501  50.651 0.0000000000
56152  -20.893  -24.363  46.420 0.0000000000
57052  -21.243  -23.663  46.901 0.0000000000
57044  -21.102  -23.505  47.862 0.0000000000
58014  -21.584  -22.923  47.265 0.0000000000
128989  -21.223  -23.095  48.606 0.0000000000
57999  -21.507  -22.500  48.995 0.0000000000
136598  -21.598  -22.062  50.183 0.0000000000
59946  -21.835  -21.867  49.910 0.0000000000
59963  -22.576  -21.499  49.692 0.0000000000
61015  -22.959  -21.276  49.844 0.0000000000
59983  -22.942  -21.500  48.188 0.0000000000
128951  -23.015  -21.293  48.890 0.0000000000
149590  -23.345  -21.079  49.585 0.0000000000
62003  -23.668  -20.879  49.057 0.0000000000
62004  -24.376  -20.745  48.769 0.0000000000
124843  -25.108  -20.663  48.921 0.0000000000
57131  -28.373  -23.860  42.244 0.0000000000
57113  -28.325  -23.835  43.283 0.0000000000
133306  -30.077  -23.862  45.216 0.0000000000
124382  -31.126  -24.012  43.760 0.0000000000
57098  -30.610  -23.866  44.610 0.0000000000
58983  -34.908  -22.730  48.267 0.0000000000
58968  -35.473  -22.326  48.746 0.0000000000
58985  -36.408  -22.276  47.908 0.0000000000
59001  -36.361  -22.706  47.341 0.0000000000
60016  -37.836  -21.613  47.128 0.0000000000
58063  -37.170  -23.228  44.766 0.0000000000
59011  -37.636  -22.529  44.991 0.0000000000
59012  -38.100  -21.783  45.316 0.0000000000
60029  -38.512  -21.247  45.617 0.0000000000
61074  -38.929  -20.821  45.599 0.0000000000
145954  -39.370  -20.556  44.668 0.0000000000
53194  -18.421  -28.481  47.129 0.0000000000
139998  -18.712  -27.885  47.763 0.0000000000
53184  -18.669  -27.655  48.435 0.0000000000
54213  -18.882  -26.879  48.602 0.0000000000
69715  -42.157  -11.098  38.902 0.0000000000
69728  -41.358  -11.591  36.999 0.0000000000
69729  -41.889  -11.173  37.433 0.0000000000
70657  -42.428  -10.674  37.886 0.0000000000
70665  -42.958  -10.390  37.658 0.0000000000
68919  -40.494  -12.734  34.340 0.0000000000
148838  -41.101  -12.406  34.664 0.0000000000
68908  -41.473  -12.200  35.078 0.0000000000
68920  -42.293  -12.260  34.269 0.0000000000
69773  -42.439  -11.838  34.982 0.0000000000
69762  -42.226  -11.731  35.641 0.0000000000
70683  -44.072  -10.275  35.901 0.0000000000
70709  -45.143  -10.558  33.948 0.0000000000
71841  -43.965  -9.045  23.297 0.0000000000
138259  -44.530  -9.407  24.013 0.0000000000
146746  -44.704  -8.905  23.475 0.0000000000
71834  -45.561  -8.508  24.631 0.0000000000
72836  -45.894  -7.757  25.057 0.0000000000
73757  -45.824  -6.306  26.495 0.0000000000
73751  -46.217  -6.056  26.922 0.0000000000
73752  -47.052  -6.068  27.002 0.0000000000
73821  -48.356  -6.223  23.283 0.0000000000
73788  -48.533  -6.003  24.062 0.0000000000
74772  -48.009  -5.824  24.634 0.0000000000
75743  -48.412  -4.145  25.834 0.0000000000
125793  -47.961  -4.432  26.087 0.0000000000
75735  -47.494  -4.981  26.140 0.0000000000
74746  -47.681  -5.321  26.829 0.0000000000
126762  -8.731  -30.001  60.350 0.0000000000
65372  -37.739  -16.090  26.479 0.0000000000
65373  -38.337  -15.651  26.742 0.0000000000
66295  -38.022  -15.408  25.962 0.0000000000
66296  -38.637  -15.035  26.240 0.0000000000
136879  -38.341  -14.762  25.530 0.0000000000
66326  -37.900  -14.255  25.009 0.0000000000
66307  -38.683  -14.077  25.256 0.0000000000
67250  -39.164  -13.406  24.877 0.0000000000
68151  -39.582  -12.647  24.495 0.0000000000
68170  -38.947  -11.970  24.108 0.0000000000
69019  -39.924  -11.906  24.137 0.0000000000
69887  -40.743  -10.975  23.814 0.0000000000
69916  -39.875  -10.086  23.065 0.0000000000
126985  -40.688  -10.334  23.350 0.0000000000
70847  -41.508  -9.855  23.279 0.0000000000
127374  -41.678  -8.739  22.198 0.0000000000
71854  -42.518  -8.597  22.407 0.0000000000
71855  -43.408  -8.454  22.651 0.0000000000
72862  -43.783  -7.751  22.267 0.0000000000
73827  -43.183  -6.948  20.933 0.0000000000
72878  -44.154  -7.058  21.959 0.0000000000
73817  -45.063  -7.068  22.072 0.0000000000
73830  -45.374  -6.357  21.730 0.0000000000
74812  -45.659  -5.681  21.293 0.0000000000
74831  -43.007  -5.329  19.644 0.0000000000
74822  -45.076  -5.196  20.787 0.0000000000
74813  -46.523  -5.507  21.416 0.0000000000
75787  -46.738  -4.751  21.049 0.0000000000
76739  -46.950  -3.997  20.691 0.0000000000
76750  -47.069  -3.070  20.372 0.0000000000
77667  -47.524  -2.126  20.389 0.0000000000
78589  -47.048  -1.094  20.030 0.0000000000
79509  -47.586  -0.226  19.943 0.0000000000
77736  -45.657  -2.927  14.402 0.0000000000
132932  -15.075  -31.236  55.349 0.0000000000
50292  -15.056  -30.925  56.230 0.0000000000
148843  -14.664  -30.866  55.694 0.0000000000
51213  -14.001  -30.238  55.967 0.0000000000
50277  -13.376  -30.738  56.237 0.0000000000
50232  -16.789  -31.033  60.572 0.0000000000
51171  -15.978  -29.894  59.879 0.0000000000
128889  -15.232  -29.873  59.474 0.0000000000
52134  -14.991  -28.912  60.477 0.0000000000
51186  -14.555  -29.838  59.120 0.0000000000
123974  -14.659  -29.974  58.238 0.0000000000
51202  -13.030  -30.471  57.032 0.0000000000
50261  -12.263  -30.929  57.322 0.0000000000
50260  -11.463  -31.267  57.622 0.0000000000
51182  -11.645  -30.212  58.893 0.0000000000
134455  -8.662  -29.923  61.010 0.0000000000
51144  -8.695  -29.902  61.839 0.0000000000
126079  -9.122  -30.667  62.207 0.0000000000
50220  -10.259  -30.568  62.373 0.0000000000
49335  -9.763  -31.086  62.336 0.0000000000
68827  -43.244  -13.075  41.661 0.0000000000
67951  -43.129  -12.083  40.795 0.0000000000
63025  -42.262  -17.540  44.014 0.0000000000
63078  -39.470  -17.297  40.316 0.0000000000
63064  -39.824  -16.824  40.991 0.0000000000
64105  -40.448  -15.932  41.846 0.0000000000
65186  -40.865  -15.591  42.263 0.0000000000
67071  -41.482  -14.860  42.292 0.0000000000
132418  -41.953  -14.429  42.051 0.0000000000
67085  -41.435  -14.761  41.027 0.0000000000
67079  -42.364  -13.983  41.483 0.0000000000
67960  -42.263  -12.869  40.331 0.0000000000
67986  -41.570  -12.408  38.780 0.0000000000
143577  -40.739  -12.555  36.978 0.0000000000
68005  -40.211  -12.757  35.597 0.0000000000
66178  -39.932  -14.712  35.213 0.0000000000
67155  -39.623  -13.404  34.346 0.0000000000
68023  -39.488  -13.398  33.739 0.0000000000
67168  -39.107  -13.506  33.019 0.0000000000
141391  -38.608  -14.043  31.562 0.0000000000
63137  -35.826  -17.168  34.448 0.0000000000
64225  -35.437  -17.113  32.707 0.0000000000
64240  -36.382  -16.942  31.791 0.0000000000
64244  -35.099  -17.719  29.780 0.0000000000
64246  -36.642  -16.323  30.208 0.0000000000
64273  -35.838  -17.359  27.508 0.0000000000
147803  -36.770  -16.502  28.651 0.0000000000
65355  -37.413  -16.312  28.300 0.0000000000
65362  -37.376  -16.701  27.181 0.0000000000
55153  -18.938  -25.476  52.883 0.0000000000
55146  -18.906  -25.247  53.768 0.0000000000
58912  -21.387  -21.902  53.515 0.0000000000
58899  -21.275  -22.061  54.362 0.0000000000
60069  -21.905  -20.801  42.350 0.0000000000
61104  -22.503  -20.342  43.916 0.0000000000
133125  -22.867  -20.781  44.659 0.0000000000
62065  -23.555  -20.692  45.116 0.0000000000
62051  -23.710  -21.060  45.990 0.0000000000
62052  -24.244  -20.684  45.649 0.0000000000
62035  -24.294  -20.940  46.475 0.0000000000
62019  -24.755  -20.839  47.503 0.0000000000
62006  -25.526  -20.510  48.586 0.0000000000
137201  -26.188  -21.822  42.898 0.0000000000
58052  -28.899  -23.683  46.170 0.0000000000
59010  -27.212  -22.208  45.711 0.0000000000
60038  -26.810  -21.242  45.358 0.0000000000
60037  -26.144  -20.685  45.119 0.0000000000
61085  -25.780  -20.412  45.808 0.0000000000
61066  -26.182  -20.486  46.822 0.0000000000
61067  -26.252  -20.512  47.318 0.0000000000
123856  -25.840  -20.485  47.536 0.0000000000
62021  -25.867  -20.411  48.145 0.0000000000
62007  -25.934  -20.081  49.130 0.0000000000
137388  -26.622  -20.050  49.812 0.0000000000
61977  -27.052  -20.223  50.500 0.0000000000
61967  -28.112  -20.446  51.310 0.0000000000
147045  -28.577  -20.080  50.474 0.0000000000
61979  -28.567  -20.165  51.021 0.0000000000
61955  -28.475  -20.634  51.646 0.0000000000
61018  -30.154  -20.289  50.055 0.0000000000
61991  -30.171  -20.161  51.320 0.0000000000
61971  -30.387  -20.061  52.114 0.0000000000
50340  -14.805  -31.210  51.651 0.0000000000
137278  -16.349  -32.595  53.695 0.0000000000
50353  -18.925  -31.055  49.789 0.0000000000
48518  -16.864  -32.591  50.740 0.0000000000
131410  -18.052  -33.168  51.821 0.0000000000
48506  -16.970  -32.991  52.201 0.0000000000
48500  -16.927  -33.022  53.196 0.0000000000
48492  -16.909  -33.015  53.989 0.0000000000
129047  -17.582  -33.372  54.944 0.0000000000
48484  -18.057  -33.396  55.453 0.0000000000
66278  -39.785  -15.257  28.528 0.0000000000
66279  -40.605  -14.917  28.767 0.0000000000
66291  -40.358  -14.553  27.909 0.0000000000
66265  -41.642  -14.623  29.662 0.0000000000
66266  -42.441  -14.328  29.825 0.0000000000
67190  -43.572  -13.187  30.838 0.0000000000
68133  -41.141  -12.413  26.252 0.0000000000
68093  -41.656  -12.605  27.658 0.0000000000
68956  -43.004  -11.887  27.980 0.0000000000
68079  -42.872  -12.847  28.237 0.0000000000
67217  -43.367  -13.292  28.804 0.0000000000
67205  -43.610  -13.367  29.585 0.0000000000
67200  -43.786  -13.272  30.177 0.0000000000
140595  -43.980  -12.728  31.180 0.0000000000
68934  -44.921  -12.008  31.813 0.0000000000
69792  -45.874  -11.168  32.069 0.0000000000
68935  -46.022  -11.564  31.258 0.0000000000
70823  -44.100  -9.362  25.714 0.0000000000
72789  -45.015  -7.733  26.884 0.0000000000
71788  -44.753  -8.634  27.130 0.0000000000
69839  -46.091  -10.146  27.603 0.0000000000
69831  -47.256  -11.002  28.539 0.0000000000
69817  -47.775  -10.867  29.381 0.0000000000
80433  -47.960  0.490  19.628 0.0000000000
80442  -48.329  0.506  19.641 0.0000000000
132624  -47.753  -0.142  18.705 0.0000000000
80451  -48.431  0.466  19.357 0.0000000000
80452  -49.034  0.448  19.297 0.0000000000
130336  -47.585  -2.644  16.708 0.0000000000
78619  -49.459  -1.547  17.846 0.0000000000
79530  -50.624  -0.272  18.644 0.0000000000
81337  -53.084  1.178  17.963 0.0000000000
81338  -53.935  1.690  17.701 0.0000000000
126448  -53.448  0.872  17.200 0.0000000000
80463  -54.962  1.681  17.115 0.0000000000
77728  -51.299  -2.635  15.354 0.0000000000
78641  -52.324  -1.460  15.709 0.0000000000
142498  -53.919  -0.273  15.443 0.0000000000
80474  -54.916  0.890  15.778 0.0000000000
47526  -17.617  -33.374  53.525 0.0000000000
47527  -19.021  -33.288  53.287 0.0000000000
47530  -18.309  -33.393  53.160 0.0000000000
48428  -8.262  -31.663  61.715 0.0000000000
49334  -8.630  -31.146  62.042 0.0000000000
49434  -16.080  -32.162  51.293 0.0000000000
50215  -9.932  -29.821  62.275 0.0000000000
50216  -10.652  -29.839  62.315 0.0000000000
50223  -13.337  -29.554  61.783 0.0000000000
50231  -16.201  -30.495  60.664 0.0000000000
50235  -16.416  -30.505  60.099 0.0000000000
50236  -17.059  -30.804  59.889 0.0000000000
51143  -7.850  -30.233  61.360 0.0000000000
51147  -11.437  -29.817  62.248 0.0000000000
51148  -12.747  -29.136  62.070 0.0000000000
51153  -9.083  -29.667  61.651 0.0000000000
51158  -9.378  -29.704  61.005 0.0000000000
51161  -15.224  -29.657  60.830 0.0000000000
51162  -15.927  -29.904  60.577 0.0000000000
51184  -13.273  -30.135  58.690 0.0000000000
52121  -10.111  -29.004  61.976 0.0000000000
52124  -9.783  -29.166  61.744 0.0000000000
52125  -10.566  -28.983  61.638 0.0000000000
52126  -11.417  -28.961  61.777 0.0000000000
52128  -13.857  -28.848  61.235 0.0000000000
52131  -12.730  -28.861  60.914 0.0000000000
52133  -14.537  -28.857  60.336 0.0000000000
52136  -13.011  -28.899  60.041 0.0000000000
52137  -13.719  -28.930  59.620 0.0000000000
52139  -14.970  -28.958  59.828 0.0000000000
52170  -18.659  -28.730  55.712 0.0000000000
58928  -21.531  -21.751  52.777 0.0000000000
59879  -21.694  -21.828  55.705 0.0000000000
59881  -22.787  -21.562  56.025 0.0000000000
59901  -22.282  -21.458  54.108 0.0000000000
59923  -21.840  -21.570  52.352 0.0000000000
59935  -22.569  -21.443  51.374 0.0000000000
60909  -23.283  -21.501  55.309 0.0000000000
60914  -23.275  -21.469  54.872 0.0000000000
60920  -22.880  -21.390  54.616 0.0000000000
60921  -23.277  -21.380  53.772 0.0000000000
60923  -24.478  -21.677  53.876 0.0000000000
60932  -22.715  -21.360  53.709 0.0000000000
60933  -22.807  -21.353  53.559 0.0000000000
60939  -28.797  -20.930  52.024 0.0000000000
60942  -30.720  -20.373  52.758 0.0000000000
60954  -22.625  -21.401  53.034 0.0000000000
60955  -23.138  -21.354  52.891 0.0000000000
60959  -27.406  -20.826  51.382 0.0000000000
60961  -31.978  -20.763  52.218 0.0000000000
60962  -32.951  -21.010  52.101 0.0000000000
60980  -25.292  -20.802  50.397 0.0000000000
60993  -23.296  -21.188  50.224 0.0000000000
60995  -30.473  -20.273  50.771 0.0000000000
61016  -23.230  -21.126  49.167 0.0000000000
61050  -23.412  -21.233  47.821 0.0000000000
61957  -29.819  -20.010  52.454 0.0000000000
61968  -28.991  -20.461  51.821 0.0000000000
61978  -27.785  -20.269  50.890 0.0000000000
61981  -30.134  -20.039  51.801 0.0000000000
61985  -24.673  -20.750  49.880 0.0000000000
61987  -26.017  -20.354  49.732 0.0000000000
61988  -26.458  -20.211  50.026 0.0000000000
61989  -28.381  -19.970  50.035 0.0000000000
61995  -23.847  -20.915  49.745 0.0000000000
61997  -25.700  -20.434  49.344 0.0000000000
61998  -26.347  -20.167  49.453 0.0000000000
62005  -24.872  -20.750  48.250 0.0000000000
62098  -41.915  -18.872  42.709 0.0000000000
62964  -28.234  -20.133  50.743 0.0000000000
62967  -27.191  -19.850  49.985 0.0000000000
62968  -27.895  -19.921  50.223 0.0000000000
65357  -38.453  -15.770  27.549 0.0000000000
67228  -40.172  -14.121  27.196 0.0000000000
68058  -44.627  -12.451  31.097 0.0000000000
68115  -41.313  -12.353  27.069 0.0000000000
68926  -40.822  -12.809  33.798 0.0000000000
68948  -47.172  -11.349  29.233 0.0000000000
69007  -41.192  -11.834  24.855 0.0000000000
69032  -40.187  -11.346  23.866 0.0000000000
70787  -43.955  -9.726  27.456 0.0000000000
70822  -43.068  -10.260  25.967 0.0000000000
71799  -44.549  -8.367  26.711 0.0000000000
71842  -45.802  -8.580  23.926 0.0000000000
72811  -46.163  -6.882  25.323 0.0000000000
73758  -46.436  -5.940  26.535 0.0000000000
73786  -47.417  -6.407  24.690 0.0000000000
74754  -47.392  -5.299  26.503 0.0000000000
74764  -47.002  -5.401  25.810 0.0000000000
74805  -49.543  -5.092  22.883 0.0000000000
75728  -48.401  -4.738  26.853 0.0000000000
76686  -50.240  -4.062  26.717 0.0000000000
76698  -49.155  -3.929  26.110 0.0000000000
77616  -51.706  -3.085  25.716 0.0000000000
77644  -51.323  -2.766  24.216 0.0000000000
78676  -57.259  -1.261  11.624 0.0000000000
79508  -47.062  -0.467  19.462 0.0000000000
81316  -48.914  0.483  19.732 0.0000000000
81317  -49.716  0.551  19.720 0.0000000000
81327  -48.924  0.448  19.480 0.0000000000
123361  -26.498  -20.221  48.830 0.0000000000
123366  -38.133  -11.694  23.781 0.0000000000
123635  -25.259  -20.574  46.311 0.0000000000
124263  -48.698  -4.404  25.156 0.0000000000
124358  -48.209  -4.151  21.341 0.0000000000
124462  -29.776  -20.126  51.169 0.0000000000
125071  -45.269  -9.023  24.024 0.0000000000
127259  -12.125  -28.894  61.376 0.0000000000
127826  -15.167  -30.070  58.643 0.0000000000
129006  -14.695  -29.474  61.148 0.0000000000
129795  -18.285  -27.108  53.595 0.0000000000
130621  -32.641  -20.867  51.871 0.0000000000
132257  -46.939  -6.940  24.788 0.0000000000
134025  -19.388  -24.247  53.703 0.0000000000
134550  -48.967  -0.809  21.501 0.0000000000
137285  -9.256  -31.369  62.227 0.0000000000
138619  -9.204  -29.851  62.130 0.0000000000
139814  -11.077  -29.188  62.203 0.0000000000
140911  -14.056  -29.484  61.448 0.0000000000
142032  -43.057  -13.909  29.362 0.0000000000
142087  -26.924  -19.997  50.171 0.0000000000
142147  -36.527  -16.324  29.710 0.0000000000
142963  -47.842  -4.843  25.498 0.0000000000
144123  -25.497  -20.521  50.064 0.0000000000
144769  -50.368  -3.874  24.597 0.0000000000
145026  -43.672  -12.295  41.440 0.0000000000
145151  -11.495  -28.997  62.096 0.0000000000
145476  -22.517  -20.737  44.457 0.0000000000
145881  -19.414  -25.381  50.892 0.0000000000
146285  -24.720  -20.871  46.873 0.0000000000
146712  -44.098  -3.252  18.976 0.0000000000
147613  -42.602  -14.171  29.232 0.0000000000
147655  -29.313  -20.211  51.645 0.0000000000
147886  -26.612  -22.650  43.229 0.0000000000
147948  -9.711  -29.456  62.132 0.0000000000
149184  -14.119  -28.829  60.826 0.0000000000
149713  -22.393  -21.542  50.328 0.0000000000
