#!ascii label  , from subject chris_t1_3 vox2ras=TkReg
573
19462  -26.981  -65.177  -20.355 0.6999999881
132394  -27.234  -64.536  -19.747 0.6000000238
21111  -27.786  -64.061  -18.499 0.6000000238
21098  -30.063  -63.694  -17.802 0.4000000060
20366  -22.839  -65.210  -24.607 0.6999999881
133167  -23.295  -64.471  -24.161 0.6999999881
19524  -22.937  -65.578  -25.847 0.6999999881
20367  -23.487  -65.047  -25.354 0.6000000238
129448  -23.710  -65.985  -27.658 0.6999999881
19542  -23.741  -65.491  -26.899 0.6000000238
18702  -24.033  -66.330  -27.581 0.6000000238
125922  -24.393  -65.755  -27.546 0.6000000238
18679  -24.596  -66.242  -24.505 0.6000000238
19543  -24.777  -65.897  -27.238 0.6000000238
19544  -26.260  -65.061  -26.277 0.5000000000
18680  -25.361  -65.740  -24.704 0.5000000000
19509  -26.272  -65.311  -24.831 0.5000000000
19511  -27.084  -65.093  -23.222 0.6000000238
19476  -27.025  -65.129  -21.338 0.6000000238
128199  -27.365  -64.314  -21.809 0.6000000238
124864  -27.416  -63.538  -20.982 0.6000000238
143570  -27.322  -63.742  -20.085 0.6000000238
20355  -23.026  -64.432  -23.178 0.6000000238
21168  -23.848  -63.702  -23.968 0.6000000238
21177  -23.840  -64.203  -25.100 0.6000000238
20377  -24.564  -64.931  -27.185 0.6000000238
21199  -25.544  -64.211  -27.271 0.6000000238
20387  -24.806  -65.360  -27.528 0.6000000238
19554  -25.495  -65.238  -27.223 0.6000000238
20378  -26.699  -64.510  -26.265 0.6000000238
20368  -26.900  -64.797  -25.269 0.6000000238
19510  -27.057  -64.996  -24.191 0.6000000238
20369  -27.510  -64.440  -24.639 0.6999999881
132678  -27.657  -63.988  -23.306 0.6000000238
21159  -27.605  -63.739  -22.567 0.6000000238
21973  -27.801  -63.206  -18.818 0.5000000000
21956  -28.779  -63.088  -17.844 0.5000000000
20341  -22.355  -64.495  -22.448 0.6000000238
131893  -23.698  -64.004  -23.043 0.6000000238
22038  -24.556  -62.983  -24.006 0.6000000238
21178  -24.256  -63.378  -25.008 0.6000000238
21191  -24.502  -64.032  -26.276 0.6000000238
22060  -24.625  -63.100  -25.852 0.6000000238
21192  -25.196  -63.473  -26.696 0.6000000238
21200  -26.438  -63.537  -27.056 0.6000000238
123443  -25.970  -64.239  -27.292 0.6000000238
20390  -26.543  -64.095  -26.892 0.6000000238
20379  -27.338  -64.275  -25.587 0.6999999881
21152  -27.554  -63.462  -21.841 0.6000000238
22006  -27.494  -62.738  -20.588 0.6000000238
21957  -29.604  -62.813  -17.708 0.4000000060
20327  -23.741  -64.000  -21.359 0.6000000238
21157  -24.099  -63.880  -22.267 0.6000000238
132023  -24.363  -63.476  -23.097 0.6000000238
22049  -24.653  -62.561  -25.075 0.6000000238
22061  -24.927  -62.409  -26.006 0.5000000000
22069  -25.573  -62.593  -26.567 0.6000000238
21201  -27.145  -63.462  -26.794 0.6999999881
22040  -28.411  -62.811  -24.051 0.6000000238
21160  -27.965  -63.274  -23.245 0.6000000238
22015  -27.841  -62.844  -22.322 0.6000000238
147799  -27.827  -62.390  -21.789 0.6000000238
22898  -27.958  -61.518  -19.166 0.6000000238
21992  -27.787  -62.320  -19.038 0.6000000238
127130  -29.663  -61.840  -17.679 0.4000000060
21974  -28.270  -62.665  -18.376 0.5000000000
20307  -23.385  -64.062  -20.442 0.5000000000
21140  -24.199  -63.570  -20.539 0.6000000238
21158  -24.670  -63.374  -22.335 0.6000000238
22024  -25.079  -62.822  -22.964 0.6000000238
22039  -25.194  -62.200  -24.073 0.5000000000
22957  -25.371  -61.668  -26.041 0.6000000238
144791  -26.579  -61.431  -26.635 0.6000000238
22967  -26.963  -62.131  -27.064 0.6999999881
21202  -27.818  -63.182  -26.502 0.6999999881
21193  -27.619  -63.711  -26.030 0.6999999881
22051  -28.865  -62.285  -24.965 0.6000000238
21180  -28.420  -63.150  -24.963 0.6999999881
22947  -28.785  -61.856  -23.981 0.6000000238
22026  -28.359  -62.368  -23.096 0.6000000238
22016  -28.190  -61.867  -22.129 0.6000000238
22924  -27.736  -62.000  -21.158 0.6000000238
142922  -28.265  -61.820  -18.511 0.5000000000
22884  -29.222  -61.402  -17.805 0.4000000060
21126  -23.760  -63.574  -19.684 0.6000000238
21141  -25.000  -62.921  -20.708 0.6000000238
21151  -25.127  -62.957  -21.816 0.5000000000
22014  -25.443  -62.125  -22.138 0.6000000238
22946  -25.570  -61.431  -23.651 0.5000000000
125790  -25.423  -61.418  -24.511 0.6000000238
23880  -25.821  -60.774  -24.257 0.5000000000
22952  -25.595  -60.988  -25.282 0.6000000238
146373  -25.956  -60.545  -24.899 0.5000000000
22958  -25.971  -61.057  -26.136 0.5000000000
23896  -28.257  -61.265  -27.151 0.5000000000
22968  -27.768  -61.861  -27.142 0.6000000238
23897  -29.704  -60.678  -27.066 0.5000000000
22965  -28.960  -61.389  -27.146 0.5000000000
147414  -28.564  -61.962  -27.004 0.6000000238
22960  -30.076  -60.743  -26.785 0.4000000060
22062  -28.673  -62.496  -25.823 0.6999999881
23890  -30.121  -60.753  -25.881 0.4000000060
22948  -29.299  -61.052  -23.791 0.5000000000
22938  -29.179  -60.797  -22.929 0.5000000000
22937  -28.742  -61.452  -22.984 0.6000000238
23861  -29.280  -59.951  -21.776 0.5000000000
22925  -28.177  -61.258  -21.420 0.6000000238
23821  -29.149  -60.867  -17.908 0.5000000000
135172  -28.626  -60.787  -22.150 0.6000000238
23847  -28.247  -60.577  -20.038 0.6000000238
22899  -28.362  -61.171  -18.688 0.6000000238
21991  -24.437  -62.408  -19.277 0.5000000000
133569  -25.331  -62.398  -21.293 0.5000000000
22936  -25.613  -61.363  -22.698 0.5000000000
23872  -25.863  -60.754  -23.209 0.4000000060
23881  -26.327  -60.235  -24.507 0.4000000060
23888  -26.447  -60.405  -25.488 0.5000000000
23894  -26.819  -60.853  -26.412 0.5000000000
24830  -28.317  -60.025  -26.359 0.5000000000
24825  -31.163  -59.607  -26.176 0.4000000060
145762  -30.306  -60.282  -27.004 0.4000000060
23883  -30.575  -60.095  -25.482 0.4000000060
23875  -30.374  -59.822  -24.286 0.5000000000
23882  -29.898  -60.546  -24.623 0.5000000000
24817  -30.381  -59.479  -23.332 0.5000000000
23874  -29.721  -60.225  -23.413 0.5000000000
24806  -29.824  -59.678  -22.585 0.5000000000
24732  -29.286  -59.734  -18.368 0.5000000000
23820  -28.741  -60.466  -18.493 0.5000000000
22911  -28.547  -60.475  -21.029 0.6000000238
24753  -28.527  -60.098  -19.389 0.5000000000
24824  -27.417  -59.906  -25.485 0.4000000060
123748  -28.271  -59.521  -25.422 0.5000000000
24832  -29.910  -59.684  -27.069 0.5000000000
127447  -31.008  -59.391  -25.058 0.4000000060
24807  -30.503  -59.014  -22.580 0.5000000000
135942  -29.289  -59.221  -18.930 0.5000000000
24710  -30.419  -59.478  -17.491 0.3000000119
25747  -31.076  -58.363  -22.579 0.5000000000
24795  -29.549  -59.381  -21.264 0.5000000000
24754  -28.984  -59.457  -19.572 0.5000000000
24831  -29.115  -59.572  -26.490 0.4000000060
23898  -30.671  -59.815  -26.875 0.4000000060
24840  -30.615  -59.353  -26.850 0.4000000060
25761  -32.149  -58.371  -25.604 0.4000000060
24834  -31.486  -59.083  -26.495 0.4000000060
24819  -31.476  -58.647  -24.554 0.4000000060
135866  -32.168  -57.962  -24.649 0.4000000060
25748  -31.395  -57.887  -22.556 0.5000000000
25688  -30.145  -58.387  -18.355 0.4000000060
25672  -30.250  -58.929  -17.743 0.4000000060
24796  -29.960  -59.225  -21.877 0.5000000000
148407  -29.676  -58.650  -18.876 0.5000000000
25733  -30.587  -58.554  -21.869 0.5000000000
25715  -30.070  -58.389  -20.334 0.5000000000
24777  -29.406  -59.207  -20.437 0.5000000000
26671  -32.434  -57.259  -24.950 0.4000000060
25757  -31.605  -58.100  -23.450 0.4000000060
26592  -30.560  -57.625  -18.434 0.4000000060
25702  -30.141  -58.043  -19.302 0.5000000000
25734  -31.114  -57.945  -21.868 0.5000000000
129860  -30.727  -58.130  -21.099 0.5000000000
26670  -31.951  -57.420  -23.875 0.4000000060
27499  -30.909  -56.867  -18.497 0.4000000060
139806  -31.462  -57.007  -17.337 0.3000000119
26659  -31.410  -57.317  -22.145 0.5000000000
26646  -31.209  -57.395  -21.110 0.5000000000
26612  -30.696  -57.250  -19.337 0.5000000000
27572  -32.144  -56.645  -24.224 0.4000000060
27487  -31.252  -56.544  -17.767 0.3000000119
27558  -31.489  -56.631  -22.128 0.4000000060
146958  -31.024  -56.993  -20.219 0.5000000000
27547  -31.427  -56.844  -21.507 0.4000000060
27531  -31.299  -56.638  -20.861 0.5000000000
146578  -30.990  -56.369  -20.214 0.5000000000
137683  -31.543  -55.381  -23.022 0.4000000060
28409  -30.981  -56.070  -18.398 0.3000000119
28393  -31.958  -55.087  -17.118 0.3000000119
28475  -31.552  -56.041  -22.544 0.4000000060
28428  -30.782  -55.703  -19.800 0.4000000060
28461  -31.413  -56.075  -21.554 0.4000000060
29406  -31.453  -54.480  -23.063 0.5000000000
129067  -30.917  -55.207  -18.337 0.3000000119
29342  -31.401  -54.668  -17.692 0.4000000060
29324  -32.127  -54.139  -17.290 0.4000000060
29311  -32.737  -54.802  -16.923 0.4000000060
134893  -31.382  -55.241  -22.195 0.4000000060
126648  -30.632  -54.979  -19.208 0.5000000000
29341  -30.879  -54.248  -18.466 0.4000000060
29374  -31.052  -55.107  -21.283 0.5000000000
28445  -31.065  -55.827  -20.667 0.5000000000
29373  -30.676  -54.861  -20.264 0.5000000000
138245  -31.095  -53.508  -18.335 0.4000000060
139125  -31.433  -53.778  -17.802 0.4000000060
30240  -32.623  -53.530  -17.337 0.4000000060
124182  -33.628  -53.974  -17.395 0.3000000119
29390  -31.215  -54.291  -21.931 0.5000000000
29389  -30.730  -54.144  -21.010 0.5000000000
31223  -31.704  -52.507  -17.784 0.4000000060
31225  -33.085  -52.114  -17.494 0.3000000119
30310  -31.397  -53.504  -22.620 0.5000000000
31241  -31.312  -52.386  -18.262 0.4000000060
30253  -31.421  -53.045  -18.000 0.4000000060
30239  -31.979  -53.153  -17.514 0.4000000060
125427  -33.615  -52.765  -17.554 0.4000000060
30254  -34.349  -52.762  -17.970 0.3000000119
147167  -30.608  -53.984  -20.232 0.5000000000
126267  -30.720  -53.532  -18.915 0.5000000000
30295  -31.028  -53.244  -21.567 0.5000000000
32198  -31.754  -51.733  -17.912 0.4000000060
32199  -32.541  -51.507  -17.613 0.4000000060
131941  -31.733  -52.887  -23.211 0.5000000000
31226  -33.938  -52.025  -17.700 0.3000000119
144688  -30.827  -52.616  -20.833 0.5000000000
31268  -30.704  -52.587  -19.872 0.5000000000
30269  -30.724  -52.968  -19.192 0.5000000000
30294  -30.656  -53.326  -20.569 0.5000000000
33105  -32.829  -50.834  -17.625 0.4000000060
31308  -31.852  -52.030  -23.451 0.5000000000
32247  -31.204  -50.807  -20.629 0.5000000000
33123  -34.037  -50.577  -17.884 0.3000000119
32201  -34.228  -51.269  -17.918 0.3000000119
31301  -31.465  -51.736  -22.339 0.5000000000
32265  -31.328  -51.380  -21.429 0.5000000000
31285  -31.191  -52.227  -21.516 0.5000000000
20308  -27.232  -64.417  -20.717 0.6000000238
21096  -28.711  -63.812  -17.855 0.5000000000
19526  -25.569  -65.560  -26.106 0.6000000238
22070  -26.309  -62.783  -26.980 0.6999999881
147496  -27.501  -62.386  -27.112 0.6999999881
144191  -27.930  -61.191  -19.778 0.6000000238
21194  -28.162  -63.190  -25.828 0.6999999881
22953  -29.466  -61.404  -25.048 0.5000000000
24838  -28.391  -60.659  -26.960 0.5000000000
138332  -30.192  -60.063  -27.149 0.5000000000
22959  -29.737  -61.246  -26.160 0.4000000060
24794  -29.095  -59.773  -20.968 0.5000000000
24826  -31.670  -59.018  -25.794 0.4000000060
24818  -30.800  -59.181  -24.085 0.5000000000
24841  -31.184  -59.214  -26.658 0.4000000060
27518  -30.824  -56.442  -19.362 0.4000000060
30241  -33.276  -53.436  -17.380 0.3000000119
129377  -31.434  -52.609  -22.435 0.5000000000
31269  -31.023  -51.761  -20.489 0.5000000000
15435  -20.415  -70.568  -19.270 0.5000000000
15418  -22.442  -70.930  -18.106 0.5000000000
16214  -22.071  -70.358  -18.339 0.5000000000
15400  -26.461  -70.393  -17.636 0.5000000000
145571  -25.175  -71.193  -17.972 0.5000000000
15399  -24.274  -70.578  -17.702 0.4000000060
16228  -21.551  -69.411  -19.458 0.5000000000
16215  -22.858  -69.629  -18.324 0.6000000238
16229  -22.076  -69.551  -18.810 0.6000000238
134990  -25.575  -70.521  -17.605 0.5000000000
16200  -24.000  -69.961  -17.655 0.5000000000
15422  -29.092  -70.201  -18.578 0.4000000060
17043  -20.389  -68.807  -22.391 0.6999999881
17030  -20.908  -68.826  -21.831 0.6999999881
16998  -21.861  -68.880  -20.028 0.6999999881
16988  -23.344  -68.873  -18.583 0.5000000000
16999  -22.301  -68.959  -19.433 0.6999999881
16203  -26.884  -69.538  -17.597 0.5000000000
16202  -25.920  -69.626  -17.525 0.5000000000
16217  -24.365  -69.292  -17.830 0.5000000000
16218  -29.088  -69.306  -18.381 0.5000000000
15402  -27.929  -70.215  -17.995 0.5000000000
17852  -19.150  -67.449  -25.353 0.5000000000
17069  -19.691  -68.125  -24.835 0.6999999881
17070  -21.155  -68.235  -24.412 0.6999999881
129756  -20.196  -68.397  -24.089 0.6999999881
17057  -21.516  -68.345  -23.472 0.6999999881
16255  -21.060  -69.087  -21.130 0.6000000238
145652  -24.006  -68.226  -18.946 0.6999999881
17000  -23.083  -68.463  -19.413 0.6000000238
128311  -27.370  -68.854  -17.830 0.5000000000
16977  -26.007  -68.813  -17.821 0.6000000238
16989  -24.641  -68.580  -18.294 0.6000000238
130713  -28.479  -69.107  -18.063 0.5000000000
134168  -29.658  -68.583  -18.731 0.5000000000
135379  -19.559  -66.524  -26.311 0.5000000000
135611  -20.448  -68.088  -24.957 0.6999999881
17044  -21.382  -68.551  -22.534 0.6999999881
17045  -22.067  -68.211  -23.027 0.6999999881
17058  -21.987  -68.052  -24.144 0.6999999881
17805  -22.685  -68.059  -21.001 0.8000000119
17806  -23.427  -67.578  -20.838 0.6999999881
17769  -24.970  -67.904  -18.883 0.6000000238
17789  -24.597  -67.580  -19.678 0.6999999881
17771  -27.320  -67.895  -18.093 0.6999999881
16991  -26.336  -68.128  -18.278 0.6000000238
16980  -28.875  -68.358  -18.086 0.6000000238
16979  -28.038  -68.558  -17.868 0.6000000238
17773  -30.141  -67.717  -18.704 0.6000000238
19538  -18.513  -64.514  -26.066 0.5000000000
19539  -19.310  -64.981  -26.430 0.6000000238
18691  -19.069  -65.513  -26.303 0.5000000000
17878  -20.347  -66.772  -27.007 0.6000000238
17867  -20.723  -67.373  -26.809 0.6000000238
17855  -21.692  -67.880  -25.396 0.6999999881
17843  -22.548  -67.589  -24.228 0.6999999881
17856  -22.323  -67.710  -25.140 0.6000000238
131989  -22.590  -67.797  -22.606 0.6999999881
17831  -23.128  -67.316  -22.853 0.6999999881
143951  -27.815  -67.054  -17.933 0.6999999881
17757  -28.923  -67.501  -17.777 0.6999999881
134181  -28.263  -67.704  -17.856 0.6999999881
19520  -19.582  -64.774  -26.141 0.5000000000
19552  -20.728  -66.395  -27.234 0.6000000238
124642  -21.034  -67.011  -27.510 0.6000000238
17868  -21.529  -67.568  -26.826 0.6000000238
17820  -23.113  -67.569  -21.858 0.8000000119
140734  -23.873  -66.825  -22.353 0.5000000000
17857  -22.974  -67.290  -24.909 0.6000000238
17807  -25.156  -67.062  -20.286 0.6999999881
18630  -25.006  -66.787  -20.945 0.6999999881
18602  -27.217  -66.831  -18.377 0.6999999881
18601  -26.654  -66.581  -18.996 0.6999999881
18603  -29.991  -66.525  -18.089 0.5000000000
132583  -29.318  -66.826  -17.709 0.6999999881
19421  -29.996  -65.223  -17.719 0.5000000000
20365  -18.857  -64.155  -25.407 0.5000000000
19521  -19.786  -64.935  -24.801 0.5000000000
19522  -20.462  -65.355  -25.387 0.6000000238
19540  -20.707  -65.771  -26.497 0.6000000238
18699  -21.789  -66.929  -27.660 0.6000000238
19541  -22.945  -65.894  -26.970 0.6000000238
17869  -22.459  -67.365  -27.209 0.6000000238
17891  -22.895  -66.889  -27.772 0.6000000238
18654  -24.999  -66.330  -22.449 0.6000000238
18668  -24.289  -66.461  -23.375 0.5000000000
18701  -23.618  -66.889  -26.845 0.5000000000
18632  -26.231  -66.289  -20.472 0.6000000238
18644  -25.403  -66.471  -21.509 0.6000000238
19436  -27.112  -66.020  -18.700 0.6000000238
19449  -26.751  -66.032  -19.344 0.6000000238
20259  -28.932  -64.451  -17.632 0.5000000000
20352  -19.122  -64.545  -24.075 0.5000000000
19507  -20.797  -65.425  -24.053 0.6000000238
129111  -22.101  -65.991  -26.240 0.6000000238
18678  -23.696  -66.703  -24.415 0.5000000000
18694  -24.240  -66.499  -26.742 0.5000000000
18655  -26.015  -66.151  -22.134 0.4000000060
19492  -25.840  -65.904  -22.937 0.5000000000
18669  -25.126  -65.982  -23.568 0.5000000000
20290  -27.415  -64.671  -18.850 0.6000000238
20338  -19.547  -64.572  -22.969 0.5000000000
20339  -20.584  -64.794  -22.872 0.6000000238
20353  -21.402  -65.071  -23.272 0.6000000238
19523  -22.326  -65.606  -25.090 0.6000000238
19493  -26.542  -65.597  -22.721 0.5000000000
149891  -26.246  -65.628  -23.217 0.4000000060
20322  -18.933  -64.598  -21.445 0.5000000000
133382  -19.998  -64.475  -22.135 0.5000000000
20340  -21.511  -64.669  -22.566 0.6000000238
144313  -22.705  -64.826  -23.789 0.6000000238
20302  -18.900  -64.837  -20.651 0.5000000000
20303  -19.666  -64.578  -20.750 0.5000000000
20324  -20.863  -64.524  -21.989 0.6000000238
20354  -22.182  -64.782  -23.187 0.6000000238
19459  -18.745  -65.477  -19.918 0.5000000000
19460  -19.438  -65.033  -19.868 0.5000000000
20304  -20.603  -64.510  -20.557 0.5000000000
139342  -22.057  -64.491  -21.113 0.6000000238
20325  -21.714  -64.473  -21.863 0.6000000238
19448  -19.088  -65.582  -19.061 0.5000000000
125311  -20.185  -64.679  -19.853 0.5000000000
19435  -19.254  -65.491  -18.166 0.5000000000
149478  -22.443  -64.409  -21.779 0.5000000000
20285  -19.882  -65.039  -18.906 0.5000000000
20305  -21.545  -64.477  -20.285 0.5000000000
19418  -19.052  -65.221  -17.257 0.5000000000
20270  -19.738  -64.871  -17.806 0.5000000000
20287  -21.371  -64.345  -19.377 0.5000000000
20306  -22.546  -64.371  -20.348 0.4000000060
20257  -19.343  -64.438  -17.028 0.5000000000
20272  -21.095  -64.179  -18.600 0.5000000000
20273  -21.829  -63.935  -18.834 0.4000000060
20288  -22.190  -64.246  -19.550 0.4000000060
20258  -20.078  -64.172  -17.469 0.4000000060
21108  -21.439  -63.607  -18.175 0.4000000060
21109  -22.176  -63.247  -18.364 0.4000000060
19475  -26.618  -65.738  -20.905 0.6000000238
20274  -27.831  -64.924  -18.164 0.5000000000
20260  -29.655  -64.472  -17.672 0.4000000060
18693  -23.545  -67.006  -26.015 0.6000000238
148307  -23.308  -63.504  -19.113 0.4000000060
21990  -23.890  -62.900  -18.932 0.4000000060
17032  -22.229  -68.289  -21.969 0.6999999881
17821  -23.840  -67.160  -21.440 0.6999999881
130089  -26.574  -67.333  -18.639 0.6999999881
17790  -25.440  -67.356  -19.512 0.6999999881
18667  -23.584  -66.857  -23.302 0.6000000238
134614  -22.763  -67.458  -26.087 0.6000000238
18643  -24.553  -66.766  -21.541 0.6999999881
18617  -25.796  -66.741  -19.995 0.6999999881
18583  -27.814  -66.010  -17.865 0.6000000238
18584  -28.811  -66.015  -17.427 0.6000000238
14613  -23.035  -71.064  -18.052 0.4000000060
14614  -23.735  -71.101  -17.930 0.4000000060
14615  -24.431  -71.145  -17.905 0.5000000000
15398  -23.580  -70.546  -17.838 0.5000000000
15401  -27.294  -70.307  -17.741 0.5000000000
15417  -21.335  -70.905  -18.470 0.5000000000
15419  -26.828  -71.066  -18.122 0.5000000000
15436  -21.192  -70.157  -18.843 0.5000000000
16199  -22.895  -70.420  -18.041 0.5000000000
16201  -24.873  -69.965  -17.472 0.5000000000
16204  -27.796  -69.497  -17.830 0.5000000000
16205  -28.508  -69.815  -18.136 0.5000000000
16216  -23.641  -69.412  -18.053 0.6000000238
16219  -30.315  -68.296  -19.312 0.5000000000
16227  -20.730  -69.819  -19.622 0.5000000000
16976  -25.198  -69.080  -17.759 0.5000000000
16978  -26.728  -68.741  -17.857 0.5000000000
16987  -22.726  -69.067  -18.874 0.6999999881
16990  -25.493  -68.356  -18.315 0.6000000238
17012  -22.470  -68.482  -20.169 0.6999999881
17013  -23.068  -68.040  -20.229 0.6999999881
17031  -21.897  -68.697  -20.921 0.6000000238
17056  -20.752  -68.511  -23.327 0.6999999881
17770  -25.826  -67.669  -18.827 0.6000000238
17772  -29.466  -67.676  -18.205 0.6999999881
17788  -23.712  -67.789  -19.900 0.6999999881
17791  -26.126  -67.039  -19.297 0.6999999881
17830  -22.537  -67.685  -23.408 0.6999999881
17844  -23.060  -67.210  -23.795 0.6999999881
17853  -20.091  -67.471  -25.889 0.6999999881
17854  -20.959  -67.822  -25.694 0.6999999881
17870  -23.128  -67.286  -26.977 0.5000000000
17879  -22.007  -67.138  -27.656 0.6000000238
17880  -22.472  -67.190  -27.706 0.6000000238
17881  -23.017  -67.044  -27.699 0.6000000238
17890  -22.487  -67.010  -27.759 0.6000000238
18585  -29.595  -65.958  -17.620 0.5000000000
18586  -30.259  -65.909  -18.086 0.5000000000
18618  -26.367  -66.428  -19.700 0.6999999881
18631  -25.628  -66.569  -20.754 0.6999999881
18645  -26.127  -66.191  -21.290 0.6000000238
18692  -21.791  -66.557  -27.257 0.6000000238
18698  -19.944  -65.948  -27.007 0.6000000238
18700  -22.710  -66.807  -27.737 0.6000000238
18707  -23.449  -66.738  -27.619 0.6000000238
18708  -23.827  -66.227  -27.626 0.6999999881
19417  -18.270  -65.579  -17.005 0.5000000000
19419  -28.468  -65.157  -17.666 0.5000000000
19420  -29.232  -65.225  -17.518 0.6000000238
19450  -27.055  -65.369  -19.354 0.6000000238
19461  -26.661  -65.838  -20.024 0.6000000238
19494  -27.103  -65.162  -22.303 0.5000000000
19508  -21.986  -65.335  -24.073 0.6000000238
19525  -24.838  -66.073  -25.824 0.5000000000
19553  -23.253  -66.602  -27.663 0.6000000238
20271  -20.400  -64.495  -18.272 0.5000000000
20275  -28.306  -64.305  -17.981 0.5000000000
20276  -30.365  -64.475  -18.015 0.4000000060
20286  -20.647  -64.564  -19.149 0.5000000000
20289  -23.036  -64.069  -19.629 0.4000000060
20323  -19.580  -64.486  -21.567 0.5000000000
20326  -22.903  -64.328  -21.198 0.5000000000
20342  -23.219  -64.291  -22.178 0.6000000238
20343  -27.406  -64.522  -22.834 0.6000000238
20351  -18.251  -64.095  -24.427 0.5000000000
20356  -27.472  -64.532  -23.719 0.6000000238
20376  -18.682  -64.204  -25.990 0.5000000000
20386  -24.292  -65.764  -27.580 0.6000000238
20388  -25.381  -64.915  -27.448 0.6000000238
20389  -26.079  -64.715  -27.132 0.6000000238
21093  -20.303  -63.442  -17.385 0.4000000060
21097  -29.294  -63.721  -17.713 0.4000000060
21107  -20.778  -63.905  -17.843 0.4000000060
21110  -23.066  -63.078  -18.584 0.4000000060
21112  -28.265  -63.513  -18.245 0.5000000000
21125  -22.632  -63.740  -18.974 0.4000000060
21127  -24.495  -63.025  -19.731 0.6000000238
21128  -27.457  -63.842  -19.219 0.6000000238
21150  -24.524  -63.513  -21.502 0.6000000238
21169  -27.970  -63.794  -24.140 0.6000000238
21179  -27.920  -63.837  -25.154 0.6999999881
21190  -24.023  -64.741  -26.192 0.6000000238
21198  -25.076  -64.573  -27.339 0.6000000238
22025  -25.451  -62.059  -23.123 0.5000000000
22050  -25.121  -61.819  -25.217 0.6000000238
22063  -29.298  -61.856  -25.970 0.4000000060
22071  -28.057  -62.226  -27.085 0.6000000238
22072  -28.288  -62.543  -26.597 0.6999999881
22073  -28.933  -61.944  -26.670 0.6000000238
22077  -27.013  -62.888  -27.158 0.6999999881
22865  -28.880  -62.117  -17.909 0.4000000060
22883  -28.741  -61.295  -18.174 0.5000000000
22910  -27.946  -61.211  -20.585 0.6000000238
22963  -26.065  -61.907  -26.596 0.6999999881
22964  -27.331  -61.399  -26.917 0.6000000238
22966  -29.501  -61.299  -26.776 0.4000000060
22969  -28.358  -61.729  -27.147 0.5000000000
23835  -28.240  -60.816  -19.226 0.6000000238
23868  -29.341  -60.310  -22.542 0.5000000000
23889  -27.472  -60.408  -26.267 0.5000000000
23891  -30.624  -60.129  -26.627 0.4000000060
23895  -27.632  -60.897  -26.818 0.5000000000
24709  -29.814  -59.594  -17.810 0.3000000119
24731  -28.820  -59.716  -18.895 0.5000000000
24776  -28.673  -59.849  -20.256 0.6000000238
24823  -26.828  -59.898  -24.829 0.4000000060
24833  -31.008  -59.556  -26.642 0.4000000060
24839  -29.354  -60.277  -27.068 0.5000000000
25687  -29.713  -59.078  -18.336 0.5000000000
25701  -29.528  -58.789  -19.565 0.5000000000
25732  -30.026  -58.782  -21.171 0.5000000000
25756  -30.967  -58.760  -23.387 0.5000000000
25767  -31.964  -58.607  -26.303 0.4000000060
26578  -30.723  -58.131  -17.600 0.4000000060
26631  -30.681  -57.657  -20.258 0.5000000000
27486  -31.028  -57.291  -17.769 0.3000000119
27571  -31.684  -56.827  -23.042 0.4000000060
28410  -31.416  -55.663  -17.590 0.3000000119
28486  -31.744  -55.988  -23.539 0.4000000060
29417  -31.815  -55.119  -23.815 0.5000000000
30242  -34.033  -53.451  -17.636 0.3000000119
30252  -31.016  -52.969  -18.597 0.4000000060
30281  -30.610  -53.418  -19.707 0.5000000000
31224  -32.259  -52.300  -17.568 0.4000000060
31240  -30.850  -52.375  -18.941 0.5000000000
31242  -34.628  -52.033  -18.258 0.3000000119
32200  -33.390  -51.301  -17.602 0.4000000060
32230  -30.921  -51.753  -19.405 0.5000000000
32277  -31.524  -51.062  -22.146 0.5000000000
33104  -32.215  -50.866  -17.862 0.4000000060
33106  -33.385  -50.573  -17.676 0.3000000119
123745  -27.615  -62.826  -21.459 0.6000000238
124180  -27.639  -62.778  -26.952 0.6999999881
124258  -20.290  -64.449  -21.362 0.6000000238
124497  -25.840  -63.489  -27.119 0.6000000238
124636  -24.929  -62.277  -19.896 0.5000000000
125840  -26.557  -65.357  -23.610 0.4000000060
126367  -27.644  -61.957  -19.980 0.6000000238
126627  -30.478  -66.902  -18.666 0.6000000238
127714  -24.326  -67.236  -20.669 0.6999999881
127880  -19.123  -64.517  -22.226 0.5000000000
127901  -27.495  -62.983  -19.690 0.6000000238
128183  -26.624  -65.726  -21.808 0.4000000060
128939  -27.420  -65.395  -18.528 0.6000000238
129102  -20.870  -64.505  -19.851 0.5000000000
129886  -31.614  -57.549  -22.977 0.4000000060
130028  -21.161  -64.489  -21.204 0.6000000238
130754  -32.978  -54.068  -17.159 0.4000000060
130946  -30.597  -54.166  -19.453 0.5000000000
131294  -23.961  -68.822  -18.277 0.5000000000
131643  -34.486  -50.124  -18.250 0.3000000119
133388  -21.525  -68.678  -21.691 0.6999999881
135262  -28.493  -66.855  -17.659 0.6999999881
136135  -22.138  -67.671  -26.165 0.6000000238
136528  -29.448  -60.284  -17.870 0.5000000000
136949  -34.598  -50.780  -18.217 0.3000000119
138068  -24.210  -66.512  -25.478 0.6000000238
138529  -19.945  -65.532  -26.786 0.6000000238
138765  -19.946  -65.001  -23.663 0.5000000000
141749  -21.430  -65.690  -25.194 0.6000000238
141857  -27.095  -64.048  -26.354 0.6000000238
141901  -29.015  -60.880  -27.237 0.5000000000
144002  -32.790  -52.874  -17.415 0.4000000060
144408  -30.734  -55.679  -19.011 0.4000000060
144821  -23.116  -66.019  -28.007 0.6999999881
145287  -23.378  -69.981  -17.871 0.6000000238
146290  -25.883  -65.612  -23.763 0.4000000060
146988  -26.388  -69.170  -17.661 0.5000000000
147093  -27.397  -63.236  -20.319 0.6000000238
147214  -23.489  -64.161  -23.555 0.6000000238
147608  -33.767  -50.911  -17.726 0.3000000119
147717  -24.890  -70.686  -17.658 0.5000000000
148224  -20.570  -66.535  -27.212 0.6000000238
148530  -30.393  -66.363  -18.388 0.5000000000
149543  -29.890  -67.136  -18.256 0.6000000238
149604  -24.900  -65.414  -27.531 0.6000000238
