#!ascii label  , from subject chris_t1_3 vox2ras=TkReg
1173
15736  38.581  -69.816  -22.399 0.3000000119
19125  29.472  -65.816  -26.965 0.6000000238
144179  32.760  -63.835  -22.872 0.6999999881
20792  32.982  -63.635  -22.133 0.6999999881
128336  37.584  -69.601  -22.282 0.4000000060
17330  32.170  -67.846  -22.076 0.4000000060
15716  38.258  -69.444  -21.344 0.5000000000
128337  39.109  -69.634  -21.533 0.5000000000
18241  29.966  -66.167  -27.540 0.6999999881
19978  30.508  -64.978  -25.582 0.6999999881
19987  30.257  -64.581  -26.650 0.5000000000
20814  31.257  -63.210  -25.729 0.6000000238
20813  32.002  -63.133  -24.871 0.6000000238
21640  32.733  -62.697  -24.072 0.6999999881
21627  33.357  -62.297  -22.427 0.6999999881
15718  36.321  -69.268  -21.588 0.5000000000
17319  32.857  -67.618  -21.512 0.4000000060
15717  37.233  -69.359  -21.469 0.6000000238
18192  31.587  -67.094  -23.978 0.4000000060
18208  31.453  -66.927  -25.118 0.5000000000
15694  36.804  -69.023  -20.802 0.6000000238
17369  30.658  -67.475  -25.846 0.6000000238
18223  30.572  -66.914  -26.679 0.6000000238
15693  37.688  -69.036  -20.728 0.6000000238
19123  31.354  -65.639  -27.177 0.6000000238
19986  30.771  -63.917  -25.985 0.6000000238
20824  30.933  -63.042  -26.503 0.6000000238
22499  31.481  -60.763  -26.130 0.6999999881
21649  32.045  -62.073  -25.089 0.6999999881
22496  31.464  -60.412  -25.854 0.6999999881
22492  32.757  -61.799  -24.204 0.6999999881
22487  33.376  -61.423  -22.147 0.6999999881
23351  31.453  -59.652  -25.752 0.6999999881
23350  32.031  -60.236  -24.927 0.6999999881
23347  32.872  -60.513  -23.742 0.6999999881
24238  31.524  -59.005  -25.572 0.6999999881
15719  35.435  -69.253  -21.696 0.5000000000
16508  34.349  -68.752  -21.236 0.5000000000
139069  33.639  -68.676  -21.424 0.5000000000
17341  31.931  -67.229  -22.891 0.4000000060
16487  36.380  -68.398  -20.454 0.5000000000
19093  32.658  -66.021  -23.884 0.5000000000
18221  31.994  -66.225  -25.571 0.6000000238
137832  37.833  -67.616  -20.171 0.6000000238
17301  36.815  -67.656  -20.176 0.5000000000
18135  36.370  -66.939  -20.358 0.5000000000
19997  31.593  -64.459  -27.383 0.6999999881
20838  30.842  -63.738  -27.212 0.6000000238
147145  30.447  -64.948  -27.335 0.6999999881
123213  31.583  -61.261  -26.372 0.6000000238
21664  31.437  -62.136  -26.670 0.6000000238
23365  31.732  -60.353  -26.306 0.6000000238
21655  31.421  -61.621  -26.307 0.6000000238
24245  32.499  -59.419  -25.902 0.6000000238
24246  31.610  -59.354  -26.033 0.6999999881
23338  33.332  -60.727  -21.702 0.6999999881
25169  33.855  -58.743  -24.704 0.6000000238
126055  32.437  -59.795  -24.177 0.6999999881
123462  32.315  -59.074  -23.934 0.6999999881
25178  31.867  -58.699  -25.816 0.6999999881
18161  32.661  -67.034  -22.107 0.4000000060
143832  35.636  -68.468  -20.614 0.5000000000
16490  33.640  -67.456  -21.008 0.4000000060
18190  33.237  -65.796  -23.207 0.5000000000
19108  32.611  -65.774  -24.888 0.6000000238
17303  35.019  -67.346  -20.480 0.4000000060
19122  32.246  -65.361  -26.826 0.6000000238
17302  35.808  -67.764  -20.285 0.4000000060
18159  34.611  -66.241  -21.149 0.4000000060
18136  35.102  -66.588  -20.697 0.4000000060
19055  34.980  -65.612  -21.599 0.4000000060
19994  32.482  -64.451  -27.172 0.6999999881
20837  31.271  -63.832  -27.398 0.6000000238
21663  31.868  -61.888  -26.935 0.6000000238
23355  33.133  -60.213  -26.151 0.6000000238
22507  32.557  -61.363  -26.643 0.6000000238
24244  33.904  -59.810  -25.688 0.6000000238
24231  33.013  -59.163  -22.676 0.6999999881
26093  31.565  -58.001  -24.898 0.6999999881
136665  32.116  -57.795  -25.581 0.6000000238
25172  31.641  -58.214  -25.431 0.6000000238
137517  33.844  -66.583  -21.302 0.4000000060
19079  33.911  -65.536  -22.696 0.4000000060
19113  33.054  -65.100  -26.359 0.6999999881
19078  34.688  -65.275  -22.385 0.4000000060
19993  33.284  -64.533  -26.708 0.8000000119
144866  36.377  -65.679  -21.155 0.5000000000
20835  32.012  -63.719  -27.336 0.6999999881
21662  32.984  -62.176  -26.781 0.6000000238
23354  34.443  -60.460  -25.894 0.5000000000
23363  33.715  -60.933  -26.286 0.6000000238
126017  33.111  -59.116  -21.513 0.6999999881
26089  36.498  -57.464  -24.523 0.6000000238
25168  35.010  -58.640  -24.503 0.6000000238
143327  32.605  -58.599  -23.210 0.8000000119
127859  32.858  -58.466  -22.287 0.8000000119
26090  35.494  -57.705  -24.099 0.6000000238
26091  34.154  -57.788  -24.236 0.6000000238
122566  33.749  -65.332  -23.547 0.5000000000
127872  33.240  -65.493  -24.208 0.6000000238
128686  34.383  -65.024  -23.293 0.5000000000
19958  36.587  -64.381  -23.540 0.6999999881
19942  35.181  -64.745  -22.955 0.4000000060
125311  33.590  -63.101  -26.734 0.6999999881
21661  34.149  -62.373  -26.348 0.6999999881
23362  35.589  -60.366  -25.859 0.6000000238
125417  35.046  -61.150  -25.992 0.6000000238
24242  36.118  -59.669  -25.817 0.6000000238
25142  32.816  -58.317  -21.458 0.6000000238
25167  36.105  -58.387  -24.833 0.6000000238
26094  31.493  -57.469  -25.097 0.6999999881
25153  32.523  -57.936  -23.150 0.6999999881
26970  35.879  -56.661  -23.776 0.6999999881
135375  33.926  -56.855  -24.065 0.6999999881
141326  32.064  -56.969  -25.541 0.6999999881
19960  34.856  -64.562  -23.913 0.5000000000
19974  34.695  -64.440  -24.997 0.6000000238
19975  33.911  -64.708  -25.774 0.6000000238
20812  37.089  -63.764  -25.203 0.6999999881
19959  35.693  -64.438  -23.594 0.6000000238
19992  34.124  -64.045  -26.544 0.6999999881
19971  37.791  -64.068  -24.691 0.6999999881
19940  37.088  -64.610  -22.788 0.6999999881
136967  34.592  -63.273  -26.397 0.6999999881
134146  35.046  -62.086  -26.021 0.6999999881
24252  36.443  -59.999  -26.174 0.5000000000
128741  36.202  -60.864  -25.968 0.6000000238
25090  32.090  -58.564  -18.404 0.5000000000
25175  37.356  -58.551  -26.006 0.6000000238
25186  36.944  -59.302  -26.107 0.6000000238
128074  32.623  -57.831  -21.073 0.6000000238
26028  32.419  -58.165  -19.722 0.5000000000
26088  37.335  -57.254  -25.120 0.6000000238
25176  36.593  -58.911  -25.656 0.6000000238
26992  31.721  -56.129  -25.171 0.6000000238
126923  32.568  -56.722  -22.215 0.5000000000
137942  32.350  -56.075  -22.420 0.5000000000
26980  37.614  -56.466  -24.845 0.6999999881
26981  36.841  -56.596  -24.344 0.6999999881
27857  35.619  -55.666  -23.553 0.6999999881
26983  33.445  -56.179  -24.546 0.6999999881
27876  32.512  -55.428  -25.367 0.5000000000
26969  36.489  -55.816  -23.763 0.6999999881
134609  35.175  -54.927  -23.523 0.6000000238
19985  34.660  -64.232  -25.918 0.6000000238
19983  36.166  -63.957  -24.918 0.6999999881
19984  35.367  -64.019  -25.494 0.6000000238
20821  38.514  -63.574  -26.190 0.6999999881
20833  35.506  -63.183  -26.136 0.6999999881
23361  36.987  -60.528  -26.223 0.6999999881
21660  35.860  -62.690  -26.178 0.6999999881
24251  37.407  -59.772  -26.466 0.6000000238
122696  31.831  -57.790  -18.287 0.4000000060
25184  38.374  -58.596  -26.699 0.5000000000
26933  32.094  -56.242  -20.611 0.4000000060
133033  38.713  -56.390  -25.717 0.6000000238
26988  38.697  -56.952  -26.122 0.6000000238
27878  31.692  -55.327  -25.107 0.5000000000
27859  31.554  -55.368  -23.864 0.5000000000
28785  33.664  -54.718  -24.940 0.5000000000
28794  33.525  -54.133  -25.547 0.4000000060
27865  38.329  -55.215  -24.694 0.6000000238
28783  37.642  -54.339  -23.891 0.6999999881
132337  36.089  -54.814  -23.464 0.6000000238
133986  36.047  -53.904  -23.512 0.5000000000
132675  37.386  -63.445  -26.023 0.6000000238
20831  37.769  -63.111  -26.432 0.6999999881
20832  36.593  -63.076  -26.237 0.6999999881
132199  40.095  -63.497  -26.745 0.6999999881
20830  39.044  -63.365  -26.773 0.6999999881
21659  36.920  -62.599  -26.391 0.6000000238
23360  37.827  -60.888  -26.624 0.6000000238
25183  39.202  -58.417  -27.105 0.6000000238
26108  38.676  -57.839  -26.635 0.6000000238
27874  40.033  -55.962  -26.545 0.6000000238
26996  39.008  -57.190  -26.507 0.6000000238
28795  31.947  -54.783  -25.237 0.4000000060
132054  31.474  -54.819  -24.124 0.5000000000
27847  31.680  -54.870  -23.004 0.4000000060
28793  38.925  -55.052  -25.034 0.6000000238
28787  31.861  -54.280  -25.055 0.4000000060
28782  38.366  -54.582  -24.434 0.6000000238
132588  37.359  -53.450  -23.589 0.5000000000
21657  39.228  -62.919  -27.307 0.6999999881
21658  38.054  -62.679  -26.758 0.6000000238
21665  40.644  -62.885  -27.392 0.6999999881
22513  39.836  -62.001  -27.838 0.6000000238
23359  38.744  -61.413  -27.394 0.6000000238
22501  41.011  -62.248  -26.967 0.6999999881
23370  39.277  -60.778  -27.785 0.5000000000
133853  41.318  -56.991  -27.669 0.6000000238
26114  40.048  -58.127  -27.554 0.6000000238
27000  40.603  -56.440  -27.135 0.6000000238
27881  40.894  -55.777  -26.930 0.5000000000
28791  40.367  -54.646  -25.947 0.6000000238
28781  39.098  -54.101  -24.730 0.6000000238
29713  38.237  -53.772  -24.046 0.5000000000
23368  42.236  -61.140  -28.008 0.6999999881
23372  41.621  -61.056  -28.350 0.6999999881
145592  40.399  -59.755  -28.394 0.6000000238
25189  41.726  -58.375  -28.321 0.5000000000
27884  42.674  -55.537  -27.644 0.6000000238
26999  42.563  -56.945  -27.962 0.6000000238
124807  41.547  -55.145  -27.095 0.6000000238
29731  41.407  -53.871  -26.249 0.6000000238
29711  39.498  -53.357  -24.661 0.5000000000
142434  38.414  -66.138  -20.866 0.5000000000
19075  37.563  -65.043  -22.097 0.5000000000
19074  39.304  -65.539  -21.794 0.5000000000
138613  38.597  -65.227  -22.222 0.5000000000
19956  38.907  -64.584  -23.751 0.6999999881
19939  38.171  -64.721  -22.935 0.5000000000
19938  39.137  -64.902  -23.115 0.5000000000
19957  37.763  -64.379  -23.797 0.6999999881
19970  38.906  -64.339  -24.680 0.6999999881
134935  39.012  -63.857  -25.878 0.6999999881
130658  39.283  -70.061  -23.197 0.3000000119
21639  33.159  -62.294  -23.397 0.6999999881
19977  31.359  -64.490  -24.847 0.6000000238
22491  33.228  -61.445  -23.276 0.6999999881
23339  33.063  -60.090  -21.135 0.6999999881
19941  36.065  -64.585  -22.740 0.6000000238
24243  35.119  -59.923  -25.595 0.6000000238
26092  32.879  -57.070  -24.949 0.6999999881
26055  32.723  -57.633  -22.024 0.6000000238
26991  32.035  -56.190  -25.393 0.6999999881
26973  31.575  -56.128  -24.091 0.6000000238
27858  34.765  -55.509  -23.654 0.6999999881
26932  32.496  -57.013  -21.122 0.5000000000
26042  32.200  -56.946  -20.246 0.5000000000
28773  35.152  -54.093  -23.772 0.5000000000
24250  38.370  -60.232  -27.017 0.5000000000
22512  40.885  -62.355  -27.739 0.6999999881
25191  39.818  -59.106  -27.813 0.5000000000
28799  41.083  -54.554  -26.428 0.6000000238
29722  39.977  -53.844  -25.403 0.6000000238
23373  40.757  -60.703  -28.439 0.6000000238
27885  41.732  -56.117  -27.516 0.6000000238
24257  41.466  -60.099  -28.487 0.5000000000
21637  39.722  -63.331  -23.996 0.6000000238
22477  38.453  -61.747  -22.008 0.6000000238
22478  37.480  -61.198  -21.323 0.4000000060
21638  39.216  -62.444  -23.485 0.5000000000
138635  39.851  -64.048  -24.421 0.6000000238
16577  29.265  -67.851  -26.288 0.5000000000
22471  37.674  -61.471  -20.467 0.4000000060
18235  30.140  -66.685  -27.243 0.5000000000
18211  28.845  -67.076  -25.571 0.5000000000
21626  39.188  -62.139  -22.593 0.5000000000
23331  37.167  -60.830  -20.500 0.4000000060
18225  28.982  -67.088  -26.289 0.5000000000
18209  29.854  -66.455  -24.169 0.5000000000
138229  29.855  -65.594  -25.745 0.5000000000
20809  39.715  -64.073  -24.940 0.6000000238
23324  36.643  -60.055  -18.971 0.4000000060
22464  36.794  -60.831  -18.617 0.4000000060
129488  37.717  -61.384  -22.133 0.4000000060
18139  30.326  -66.636  -20.689 0.5000000000
22485  38.302  -61.716  -22.927 0.5000000000
19082  30.911  -65.954  -23.032 0.5000000000
141611  31.697  -65.599  -21.134 0.5000000000
21648  39.577  -62.867  -24.433 0.6000000238
21653  40.049  -63.247  -25.535 0.6000000238
19962  31.733  -64.775  -23.827 0.5000000000
19034  32.200  -65.109  -20.879 0.5000000000
19015  31.579  -65.583  -19.495 0.4000000060
22493  38.991  -62.016  -24.761 0.5000000000
22489  38.601  -61.915  -23.898 0.5000000000
22498  39.500  -61.985  -25.595 0.6000000238
20819  39.935  -63.630  -25.851 0.6000000238
22497  40.478  -62.883  -26.423 0.6000000238
125259  40.383  -63.352  -26.587 0.6000000238
23337  36.839  -60.441  -21.305 0.4000000060
23323  36.938  -60.626  -19.598 0.4000000060
19911  32.532  -64.373  -20.690 0.5000000000
19898  32.167  -64.849  -19.907 0.5000000000
18971  30.440  -65.515  -16.519 0.4000000060
19943  32.542  -64.436  -22.253 0.6000000238
18094  31.505  -65.496  -18.627 0.4000000060
23346  37.524  -60.667  -23.477 0.6000000238
23348  38.487  -61.022  -24.884 0.6000000238
23353  39.009  -60.718  -25.575 0.6000000238
131596  39.637  -60.337  -26.113 0.6000000238
24184  36.357  -59.524  -18.466 0.4000000060
142143  32.573  -63.803  -19.884 0.5000000000
19839  30.824  -64.741  -16.411 0.4000000060
126782  28.039  -63.923  -15.499 0.4000000060
23344  37.011  -60.318  -22.781 0.6000000238
130305  36.635  -60.001  -22.061 0.4000000060
24234  37.864  -59.367  -24.225 0.6000000238
22486  37.506  -61.077  -22.816 0.6000000238
23349  37.792  -60.312  -24.221 0.5000000000
24241  38.893  -59.838  -25.424 0.6000000238
25165  38.588  -59.096  -24.784 0.5000000000
23358  40.827  -61.208  -26.771 0.6000000238
23312  36.448  -60.271  -18.174 0.4000000060
23332  36.657  -60.139  -20.498 0.4000000060
21594  32.662  -62.830  -19.584 0.6000000238
20719  31.866  -63.567  -17.328 0.5000000000
20697  28.405  -63.223  -15.404 0.5000000000
20710  26.181  -63.289  -16.511 0.5000000000
24229  36.628  -59.147  -22.025 0.4000000060
24222  36.545  -59.642  -21.278 0.4000000060
25151  37.090  -58.752  -22.775 0.5000000000
25160  38.387  -58.096  -23.760 0.5000000000
25164  39.222  -58.363  -24.771 0.5000000000
25174  39.526  -59.210  -25.615 0.6000000238
24240  40.501  -59.972  -26.511 0.6000000238
129673  41.458  -61.722  -27.506 0.6000000238
25109  36.318  -58.582  -19.463 0.4000000060
24202  36.447  -59.309  -19.196 0.4000000060
25087  36.233  -58.759  -18.699 0.4000000060
25088  35.964  -58.258  -18.120 0.4000000060
142168  33.137  -61.715  -20.800 0.6000000238
147483  36.487  -57.166  -20.297 0.4000000060
146029  36.413  -59.129  -19.834 0.4000000060
20708  31.497  -63.116  -16.576 0.6000000238
140431  29.265  -63.062  -15.252 0.5000000000
21548  26.864  -62.957  -16.108 0.4000000060
26054  36.770  -57.791  -21.407 0.4000000060
25161  37.693  -58.618  -23.538 0.5000000000
26098  39.981  -58.256  -25.298 0.5000000000
26097  40.825  -58.072  -25.709 0.6000000238
24249  41.588  -59.706  -26.782 0.6000000238
142743  42.281  -60.370  -27.568 0.6000000238
26904  36.117  -56.357  -18.982 0.4000000060
22472  32.820  -61.295  -20.028 0.6000000238
21563  32.409  -62.078  -17.805 0.6000000238
21556  31.061  -62.589  -15.923 0.5000000000
21597  26.675  -62.603  -20.381 0.5000000000
26944  36.797  -56.850  -21.126 0.4000000060
26053  37.161  -57.446  -21.943 0.4000000060
26069  37.809  -57.236  -22.527 0.5000000000
26979  39.394  -57.045  -23.912 0.5000000000
25173  41.599  -58.703  -26.443 0.5000000000
26016  35.849  -57.531  -18.119 0.4000000060
22440  32.405  -61.293  -18.021 0.6000000238
21543  31.216  -61.682  -15.868 0.5000000000
22428  27.602  -61.595  -15.552 0.5000000000
26068  38.388  -57.156  -22.965 0.5000000000
26086  39.693  -57.654  -24.580 0.4000000060
26986  40.963  -57.312  -25.312 0.4000000060
145062  42.282  -58.542  -26.758 0.4000000060
25181  43.224  -58.808  -27.787 0.6000000238
26115  42.700  -58.453  -28.382 0.4000000060
26894  35.884  -55.979  -18.246 0.4000000060
26918  36.333  -56.094  -19.539 0.4000000060
23325  32.637  -60.601  -19.462 0.6000000238
26931  36.526  -56.432  -20.232 0.4000000060
24203  32.608  -59.806  -19.631 0.5000000000
143983  31.785  -61.187  -16.639 0.5000000000
22427  28.401  -61.416  -15.102 0.5000000000
22442  26.713  -61.640  -17.851 0.4000000060
22424  31.201  -60.783  -15.888 0.4000000060
26954  39.102  -56.065  -22.952 0.5000000000
27855  39.707  -55.798  -23.423 0.5000000000
27854  40.345  -55.730  -23.920 0.6000000238
26985  41.812  -56.946  -25.671 0.4000000060
26095  42.709  -57.362  -26.482 0.4000000060
26104  44.045  -57.612  -27.967 0.4000000060
27863  41.868  -56.120  -25.321 0.5000000000
25089  32.420  -59.322  -18.886 0.5000000000
23303  32.016  -60.368  -16.984 0.6000000238
24167  31.688  -59.508  -16.703 0.4000000060
27871  44.340  -55.482  -26.876 0.5000000000
26111  43.259  -57.721  -28.294 0.5000000000
28780  41.340  -54.832  -24.304 0.5000000000
27864  41.117  -55.696  -24.513 0.5000000000
142509  42.727  -55.875  -25.751 0.5000000000
27872  43.641  -56.087  -26.596 0.5000000000
27807  36.408  -55.383  -19.342 0.4000000060
29730  42.234  -53.631  -26.698 0.5000000000
27883  43.900  -55.919  -27.837 0.4000000060
26997  44.018  -56.852  -27.805 0.5000000000
28778  42.936  -54.573  -25.399 0.5000000000
28779  42.064  -54.371  -24.616 0.5000000000
25075  31.894  -58.803  -17.528 0.4000000060
29729  43.244  -53.501  -27.085 0.4000000060
30645  45.274  -53.621  -27.297 0.4000000060
29734  43.849  -54.253  -27.491 0.5000000000
28801  44.221  -54.925  -27.566 0.5000000000
28789  44.871  -54.732  -26.859 0.5000000000
28796  45.015  -54.535  -27.217 0.5000000000
28790  44.075  -54.731  -26.257 0.5000000000
29718  44.827  -53.952  -26.339 0.5000000000
30631  45.659  -53.024  -26.467 0.4000000060
19961  32.340  -64.315  -23.309 0.5000000000
20761  32.788  -63.698  -20.731 0.6000000238
19094  31.083  -65.261  -24.378 0.6000000238
21615  33.134  -62.490  -20.960 0.6000000238
133476  30.099  -68.069  -26.032 0.5000000000
25110  32.609  -58.966  -19.715 0.5000000000
24255  42.613  -59.965  -27.969 0.6000000238
25188  43.118  -59.046  -28.041 0.4000000060
18162  31.345  -65.983  -21.716 0.5000000000
19081  31.331  -65.430  -23.387 0.5000000000
19057  32.034  -65.264  -21.819 0.5000000000
19881  31.848  -64.757  -18.362 0.4000000060
19840  29.535  -64.676  -15.607 0.4000000060
24232  37.270  -59.646  -23.439 0.6000000238
20732  32.162  -63.956  -18.150 0.6000000238
135708  30.037  -63.858  -15.685 0.4000000060
25141  36.556  -58.647  -21.182 0.4000000060
132841  32.868  -62.228  -20.198 0.6000000238
20718  32.351  -63.059  -17.963 0.6000000238
20709  30.844  -63.474  -16.055 0.5000000000
20733  25.495  -63.190  -18.801 0.5000000000
20734  24.742  -63.644  -18.358 0.5000000000
21566  25.947  -62.769  -18.243 0.5000000000
21555  31.639  -62.205  -16.508 0.5000000000
21547  27.346  -62.305  -15.832 0.5000000000
125833  29.145  -61.990  -15.084 0.5000000000
26978  40.238  -56.960  -24.557 0.5000000000
21579  26.639  -62.226  -18.628 0.5000000000
26955  38.371  -56.503  -22.579 0.5000000000
23302  32.289  -60.617  -17.694 0.6000000238
26105  43.635  -57.488  -27.450 0.3000000119
29727  45.667  -53.451  -26.989 0.4000000060
10205  36.076  -76.995  -21.517 0.3000000119
10915  36.433  -76.078  -22.840 0.3000000119
123637  36.277  -76.291  -21.003 0.3000000119
140879  37.731  -74.633  -22.770 0.3000000119
140233  37.173  -75.304  -23.121 0.3000000119
11658  37.551  -74.426  -21.896 0.3000000119
11690  39.069  -74.717  -24.463 0.3000000119
11675  38.667  -74.419  -23.345 0.3000000119
13328  38.911  -72.961  -18.816 0.3000000119
12491  37.700  -73.852  -20.786 0.3000000119
12521  39.086  -73.834  -22.662 0.3000000119
11674  39.608  -74.333  -23.714 0.3000000119
12470  39.096  -73.019  -19.889 0.3000000119
13361  40.910  -72.817  -20.357 0.3000000119
12489  39.652  -73.098  -20.561 0.3000000119
143036  39.833  -73.335  -21.172 0.4000000060
12520  40.225  -73.831  -22.957 0.4000000060
131568  41.479  -73.489  -23.444 0.4000000060
12537  41.493  -73.304  -23.950 0.3000000119
13359  43.357  -73.177  -20.541 0.3000000119
12487  42.108  -73.532  -21.579 0.4000000060
129739  42.201  -73.439  -22.338 0.4000000060
12519  41.218  -73.694  -22.832 0.4000000060
141834  43.528  -73.086  -19.748 0.3000000119
12536  42.078  -72.944  -23.329 0.4000000060
14166  45.206  -72.279  -19.181 0.4000000060
13343  44.161  -73.030  -19.716 0.4000000060
13399  42.006  -72.641  -23.896 0.4000000060
13412  42.568  -72.020  -24.046 0.3000000119
13358  43.644  -72.718  -20.864 0.4000000060
12486  43.121  -73.078  -21.580 0.3000000119
13374  42.855  -72.721  -22.447 0.4000000060
13357  44.315  -72.401  -19.998 0.4000000060
13397  43.062  -71.936  -23.288 0.5000000000
13385  42.649  -72.474  -23.015 0.4000000060
15692  39.110  -69.188  -20.793 0.5000000000
14176  45.339  -71.370  -19.381 0.4000000060
13398  42.573  -72.289  -23.510 0.4000000060
130659  40.214  -70.125  -22.987 0.3000000119
128339  41.163  -69.579  -21.797 0.4000000060
15812  43.460  -69.139  -25.974 0.3000000119
17356  30.263  -68.433  -25.380 0.4000000060
15794  29.518  -69.118  -25.179 0.4000000060
19053  37.142  -65.530  -21.337 0.4000000060
19031  37.767  -66.027  -20.840 0.4000000060
18134  37.302  -66.822  -20.320 0.4000000060
13372  43.865  -72.032  -21.304 0.4000000060
13373  43.423  -72.356  -22.042 0.3000000119
13384  43.170  -72.149  -22.835 0.5000000000
18133  38.319  -66.737  -20.473 0.4000000060
140217  38.375  -67.920  -20.124 0.4000000060
14177  44.454  -71.533  -20.493 0.4000000060
128338  40.434  -69.786  -21.979 0.4000000060
14224  43.015  -71.677  -23.747 0.4000000060
15690  40.671  -69.025  -20.714 0.5000000000
138915  42.981  -71.342  -24.358 0.5000000000
15734  41.796  -69.563  -22.367 0.4000000060
15764  40.945  -69.868  -23.772 0.4000000060
15015  43.702  -69.734  -25.456 0.3000000119
15763  41.789  -69.591  -23.433 0.4000000060
17358  28.718  -67.818  -25.607 0.4000000060
19076  36.484  -65.057  -21.892 0.4000000060
14947  44.477  -71.034  -21.457 0.4000000060
14190  44.036  -71.530  -22.003 0.4000000060
18132  39.247  -66.965  -20.418 0.4000000060
16484  39.373  -68.529  -20.349 0.5000000000
14958  44.345  -71.032  -22.332 0.4000000060
14207  43.923  -71.298  -22.823 0.4000000060
16483  40.214  -68.255  -20.354 0.5000000000
15688  45.522  -70.008  -20.470 0.4000000060
15711  45.632  -69.361  -21.652 0.4000000060
14970  44.451  -70.605  -23.006 0.4000000060
14985  44.296  -70.392  -23.808 0.5000000000
15004  44.245  -69.987  -24.505 0.5000000000
18131  40.180  -67.215  -20.488 0.4000000060
137393  40.999  -68.335  -20.504 0.5000000000
15687  46.349  -69.228  -20.240 0.4000000060
15014  44.142  -69.586  -25.144 0.5000000000
15713  42.057  -69.076  -21.212 0.4000000060
15811  44.098  -69.064  -25.678 0.4000000060
15788  43.324  -68.660  -25.422 0.4000000060
15762  42.612  -69.140  -24.403 0.4000000060
15733  42.641  -69.387  -23.048 0.4000000060
18157  39.796  -66.495  -20.826 0.4000000060
19052  39.927  -65.872  -21.437 0.3000000119
15731  45.205  -69.711  -22.850 0.4000000060
137792  45.478  -69.114  -23.677 0.4000000060
18130  41.153  -66.981  -20.695 0.4000000060
19857  25.940  -63.921  -16.057 0.4000000060
16479  46.826  -68.370  -20.506 0.4000000060
15710  46.366  -68.451  -21.603 0.4000000060
15759  45.238  -68.954  -24.336 0.5000000000
15787  44.685  -68.904  -24.997 0.5000000000
18129  42.150  -66.767  -20.977 0.5000000000
16481  42.323  -68.429  -20.890 0.4000000060
133495  46.802  -67.730  -21.575 0.4000000060
16544  44.156  -68.452  -25.201 0.4000000060
16506  42.812  -68.789  -21.555 0.4000000060
15761  43.589  -68.654  -24.182 0.4000000060
16505  43.717  -68.441  -21.969 0.4000000060
143715  39.563  -65.170  -22.639 0.4000000060
18156  40.543  -66.344  -21.062 0.3000000119
16503  45.995  -68.603  -22.980 0.4000000060
16532  45.941  -68.311  -24.120 0.4000000060
18155  41.422  -66.037  -21.331 0.3000000119
16502  46.631  -67.625  -22.667 0.4000000060
17338  46.255  -67.376  -23.716 0.4000000060
17354  45.699  -67.727  -24.382 0.4000000060
16533  45.025  -68.028  -24.893 0.5000000000
17314  47.055  -66.954  -22.179 0.4000000060
18176  46.547  -66.316  -22.560 0.4000000060
17329  45.606  -67.314  -23.532 0.4000000060
16504  44.616  -67.715  -22.511 0.4000000060
16480  43.110  -68.181  -21.206 0.4000000060
19955  39.704  -64.497  -23.630 0.4000000060
17339  46.058  -67.360  -23.951 0.4000000060
13459  37.992  -72.770  -27.752 0.3000000119
143443  40.172  -72.533  -18.729 0.3000000119
125382  42.169  -72.561  -19.026 0.3000000119
126884  45.564  -70.568  -19.608 0.4000000060
14946  44.925  -70.741  -20.484 0.4000000060
14928  46.143  -69.986  -19.385 0.4000000060
125132  47.021  -68.924  -19.563 0.4000000060
19051  40.758  -65.514  -21.736 0.3000000119
17295  47.101  -67.591  -20.837 0.4000000060
19937  40.285  -64.781  -22.829 0.4000000060
19050  41.729  -64.896  -21.987 0.4000000060
130317  42.244  -65.693  -21.534 0.4000000060
19027  46.319  -65.624  -21.639 0.4000000060
18189  46.354  -66.912  -23.238 0.4000000060
140001  45.749  -66.100  -22.518 0.4000000060
17316  45.331  -66.891  -22.488 0.4000000060
18153  43.769  -66.791  -21.421 0.3000000119
17318  42.939  -66.999  -21.074 0.4000000060
130115  46.406  -65.603  -22.181 0.4000000060
15691  39.871  -68.972  -20.610 0.4000000060
146024  39.838  -64.769  -23.187 0.4000000060
10234  36.414  -76.523  -23.677 0.3000000119
10895  36.456  -75.555  -21.366 0.3000000119
11691  38.143  -74.864  -23.951 0.3000000119
12627  37.429  -73.480  -28.026 0.3000000119
12609  38.728  -73.887  -27.096 0.3000000119
11657  38.220  -74.151  -22.277 0.3000000119
13346  40.524  -72.563  -19.477 0.3000000119
134618  39.106  -73.270  -20.885 0.4000000060
146552  40.927  -73.869  -23.493 0.4000000060
12488  41.293  -73.380  -21.252 0.3000000119
13360  41.918  -73.274  -20.670 0.3000000119
12505  41.644  -73.599  -22.159 0.4000000060
12518  41.897  -73.403  -22.842 0.4000000060
126471  43.986  -73.188  -18.988 0.3000000119
14165  45.685  -71.943  -18.499 0.4000000060
14222  43.836  -71.022  -23.366 0.4000000060
15005  43.788  -70.327  -24.658 0.5000000000
16562  43.062  -68.874  -25.978 0.3000000119
14986  43.777  -70.706  -23.934 0.5000000000
16534  44.561  -68.217  -24.606 0.4000000060
17317  43.839  -67.740  -21.544 0.4000000060
21612  40.961  -62.547  -22.019 0.4000000060
21624  40.587  -62.680  -22.450 0.4000000060
21602  39.749  -62.480  -21.126 0.4000000060
22470  38.233  -61.800  -21.161 0.3000000119
142190  39.910  -62.365  -22.341 0.5000000000
21625  39.907  -62.768  -23.093 0.4000000060
20798  40.019  -63.734  -23.718 0.4000000060
18934  42.345  -64.650  -14.732 0.3000000119
18948  41.981  -65.300  -15.331 0.3000000119
19869  37.770  -64.379  -16.832 0.3000000119
20730  37.820  -63.214  -18.055 0.3000000119
21577  37.239  -62.068  -18.089 0.3000000119
147640  37.386  -61.222  -19.850 0.3000000119
18949  40.428  -65.569  -15.563 0.3000000119
18951  38.752  -65.362  -15.811 0.3000000119
19855  37.652  -64.566  -16.087 0.3000000119
147843  42.267  -64.232  -13.903 0.3000000119
19821  41.276  -64.296  -14.321 0.3000000119
21561  37.322  -62.743  -17.676 0.3000000119
122726  36.571  -60.905  -17.863 0.3000000119
19836  39.173  -65.009  -15.108 0.3000000119
20694  36.800  -63.490  -15.473 0.3000000119
21553  36.845  -63.030  -16.918 0.3000000119
20672  38.924  -63.073  -13.454 0.3000000119
133917  38.018  -63.430  -13.964 0.3000000119
21533  36.024  -62.253  -14.782 0.3000000119
21526  36.454  -62.422  -14.042 0.3000000119
20671  39.887  -63.057  -13.371 0.3000000119
21554  36.396  -62.258  -16.464 0.3000000119
23294  35.725  -60.623  -16.532 0.3000000119
24174  35.648  -59.162  -17.276 0.3000000119
133365  38.285  -62.549  -13.213 0.3000000119
129632  36.363  -62.695  -15.527 0.3000000119
123586  35.404  -59.991  -16.068 0.3000000119
22400  37.037  -61.524  -12.867 0.3000000119
22402  35.706  -60.950  -13.921 0.3000000119
22413  35.570  -61.400  -14.767 0.3000000119
24140  35.439  -59.413  -14.662 0.3000000119
26001  35.697  -57.814  -17.361 0.3000000119
23301  35.664  -59.885  -16.897 0.3000000119
129436  35.643  -57.210  -16.769 0.3000000119
26895  35.709  -56.802  -17.539 0.3000000119
146061  36.198  -55.827  -18.957 0.3000000119
27779  35.905  -55.067  -17.790 0.3000000119
140352  36.239  -54.643  -18.254 0.3000000119
28714  36.478  -54.020  -18.372 0.3000000119
21603  38.849  -62.302  -20.741 0.3000000119
21614  39.273  -62.148  -21.701 0.4000000060
144672  37.376  -61.554  -18.960 0.3000000119
23293  36.151  -60.542  -17.318 0.3000000119
21601  40.605  -62.657  -21.426 0.5000000000
18936  40.278  -65.027  -14.794 0.3000000119
20707  36.662  -63.111  -16.151 0.3000000119
20717  37.495  -63.538  -17.228 0.3000000119
21575  38.117  -62.914  -18.742 0.3000000119
21593  38.029  -62.314  -19.362 0.3000000119
19824  38.017  -64.156  -14.608 0.3000000119
20681  40.005  -63.813  -13.987 0.3000000119
22439  36.422  -61.395  -17.184 0.3000000119
20683  37.259  -63.602  -14.695 0.3000000119
22401  36.319  -61.274  -13.328 0.3000000119
24133  35.725  -60.026  -13.897 0.3000000119
23280  35.462  -60.848  -15.637 0.3000000119
22384  38.033  -60.913  -12.188 0.3000000119
126938  35.287  -60.005  -15.324 0.3000000119
18154  43.005  -66.119  -21.455 0.3000000119
19048  44.003  -65.516  -21.732 0.4000000060
19922  44.393  -63.896  -21.739 0.4000000060
20772  44.400  -63.862  -22.133 0.4000000060
20757  43.154  -63.513  -21.597 0.4000000060
19030  43.185  -64.822  -20.352 0.3000000119
19049  43.014  -64.804  -22.017 0.4000000060
20774  43.080  -63.380  -22.005 0.4000000060
19910  41.937  -63.745  -20.515 0.3000000119
19923  42.444  -63.954  -22.385 0.3000000119
20788  42.873  -63.481  -22.153 0.4000000060
20758  42.371  -63.269  -21.490 0.4000000060
20789  41.805  -63.363  -22.356 0.3000000119
21611  41.403  -62.822  -22.232 0.4000000060
20759  40.853  -63.147  -20.814 0.4000000060
19071  41.549  -64.145  -22.461 0.3000000119
20790  40.907  -63.201  -22.644 0.3000000119
19954  40.413  -64.014  -23.269 0.3000000119
19072  40.881  -64.820  -22.405 0.3000000119
20776  41.505  -62.821  -21.730 0.4000000060
19935  43.481  -63.906  -22.344 0.4000000060
13323  44.825  -73.271  -18.287 0.3000000119
18178  45.477  -65.235  -22.468 0.3000000119
12429  45.371  -73.332  -15.752 0.3000000119
12445  44.805  -73.369  -16.619 0.3000000119
13305  45.477  -73.181  -17.533 0.3000000119
13321  45.561  -72.695  -18.457 0.3000000119
19047  44.764  -65.004  -22.405 0.3000000119
127248  45.636  -64.909  -22.403 0.3000000119
14092  45.779  -72.499  -15.941 0.3000000119
14132  45.733  -72.631  -17.258 0.3000000119
14113  45.707  -72.368  -16.702 0.3000000119
14149  45.736  -71.955  -17.985 0.3000000119
14929  45.800  -70.821  -18.870 0.3000000119
19933  45.018  -64.274  -22.287 0.3000000119
14086  44.346  -71.543  -14.553 0.3000000119
14093  45.145  -71.798  -15.999 0.3000000119
14094  43.768  -71.514  -15.564 0.3000000119
14133  45.622  -71.896  -17.502 0.3000000119
14114  45.120  -71.635  -16.889 0.3000000119
14913  45.686  -70.864  -18.697 0.3000000119
14095  42.871  -71.300  -16.215 0.3000000119
14115  43.864  -71.343  -16.669 0.3000000119
14914  45.297  -70.946  -18.177 0.3000000119
14134  44.534  -71.156  -17.525 0.3000000119
15661  46.288  -69.714  -18.673 0.3000000119
16467  47.350  -68.971  -18.922 0.3000000119
17282  47.456  -67.683  -19.275 0.3000000119
137007  42.429  -71.414  -15.591 0.3000000119
15662  45.529  -70.059  -18.475 0.3000000119
14915  44.520  -70.016  -18.335 0.3000000119
16456  46.756  -68.897  -18.108 0.3000000119
19906  45.586  -64.597  -21.850 0.3000000119
14116  42.678  -70.887  -16.840 0.3000000119
14117  41.979  -71.100  -16.322 0.3000000119
14135  43.412  -70.780  -17.346 0.3000000119
14900  43.777  -70.352  -17.967 0.3000000119
16457  45.989  -69.280  -18.262 0.3000000119
16466  47.511  -68.312  -18.723 0.3000000119
18126  46.576  -66.473  -20.824 0.3000000119
127285  45.535  -65.107  -21.245 0.3000000119
122422  44.235  -64.454  -20.955 0.3000000119
18152  44.894  -66.135  -21.951 0.3000000119
133204  42.976  -69.774  -17.812 0.3000000119
15646  44.788  -69.101  -18.145 0.3000000119
140165  47.257  -67.966  -17.554 0.3000000119
18108  47.175  -66.948  -19.657 0.3000000119
13304  45.708  -72.689  -17.823 0.3000000119
148586  45.966  -72.998  -16.435 0.3000000119
12428  45.756  -73.145  -16.758 0.3000000119
10905  36.537  -75.586  -22.199 0.3000000119
11659  36.919  -74.899  -21.898 0.3000000119
12490  38.338  -73.437  -20.362 0.3000000119
12504  42.619  -73.300  -22.051 0.3000000119
12506  40.617  -73.511  -21.876 0.4000000060
12507  39.509  -73.508  -21.846 0.3000000119
12508  38.494  -73.626  -21.490 0.4000000060
13322  45.443  -73.042  -18.227 0.3000000119
13326  40.252  -72.585  -17.979 0.3000000119
13327  39.591  -72.724  -18.369 0.3000000119
13342  45.040  -72.933  -19.068 0.3000000119
13344  42.641  -73.078  -20.024 0.3000000119
13345  41.518  -72.642  -19.726 0.3000000119
13347  39.674  -72.642  -19.230 0.3000000119
13362  40.002  -72.741  -20.082 0.3000000119
14191  43.584  -71.784  -22.602 0.5000000000
14208  43.478  -71.605  -23.119 0.5000000000
14223  43.432  -71.365  -23.562 0.4000000060
14236  43.394  -71.027  -24.121 0.5000000000
14901  42.652  -70.256  -17.434 0.3000000119
14912  46.263  -69.936  -18.853 0.3000000119
14957  44.837  -70.342  -21.784 0.4000000060
15006  43.366  -70.599  -24.933 0.5000000000
15648  42.414  -69.656  -17.517 0.3000000119
15660  47.004  -69.225  -18.562 0.3000000119
15670  46.847  -69.445  -19.139 0.3000000119
15689  41.323  -69.262  -21.156 0.4000000060
15695  35.957  -68.904  -20.954 0.5000000000
15712  43.310  -68.977  -22.523 0.4000000060
15714  40.701  -69.446  -21.323 0.5000000000
15715  39.935  -69.479  -21.236 0.4000000060
15732  44.856  -69.803  -23.688 0.4000000060
15735  39.598  -69.919  -22.178 0.4000000060
15760  44.666  -69.651  -24.313 0.5000000000
15819  29.332  -68.495  -25.782 0.5000000000
16440  47.504  -68.082  -17.984 0.3000000119
16441  46.974  -68.121  -17.477 0.3000000119
16444  42.755  -69.061  -17.657 0.3000000119
16455  47.218  -68.547  -17.984 0.3000000119
16468  38.802  -68.129  -20.132 0.4000000060
16478  47.324  -68.277  -19.638 0.3000000119
16482  41.530  -68.723  -20.748 0.5000000000
16485  38.158  -68.408  -20.325 0.6000000238
16486  37.274  -68.398  -20.352 0.6000000238
16488  34.886  -68.240  -20.613 0.4000000060
16489  33.986  -68.221  -20.881 0.4000000060
16507  35.140  -68.900  -21.036 0.5000000000
16509  33.226  -68.239  -21.304 0.5000000000
16522  46.365  -67.670  -23.680 0.4000000060
16523  45.056  -67.710  -24.085 0.4000000060
16524  44.271  -68.392  -23.192 0.4000000060
16531  46.044  -67.667  -24.214 0.4000000060
16543  45.508  -68.095  -24.563 0.4000000060
16546  28.535  -68.274  -24.626 0.4000000060
16560  44.278  -68.609  -25.306 0.5000000000
16561  43.725  -68.814  -25.679 0.3000000119
16563  29.799  -68.620  -25.602 0.4000000060
16564  28.928  -68.275  -25.891 0.5000000000
16576  29.723  -68.020  -26.189 0.5000000000
16578  28.955  -67.678  -26.223 0.5000000000
17294  47.277  -67.430  -20.062 0.4000000060
17296  42.597  -67.653  -20.821 0.4000000060
17297  41.684  -67.809  -20.573 0.5000000000
17298  40.854  -67.719  -20.459 0.4000000060
17299  39.424  -67.757  -20.184 0.5000000000
17300  38.664  -67.521  -20.193 0.4000000060
17313  46.977  -66.823  -21.091 0.4000000060
17315  46.090  -66.734  -23.160 0.4000000060
17328  46.633  -67.079  -23.149 0.4000000060
17340  45.636  -67.642  -24.317 0.5000000000
17357  28.621  -67.600  -24.810 0.4000000060
17370  30.110  -67.469  -26.588 0.5000000000
17380  29.693  -67.286  -26.742 0.5000000000
17381  29.315  -67.147  -26.608 0.5000000000
17388  29.700  -66.591  -27.165 0.5000000000
18109  46.650  -66.688  -19.602 0.3000000119
18137  34.346  -66.933  -20.732 0.4000000060
18138  31.199  -66.176  -20.902 0.5000000000
18151  46.796  -66.315  -22.065 0.4000000060
18158  39.073  -66.181  -20.986 0.5000000000
18160  33.226  -66.971  -21.527 0.4000000060
18177  46.107  -65.926  -22.544 0.3000000119
18179  33.392  -66.304  -22.198 0.4000000060
18191  32.658  -66.445  -22.939 0.4000000060
18207  32.134  -66.423  -24.517 0.5000000000
18222  31.247  -66.643  -26.183 0.6000000238
18224  29.266  -66.484  -26.348 0.6000000238
18233  31.718  -65.953  -26.574 0.6000000238
18234  30.901  -66.316  -27.076 0.6000000238
18236  29.375  -66.510  -26.878 0.5000000000
18240  30.480  -65.961  -27.493 0.6000000238
18935  41.375  -65.034  -14.865 0.3000000119
18950  39.528  -65.510  -15.666 0.3000000119
18970  31.255  -65.084  -16.947 0.4000000060
18986  30.791  -65.819  -17.416 0.4000000060
18999  31.426  -65.285  -17.796 0.4000000060
19028  45.957  -65.135  -21.644 0.3000000119
19032  36.790  -66.186  -20.722 0.4000000060
19033  35.881  -66.246  -20.759 0.4000000060
19035  31.661  -65.582  -20.380 0.5000000000
19046  46.084  -64.946  -22.053 0.4000000060
19054  35.739  -65.573  -21.361 0.5000000000
19056  34.197  -65.857  -21.824 0.4000000060
19068  46.011  -65.010  -22.291 0.4000000060
19069  44.968  -64.503  -22.390 0.3000000119
19070  44.160  -64.423  -22.256 0.3000000119
19073  40.136  -65.349  -22.237 0.3000000119
19077  35.512  -65.070  -22.112 0.4000000060
19080  31.959  -65.017  -22.846 0.5000000000
19095  30.651  -65.882  -23.796 0.5000000000
19106  33.984  -64.924  -24.417 0.5000000000
19107  33.255  -65.283  -25.310 0.6000000238
19109  30.277  -65.751  -24.821 0.5000000000
19110  29.473  -66.330  -25.368 0.5000000000
19114  32.498  -65.605  -25.975 0.6999999881
19115  29.820  -65.258  -26.546 0.5000000000
19116  29.499  -65.869  -26.299 0.6000000238
19121  32.663  -64.912  -26.918 0.6000000238
19124  30.000  -65.040  -27.219 0.6999999881
19129  31.957  -65.061  -27.271 0.6999999881
19130  30.936  -65.180  -27.393 0.6999999881
19131  29.708  -65.956  -27.366 0.6999999881
19820  42.080  -64.312  -14.295 0.3000000119
19822  39.737  -64.543  -14.527 0.3000000119
19823  38.927  -64.433  -14.560 0.3000000119
19837  38.237  -64.757  -15.435 0.3000000119
19838  37.436  -64.144  -15.433 0.3000000119
19856  31.282  -64.110  -16.678 0.5000000000
19870  31.660  -64.458  -17.531 0.4000000060
19880  32.239  -64.315  -19.030 0.5000000000
19907  45.004  -64.393  -21.496 0.3000000119
19908  43.622  -63.868  -21.310 0.4000000060
19909  42.796  -63.783  -20.858 0.3000000119
19920  45.552  -64.621  -22.206 0.3000000119
19921  45.053  -64.122  -22.052 0.4000000060
19924  32.467  -64.669  -21.406 0.6000000238
19934  44.333  -63.998  -22.286 0.4000000060
19936  40.974  -64.022  -22.728 0.3000000119
19969  39.556  -64.305  -24.212 0.6000000238
19972  36.902  -64.123  -24.365 0.6999999881
19973  35.465  -64.280  -24.503 0.5000000000
19976  32.048  -64.059  -24.300 0.5000000000
19998  30.877  -64.413  -27.398 0.6999999881
19999  30.499  -64.415  -27.189 0.6999999881
20673  37.173  -62.988  -13.951 0.3000000119
20674  36.567  -63.006  -14.726 0.3000000119
20679  41.843  -63.969  -13.821 0.3000000119
20680  41.098  -63.766  -13.835 0.3000000119
20682  38.924  -63.704  -13.977 0.3000000119
20695  30.292  -62.907  -15.545 0.5000000000
20696  28.767  -63.708  -15.387 0.5000000000
20698  27.142  -63.684  -15.672 0.4000000060
20699  26.533  -63.604  -15.963 0.5000000000
20711  25.390  -63.627  -16.805 0.4000000060
20716  38.100  -63.973  -17.654 0.3000000119
20720  25.883  -62.967  -17.294 0.5000000000
20721  25.330  -63.309  -17.800 0.5000000000
20731  32.447  -63.421  -18.875 0.6000000238
20749  24.878  -63.549  -19.342 0.5000000000
20773  43.775  -63.580  -21.934 0.4000000060
20775  42.235  -63.046  -22.084 0.4000000060
20777  33.295  -63.026  -22.097 0.6999999881
20778  32.777  -64.031  -21.408 0.5000000000
20787  43.708  -63.644  -22.161 0.4000000060
20791  40.361  -63.195  -23.035 0.4000000060
20799  33.140  -63.104  -22.983 0.6999999881
20800  32.583  -63.555  -23.740 0.6999999881
20810  39.368  -64.011  -25.535 0.6000000238
20811  38.329  -63.868  -25.478 0.6999999881
20820  39.472  -63.720  -26.189 0.6999999881
20822  36.132  -63.451  -25.761 0.6999999881
20823  35.006  -63.712  -26.088 0.6000000238
20825  30.511  -63.907  -26.969 0.6000000238
20829  40.511  -63.204  -27.177 0.6999999881
20834  33.039  -63.823  -26.994 0.6999999881
20836  30.920  -62.951  -26.982 0.6000000238
21518  38.028  -61.726  -12.619 0.3000000119
21525  37.153  -62.238  -13.345 0.3000000119
21544  30.507  -62.060  -15.471 0.5000000000
21545  29.832  -62.329  -15.247 0.5000000000
21546  28.244  -62.391  -15.310 0.5000000000
21557  26.748  -61.514  -16.853 0.4000000060
21558  26.815  -62.186  -16.487 0.5000000000
21562  36.815  -62.194  -17.404 0.3000000119
21564  32.062  -62.675  -17.162 0.6000000238
21565  26.351  -62.406  -17.677 0.5000000000
21576  37.646  -62.467  -18.482 0.3000000119
21578  32.543  -62.507  -18.699 0.6000000238
21580  26.292  -62.665  -19.280 0.5000000000
21592  39.246  -62.770  -20.246 0.3000000119
21605  32.879  -63.056  -20.430 0.6000000238
21613  40.261  -62.391  -21.877 0.4000000060
21647  39.923  -63.838  -24.918 0.6000000238
21650  31.283  -62.314  -25.965 0.6000000238
21654  31.446  -61.303  -25.905 0.6999999881
21656  40.684  -63.025  -27.123 0.6999999881
21666  40.054  -62.978  -27.559 0.6999999881
21667  31.406  -62.968  -27.189 0.6000000238
22412  35.958  -61.750  -14.020 0.3000000119
22414  29.177  -61.095  -14.903 0.5000000000
22422  35.929  -61.364  -16.383 0.3000000119
22423  35.837  -61.867  -15.611 0.3000000119
22425  30.568  -61.196  -15.430 0.4000000060
22426  29.873  -61.579  -15.130 0.5000000000
22441  32.233  -61.329  -17.375 0.5000000000
22450  36.870  -61.494  -18.024 0.3000000119
22451  32.548  -61.652  -18.624 0.6000000238
22465  32.680  -61.963  -19.396 0.6000000238
22479  33.306  -61.993  -21.536 0.6999999881
22480  33.191  -60.918  -20.833 0.6999999881
22490  37.911  -61.331  -23.457 0.6000000238
22494  38.141  -61.172  -24.104 0.5000000000
22495  32.160  -61.135  -25.128 0.6999999881
22500  40.805  -62.441  -27.492 0.6999999881
22502  39.324  -62.412  -27.567 0.6000000238
22503  38.377  -62.060  -27.040 0.6000000238
22504  37.206  -61.586  -26.342 0.6000000238
22505  36.046  -61.846  -26.017 0.6999999881
22506  34.281  -61.611  -26.172 0.6000000238
22508  31.835  -60.968  -26.485 0.6000000238
22509  31.522  -60.491  -26.166 0.6000000238
22510  41.941  -61.365  -28.122 0.6999999881
22511  41.559  -61.610  -27.852 0.6999999881
22514  41.361  -61.590  -28.151 0.6999999881
23266  36.293  -60.510  -13.233 0.3000000119
23271  35.399  -60.452  -14.686 0.3000000119
23295  31.565  -60.346  -16.440 0.6000000238
23313  32.502  -60.782  -18.614 0.6000000238
23333  32.789  -60.370  -20.259 0.6000000238
23343  37.133  -60.744  -22.075 0.4000000060
23345  33.318  -60.650  -22.689 0.6999999881
23352  40.018  -61.579  -26.295 0.6000000238
23356  31.437  -60.060  -26.014 0.6999999881
23357  42.126  -61.175  -27.789 0.6000000238
23364  32.510  -60.666  -26.437 0.6000000238
23366  31.498  -59.918  -26.088 0.6999999881
23367  42.487  -60.676  -28.006 0.6000000238
23369  40.310  -61.368  -28.223 0.6000000238
23371  42.178  -60.903  -28.223 0.6999999881
24150  35.328  -59.282  -15.581 0.3000000119
24166  35.419  -59.236  -16.444 0.3000000119
24173  36.047  -59.734  -17.708 0.4000000060
24175  32.148  -59.751  -17.522 0.4000000060
24185  36.040  -59.000  -17.987 0.4000000060
24186  32.400  -59.968  -18.285 0.5000000000
24187  32.194  -59.284  -18.121 0.5000000000
24213  36.470  -59.336  -20.476 0.4000000060
24214  32.820  -59.477  -20.457 0.6999999881
24223  33.342  -59.915  -22.139 0.6999999881
24230  33.031  -59.853  -23.201 0.6999999881
24233  38.321  -60.027  -24.883 0.6000000238
24235  34.534  -59.354  -25.040 0.6000000238
24236  33.561  -59.232  -25.274 0.6000000238
24237  31.629  -59.311  -25.021 0.6999999881
24239  40.606  -58.924  -26.084 0.6000000238
24247  31.523  -59.504  -25.817 0.6999999881
24248  42.665  -59.865  -27.868 0.6000000238
24253  32.002  -59.925  -26.300 0.6000000238
24254  38.947  -59.483  -27.316 0.5000000000
24256  42.378  -60.106  -28.201 0.5000000000
25019  35.891  -59.154  -13.806 0.3000000119
25074  35.515  -58.526  -16.862 0.3000000119
25111  32.060  -57.939  -19.009 0.4000000060
25125  36.426  -58.566  -20.252 0.4000000060
25126  32.723  -58.499  -20.586 0.6000000238
25152  36.827  -58.260  -22.031 0.4000000060
25162  32.064  -58.286  -24.115 0.8000000119
25166  38.169  -58.687  -24.151 0.5000000000
25170  32.726  -58.682  -25.421 0.6000000238
25171  31.611  -58.619  -24.882 0.6999999881
25177  35.631  -59.188  -25.250 0.6000000238
25179  31.652  -58.839  -25.612 0.6999999881
25180  43.732  -58.219  -28.029 0.4000000060
25182  42.447  -59.217  -27.269 0.6000000238
25185  37.634  -58.867  -26.410 0.5000000000
25187  43.421  -58.376  -28.217 0.4000000060
25190  40.847  -58.861  -28.300 0.5000000000
25192  42.836  -59.218  -28.224 0.4000000060
25193  42.078  -59.209  -28.432 0.4000000060
26015  36.021  -57.840  -18.937 0.4000000060
26029  32.129  -57.381  -19.630 0.5000000000
26041  32.438  -57.640  -20.370 0.5000000000
26070  32.456  -57.141  -23.116 0.6000000238
26078  38.687  -57.427  -23.509 0.5000000000
26079  37.972  -57.784  -23.139 0.5000000000
26080  34.861  -56.933  -23.749 0.6999999881
26081  31.808  -57.480  -24.199 0.6999999881
26082  31.489  -56.845  -24.651 0.6000000238
26085  40.302  -57.619  -25.060 0.5000000000
26087  38.991  -57.781  -24.145 0.5000000000
26096  41.795  -57.823  -26.246 0.5000000000
26099  38.352  -57.487  -26.245 0.6000000238
26100  37.705  -57.764  -25.894 0.6000000238
26101  36.990  -58.089  -25.368 0.6000000238
26102  31.739  -58.068  -25.508 0.6000000238
26103  31.688  -57.568  -25.433 0.6999999881
26106  43.000  -58.275  -27.150 0.6000000238
26107  39.452  -57.553  -26.966 0.6000000238
26109  37.938  -58.116  -26.406 0.6000000238
26110  43.940  -57.691  -28.093 0.4000000060
26112  42.086  -57.675  -28.201 0.5000000000
26113  41.005  -57.842  -27.887 0.6000000238
26905  35.905  -56.915  -18.582 0.4000000060
26945  32.322  -56.148  -21.583 0.5000000000
26957  32.290  -56.396  -23.149 0.5000000000
26966  39.911  -56.360  -23.936 0.6000000238
26967  39.400  -56.409  -23.478 0.5000000000
26968  38.880  -56.756  -23.245 0.5000000000
26971  35.138  -56.199  -23.628 0.6999999881
26972  31.786  -56.795  -23.883 0.6000000238
26977  41.058  -56.551  -24.895 0.4000000060
26982  34.354  -56.191  -23.847 0.6999999881
26984  31.531  -56.321  -24.784 0.6000000238
26987  39.239  -56.522  -26.296 0.6000000238
26989  38.118  -56.975  -25.607 0.6000000238
26990  32.559  -56.157  -25.250 0.6999999881
26993  44.082  -57.039  -27.832 0.4000000060
26994  43.628  -56.935  -27.061 0.3000000119
26995  39.721  -56.790  -26.819 0.6000000238
26998  43.714  -56.989  -28.069 0.5000000000
27001  40.288  -57.235  -27.352 0.6000000238
27795  36.171  -55.264  -18.603 0.3000000119
27819  36.572  -55.638  -20.075 0.4000000060
27834  32.074  -55.484  -22.164 0.5000000000
27846  32.029  -55.665  -23.125 0.5000000000
27856  37.173  -55.121  -23.852 0.6999999881
27862  42.155  -55.249  -25.079 0.5000000000
27866  37.856  -55.678  -24.602 0.6000000238
27867  37.207  -55.942  -24.222 0.6999999881
27868  33.938  -55.435  -24.247 0.6999999881
27869  33.171  -55.411  -25.105 0.5000000000
27870  31.530  -55.552  -24.661 0.5000000000
27873  40.651  -55.232  -26.503 0.6000000238
27875  38.565  -55.731  -25.193 0.6000000238
27877  31.989  -55.429  -25.328 0.5000000000
27879  44.536  -55.035  -27.282 0.5000000000
27880  44.094  -56.123  -27.533 0.5000000000
27882  44.181  -55.530  -27.454 0.4000000060
28700  36.329  -54.257  -17.518 0.3000000119
28769  41.427  -54.161  -24.100 0.5000000000
28772  36.809  -54.144  -23.542 0.5000000000
28774  34.441  -54.735  -24.005 0.6000000238
28786  33.056  -54.781  -25.445 0.5000000000
28788  31.575  -54.817  -24.857 0.4000000060
28792  39.644  -54.795  -25.473 0.6000000238
28797  42.785  -54.225  -27.228 0.6000000238
28798  41.864  -54.342  -26.864 0.6000000238
28800  44.734  -54.774  -27.304 0.5000000000
28802  43.510  -55.038  -27.605 0.5000000000
28803  42.398  -54.791  -27.362 0.5000000000
29704  36.498  -53.268  -23.565 0.5000000000
29712  38.807  -53.224  -24.197 0.5000000000
29716  45.800  -53.129  -26.862 0.4000000060
29717  45.426  -53.863  -27.196 0.4000000060
29721  40.846  -53.420  -25.612 0.6000000238
29726  32.520  -54.090  -25.451 0.4000000060
29728  44.332  -53.532  -27.406 0.4000000060
29732  45.401  -54.319  -27.303 0.4000000060
29733  44.603  -54.087  -27.463 0.5000000000
30632  44.789  -53.138  -25.644 0.5000000000
122617  33.104  -63.251  -21.316 0.6000000238
123235  36.431  -54.678  -18.949 0.3000000119
124446  36.349  -57.825  -19.859 0.4000000060
124524  36.573  -57.803  -20.691 0.4000000060
124707  31.524  -63.772  -25.111 0.6000000238
125211  36.197  -76.280  -21.873 0.3000000119
125541  41.575  -63.270  -20.934 0.4000000060
125930  38.516  -65.709  -21.333 0.5000000000
126343  40.378  -73.193  -20.853 0.3000000119
126530  37.878  -54.987  -24.275 0.6000000238
126594  38.131  -59.327  -26.711 0.6000000238
126752  41.624  -60.798  -27.208 0.6000000238
127223  32.496  -54.794  -25.414 0.4000000060
127561  36.406  -77.064  -20.694 0.3000000119
127668  44.525  -67.171  -21.788 0.4000000060
127965  42.967  -56.300  -27.851 0.6000000238
128149  39.327  -55.710  -25.766 0.6000000238
128463  31.782  -56.976  -25.438 0.6999999881
129091  44.840  -73.181  -18.866 0.3000000119
129302  40.738  -54.083  -25.910 0.6000000238
129321  26.576  -62.071  -17.156 0.5000000000
129477  36.579  -59.779  -19.764 0.4000000060
129516  46.160  -65.479  -22.367 0.4000000060
129772  43.328  -55.340  -25.990 0.5000000000
129858  32.432  -62.911  -27.110 0.6000000238
130162  45.893  -72.875  -16.425 0.3000000119
130484  40.028  -55.299  -26.037 0.6000000238
130657  37.713  -69.671  -23.176 0.4000000060
130660  41.036  -69.774  -22.679 0.4000000060
131362  36.246  -56.949  -19.502 0.4000000060
131477  31.408  -65.655  -22.514 0.5000000000
131757  37.172  -63.814  -16.298 0.3000000119
132185  31.217  -62.359  -26.545 0.6000000238
132836  33.022  -54.302  -25.628 0.4000000060
133176  39.809  -60.191  -28.186 0.5000000000
133233  33.464  -61.575  -26.458 0.6000000238
133609  35.033  -62.775  -26.237 0.6999999881
134431  31.546  -56.918  -25.200 0.6999999881
135374  27.673  -63.072  -15.627 0.5000000000
136059  42.393  -73.047  -22.719 0.4000000060
136392  32.543  -60.091  -18.968 0.6000000238
136396  26.369  -62.607  -16.835 0.4000000060
136486  32.109  -61.906  -17.055 0.5000000000
137032  32.636  -61.260  -19.229 0.6000000238
137100  40.510  -56.256  -24.347 0.6000000238
137475  46.647  -66.143  -21.654 0.4000000060
137834  35.633  -66.954  -20.444 0.4000000060
138862  42.681  -73.435  -21.084 0.3000000119
139131  38.398  -69.006  -20.654 0.6000000238
139165  47.342  -68.709  -18.397 0.3000000119
139303  32.204  -66.594  -23.631 0.4000000060
139333  40.510  -64.253  -14.315 0.3000000119
139597  34.340  -67.649  -20.656 0.4000000060
139696  43.756  -58.136  -27.831 0.3000000119
139869  30.271  -64.776  -15.933 0.4000000060
140011  33.296  -62.630  -21.646 0.6999999881
140121  31.938  -65.024  -19.072 0.5000000000
140127  36.803  -59.579  -22.647 0.6000000238
140231  39.959  -63.305  -27.248 0.6999999881
140297  42.429  -69.324  -21.959 0.4000000060
140401  28.795  -64.434  -15.382 0.4000000060
140530  32.719  -61.042  -24.265 0.6999999881
140690  38.765  -68.656  -20.442 0.5000000000
140979  32.324  -58.593  -19.140 0.5000000000
141137  37.416  -57.955  -22.551 0.5000000000
141259  27.102  -61.694  -16.163 0.5000000000
141311  37.804  -74.046  -21.509 0.3000000119
142236  37.921  -65.453  -21.530 0.5000000000
142453  38.197  -56.265  -25.210 0.6999999881
142500  45.833  -72.938  -17.150 0.3000000119
142578  43.221  -67.526  -21.152 0.4000000060
143145  30.161  -65.591  -27.498 0.6999999881
143392  38.648  -58.376  -24.318 0.5000000000
143492  33.311  -61.355  -21.377 0.6000000238
143697  36.491  -61.880  -13.506 0.3000000119
144256  36.920  -75.806  -23.751 0.3000000119
144312  35.756  -58.554  -17.548 0.3000000119
144363  33.100  -58.051  -24.971 0.6000000238
144458  35.248  -66.002  -21.043 0.4000000060
144536  36.139  -64.235  -24.158 0.6000000238
145050  31.849  -58.247  -17.915 0.4000000060
145281  42.459  -60.721  -27.942 0.6999999881
145625  42.789  -56.585  -26.188 0.4000000060
145679  36.068  -60.989  -16.850 0.3000000119
145890  41.138  -65.619  -15.638 0.3000000119
146103  45.691  -72.938  -17.663 0.3000000119
146605  29.283  -63.936  -15.471 0.4000000060
146683  32.138  -60.870  -17.146 0.5000000000
146767  43.050  -72.822  -19.246 0.3000000119
147023  31.786  -57.483  -25.529 0.6000000238
147092  43.702  -71.882  -22.119 0.3000000119
147152  33.061  -61.104  -26.492 0.6000000238
147209  47.460  -67.484  -17.902 0.3000000119
147287  37.552  -58.263  -22.984 0.5000000000
147561  42.556  -60.433  -27.943 0.6000000238
147822  30.671  -64.190  -16.136 0.4000000060
147943  41.751  -69.394  -21.631 0.4000000060
148216  38.439  -69.841  -23.378 0.3000000119
148219  37.917  -61.567  -21.649 0.4000000060
148468  35.971  -54.835  -17.064 0.3000000119
148531  44.146  -55.452  -27.570 0.4000000060
148681  43.276  -57.067  -26.715 0.4000000060
