#!ascii label  , from subject chris_t1_3 vox2ras=TkReg
2104
4641  18.458  -84.750  -23.619 0.6999999881
137253  17.311  -84.699  -22.956 0.8000000119
4624  16.955  -84.976  -22.191 0.8000000119
4064  17.061  -86.051  -21.783 0.6999999881
5283  17.421  -84.183  -25.302 0.6000000238
5267  17.211  -84.379  -24.472 0.6000000238
4642  16.881  -85.127  -23.184 0.6000000238
5282  17.827  -83.776  -26.186 0.6000000238
5221  17.454  -84.526  -21.674 0.8000000119
4613  17.070  -85.220  -21.293 0.6999999881
4053  17.402  -86.155  -20.943 0.6999999881
4052  18.183  -87.238  -20.636 0.6999999881
5266  17.894  -84.497  -24.472 0.6000000238
5246  17.829  -84.428  -22.850 0.6999999881
3497  17.900  -87.224  -21.506 0.6999999881
5897  17.109  -82.993  -27.049 0.6000000238
129018  17.550  -82.548  -28.026 0.6000000238
5913  16.384  -82.543  -28.300 0.6000000238
5331  16.921  -83.032  -29.686 0.6000000238
5332  15.918  -82.758  -29.521 0.6000000238
129635  18.214  -84.535  -20.600 0.8000000119
147062  18.089  -84.966  -19.313 0.8000000119
128261  17.974  -85.690  -19.259 0.6999999881
4024  17.829  -86.185  -18.143 0.6999999881
4025  17.647  -86.788  -18.166 0.6999999881
5220  18.308  -84.453  -21.380 0.8000000119
4600  17.801  -85.042  -20.081 0.6999999881
4034  18.210  -86.811  -19.238 0.6999999881
4623  19.174  -84.727  -22.162 0.6999999881
4612  17.604  -84.800  -20.940 0.8000000119
4046  17.845  -86.191  -20.060 0.6999999881
4640  19.446  -85.077  -23.119 0.6999999881
132206  18.381  -84.380  -25.443 0.6999999881
5912  18.519  -82.762  -27.895 0.6000000238
124860  18.363  -83.255  -27.070 0.6000000238
5931  16.875  -82.577  -29.465 0.6000000238
6510  16.986  -82.199  -29.034 0.6000000238
5330  17.997  -83.611  -29.715 0.6000000238
144065  19.097  -86.043  -27.631 0.6999999881
4686  18.221  -86.024  -27.702 0.6000000238
4106  20.371  -87.219  -26.703 0.5000000000
4116  19.671  -86.538  -27.179 0.6000000238
3543  20.905  -87.853  -26.400 0.5000000000
5186  19.260  -84.294  -19.147 0.8999999762
4590  18.139  -85.374  -18.515 0.8000000119
4582  18.084  -85.300  -17.733 0.6999999881
5219  19.394  -84.650  -21.252 0.6999999881
5204  19.556  -84.390  -19.998 0.8999999762
4013  17.413  -86.262  -17.707 0.6999999881
4622  20.232  -85.162  -22.576 0.8000000119
4611  20.073  -84.955  -21.838 0.8000000119
147428  20.467  -85.168  -24.327 0.8000000119
5881  20.858  -83.986  -26.138 0.6999999881
5265  18.887  -84.857  -24.705 0.6999999881
5294  19.799  -84.115  -26.250 0.8000000119
5911  19.299  -83.192  -27.452 0.8000000119
6508  19.303  -82.713  -28.283 0.6999999881
6522  17.685  -82.516  -29.345 0.6999999881
5339  18.652  -83.329  -30.039 0.6000000238
4700  19.547  -84.969  -28.992 0.6999999881
4115  20.512  -86.277  -27.223 0.6999999881
5185  20.267  -84.237  -19.442 0.8999999762
5174  18.514  -84.863  -18.086 0.8000000119
146841  17.576  -84.995  -16.913 0.6999999881
5218  20.569  -84.814  -21.172 0.8000000119
5203  20.553  -84.545  -20.276 0.8000000119
4621  21.012  -85.201  -22.763 0.6999999881
5279  21.164  -84.385  -25.360 0.6999999881
5263  21.602  -84.406  -24.677 0.6000000238
137325  19.924  -85.009  -24.912 0.8000000119
5895  20.067  -83.583  -26.853 0.8000000119
6521  18.821  -82.558  -29.313 0.6999999881
5936  19.238  -83.094  -30.305 0.8000000119
131660  18.259  -82.759  -29.632 0.6999999881
5338  20.421  -83.932  -30.629 0.8000000119
4698  21.392  -85.387  -28.633 0.6999999881
4715  20.150  -84.743  -29.649 0.6999999881
132481  18.988  -83.987  -29.992 0.6999999881
4684  20.884  -85.750  -27.893 0.6999999881
4685  19.890  -85.685  -27.978 0.6999999881
131494  15.394  -78.455  -30.638 0.6000000238
9006  16.257  -78.149  -31.183 0.6000000238
10307  14.962  -76.500  -30.349 0.6000000238
11025  14.377  -75.694  -30.109 0.6999999881
5172  19.961  -84.007  -18.542 0.8999999762
127574  18.374  -84.381  -16.793 0.6999999881
5242  22.145  -84.137  -22.910 0.6000000238
5880  21.903  -83.874  -25.407 0.6000000238
5848  21.940  -84.348  -23.839 0.6000000238
5894  21.706  -83.578  -26.375 0.6999999881
141896  21.904  -82.716  -28.416 0.6999999881
5909  21.446  -83.279  -27.230 0.6999999881
7575  18.169  -81.161  -18.633 0.6999999881
6995  17.990  -81.445  -19.489 0.6999999881
6507  20.303  -82.751  -28.310 0.8000000119
5910  20.310  -83.152  -27.608 0.8000000119
123877  17.705  -79.380  -18.732 0.6000000238
8205  17.752  -79.848  -19.939 0.6000000238
7592  17.358  -80.999  -20.610 0.6999999881
6520  19.933  -82.552  -29.043 0.6999999881
136876  17.491  -80.204  -21.319 0.5000000000
7616  17.265  -80.303  -21.869 0.6999999881
5944  20.756  -83.405  -30.940 0.8000000119
6549  19.833  -82.941  -30.502 0.8000000119
143513  17.432  -79.017  -20.249 0.5000000000
8891  17.449  -78.504  -21.733 0.5000000000
4714  21.146  -84.981  -29.629 0.6999999881
131767  17.552  -77.556  -21.772 0.5000000000
9606  18.007  -77.131  -23.232 0.6000000238
9607  17.690  -77.966  -23.336 0.5000000000
8915  17.957  -78.315  -24.900 0.6000000238
8925  17.068  -78.997  -25.126 0.6999999881
8938  16.026  -78.479  -27.629 0.6999999881
9612  18.295  -77.692  -24.822 0.5000000000
8924  17.726  -78.487  -25.477 0.6000000238
128735  16.871  -78.572  -26.833 0.6000000238
8977  16.855  -78.550  -29.408 0.6000000238
133556  18.434  -77.033  -24.399 0.6000000238
8960  17.724  -78.399  -27.564 0.6000000238
8976  17.634  -78.389  -28.867 0.6000000238
10256  19.050  -76.861  -25.731 0.5000000000
141114  18.716  -77.833  -26.555 0.5000000000
9005  17.044  -78.259  -30.991 0.6000000238
9678  15.967  -77.530  -30.843 0.6000000238
10294  15.000  -76.290  -29.056 0.6999999881
10975  13.820  -75.241  -27.045 0.6000000238
125764  13.275  -74.628  -27.572 0.6999999881
9646  18.401  -78.135  -28.244 0.6000000238
142416  18.194  -78.218  -29.676 0.6000000238
9677  16.689  -77.783  -31.140 0.6000000238
9662  16.375  -77.234  -29.911 0.6999999881
10974  14.583  -75.743  -27.096 0.5000000000
5159  19.170  -84.061  -17.072 0.8999999762
5229  21.534  -84.695  -22.428 0.6000000238
5202  21.399  -84.533  -20.657 0.6999999881
5143  18.686  -83.818  -16.604 0.8000000119
5161  16.462  -84.592  -17.140 0.6999999881
5752  17.698  -83.489  -16.584 0.6999999881
146342  18.819  -82.490  -16.514 0.8000000119
5879  22.549  -83.322  -25.896 0.6999999881
6972  18.488  -81.251  -17.058 0.8000000119
6973  18.097  -81.721  -17.882 0.6000000238
8172  18.268  -79.835  -17.350 0.6999999881
127323  17.874  -79.004  -17.547 0.6000000238
6557  20.762  -82.960  -30.957 0.8000000119
6547  21.913  -82.385  -30.815 0.8000000119
5943  21.398  -83.324  -31.222 0.8000000119
8877  17.458  -78.673  -19.389 0.5000000000
5347  21.264  -83.901  -30.936 0.8000000119
9591  17.490  -77.855  -20.927 0.5000000000
126429  17.719  -76.295  -20.168 0.5000000000
10210  18.169  -75.835  -21.991 0.6000000238
140490  17.683  -76.935  -20.992 0.6000000238
10238  18.348  -76.539  -23.663 0.6000000238
141538  18.831  -76.476  -25.211 0.6000000238
11716  13.267  -73.962  -24.704 0.5000000000
9630  19.242  -77.313  -27.282 0.5000000000
10955  13.706  -74.974  -26.018 0.5000000000
11748  13.293  -74.616  -26.662 0.6000000238
9661  18.739  -77.884  -29.063 0.6000000238
9689  17.610  -77.893  -31.121 0.6999999881
10305  17.104  -77.260  -30.288 0.6999999881
132919  15.384  -76.363  -28.108 0.6999999881
10290  19.571  -76.983  -28.678 0.6000000238
10279  16.071  -76.332  -27.828 0.6000000238
128607  19.653  -77.041  -29.905 0.6999999881
10304  17.879  -77.248  -30.887 0.6000000238
10291  17.489  -76.593  -29.478 0.5000000000
5184  21.226  -84.325  -19.773 0.6999999881
5171  20.926  -84.004  -18.881 0.6999999881
5790  20.592  -83.540  -17.885 0.6999999881
5770  19.918  -83.479  -17.071 0.8000000119
6367  20.035  -82.267  -16.550 0.6999999881
7563  18.637  -80.228  -16.853 0.6999999881
6369  18.726  -81.782  -16.706 0.6999999881
12550  13.159  -73.212  -23.129 0.5000000000
11666  18.405  -74.103  -21.565 0.5000000000
133647  18.247  -74.901  -22.060 0.6000000238
12565  12.826  -73.158  -24.179 0.5000000000
133930  18.723  -74.089  -23.980 0.5000000000
12527  19.306  -73.424  -22.471 0.5000000000
125198  18.676  -74.926  -24.441 0.6000000238
10255  19.320  -76.585  -26.262 0.6000000238
10267  15.420  -76.103  -27.213 0.5000000000
12561  19.205  -73.513  -24.036 0.5000000000
11711  18.931  -74.152  -24.768 0.6000000238
10991  19.677  -76.113  -27.955 0.6000000238
127708  19.272  -74.953  -26.154 0.6000000238
5807  21.724  -83.799  -19.333 0.6999999881
5789  21.426  -83.403  -18.511 0.6999999881
6379  20.568  -82.811  -17.049 0.6999999881
10324  19.730  -76.375  -31.276 0.5000000000
12526  20.174  -73.182  -22.701 0.5000000000
11024  18.249  -76.253  -30.160 0.5000000000
12580  19.842  -73.313  -25.800 0.5000000000
11761  19.890  -75.173  -28.182 0.5000000000
11008  19.805  -76.316  -29.065 0.5000000000
10314  18.738  -77.093  -31.202 0.5000000000
11045  20.275  -75.663  -31.295 0.5000000000
12666  18.785  -74.210  -30.637 0.5000000000
12619  21.302  -73.091  -28.229 0.5000000000
11034  20.892  -74.854  -31.282 0.5000000000
11797  18.729  -75.336  -30.493 0.5000000000
13449  20.858  -72.685  -26.545 0.5000000000
11778  20.642  -74.667  -29.404 0.5000000000
11022  20.572  -75.518  -30.311 0.5000000000
13418  20.308  -72.864  -24.983 0.5000000000
12621  19.852  -74.083  -27.420 0.5000000000
11795  21.839  -74.313  -30.741 0.5000000000
12531  9.759  -73.510  -22.647 0.6000000238
13409  9.396  -73.015  -23.408 0.6000000238
13394  9.769  -73.186  -21.734 0.5000000000
11685  10.823  -74.759  -22.113 0.6999999881
130014  10.214  -74.346  -22.852 0.6000000238
11701  9.745  -74.115  -23.701 0.6000000238
10227  10.313  -76.479  -22.348 0.6999999881
11651  11.456  -75.236  -20.793 0.6000000238
11683  11.315  -75.591  -22.101 0.6999999881
10909  11.092  -75.975  -22.630 0.6999999881
10934  10.199  -75.399  -24.117 0.6999999881
10891  9.592  -75.982  -20.352 0.8000000119
11637  11.572  -74.955  -19.980 0.5000000000
131558  11.231  -74.765  -20.698 0.5000000000
10213  10.924  -76.395  -21.566 0.8000000119
10188  11.133  -75.863  -19.978 0.6000000238
10866  8.454  -74.903  -18.922 0.6999999881
11636  11.491  -74.814  -18.897 0.5000000000
11652  11.002  -74.420  -20.115 0.5000000000
10865  9.822  -75.459  -18.959 0.6999999881
10879  9.151  -75.471  -19.772 0.6999999881
10878  10.244  -75.926  -19.814 0.6999999881
10877  11.449  -75.277  -19.575 0.6999999881
11620  7.236  -74.575  -18.164 0.6999999881
10847  9.045  -74.781  -17.566 0.6999999881
10862  11.445  -75.038  -18.565 0.6000000238
10864  10.697  -75.472  -18.720 0.8000000119
18893  8.961  -66.393  -10.585 0.6999999881
18007  9.300  -66.949  -12.270 0.8000000119
12437  13.422  -73.558  -16.581 0.4000000060
12440  7.625  -73.729  -16.394 0.6999999881
12453  12.274  -74.125  -17.105 0.5000000000
11586  7.894  -74.305  -16.583 0.6999999881
12465  11.507  -74.402  -17.678 0.6000000238
136006  11.363  -74.676  -16.846 0.6000000238
10846  10.078  -75.152  -17.980 0.6999999881
10845  11.120  -75.210  -18.211 0.8000000119
11601  10.722  -74.887  -17.146 0.8000000119
24889  8.751  -58.835  -3.177 0.5000000000
129062  9.159  -59.240  -3.843 0.5000000000
24027  8.818  -59.955  -3.802 0.5000000000
18846  7.813  -65.937  -5.565 0.5000000000
17974  8.791  -66.441  -7.792 0.6000000238
17953  8.560  -66.291  -5.771 0.6000000238
18831  7.155  -65.404  -5.499 0.6000000238
20586  6.699  -63.600  -4.510 0.6000000238
128486  8.050  -66.231  -8.367 0.6999999881
139109  7.967  -66.244  -7.428 0.6999999881
18883  8.485  -66.249  -9.813 0.6999999881
18884  8.064  -66.130  -9.147 0.6999999881
14129  9.022  -71.658  -16.341 0.6999999881
15626  9.357  -69.626  -15.447 0.6999999881
16412  9.361  -68.636  -14.433 0.8000000119
12438  12.985  -74.053  -16.109 0.5000000000
13300  8.336  -73.214  -16.233 0.6999999881
11599  12.393  -74.295  -16.471 0.6000000238
12439  8.530  -73.958  -16.254 0.8000000119
11583  10.972  -74.628  -16.265 0.6999999881
12426  9.316  -73.463  -15.962 0.8000000119
11602  9.608  -74.766  -17.060 0.8000000119
25802  8.609  -57.100  -4.261 0.5000000000
25801  9.189  -58.228  -3.985 0.6000000238
137395  9.113  -57.739  -5.202 0.5000000000
24905  9.602  -58.720  -4.756 0.6000000238
24026  9.436  -59.775  -4.546 0.6000000238
23164  8.537  -60.609  -4.125 0.6000000238
23175  9.121  -60.592  -4.907 0.6000000238
123769  8.404  -61.320  -4.609 0.5000000000
18830  8.555  -65.829  -5.042 0.5000000000
140689  7.743  -65.360  -4.808 0.5000000000
17965  8.693  -66.438  -6.721 0.6000000238
146067  7.427  -64.876  -4.581 0.6000000238
140664  6.984  -64.930  -4.832 0.6999999881
22306  7.813  -62.150  -4.453 0.6000000238
17983  8.885  -66.373  -8.877 0.6999999881
18874  7.499  -65.843  -7.991 0.6999999881
18847  7.357  -65.735  -6.200 0.6999999881
18848  6.785  -65.302  -6.363 0.8000000119
19724  6.504  -64.302  -4.889 0.6999999881
17982  9.385  -66.473  -9.779 0.6999999881
18901  9.439  -66.533  -11.189 0.6999999881
122544  9.893  -66.732  -11.229 0.6999999881
17997  9.386  -66.615  -11.662 0.8000000119
16403  9.773  -68.155  -13.727 0.8000000119
127485  9.339  -67.437  -13.108 0.8000000119
12422  12.698  -73.674  -15.515 0.5000000000
14884  11.652  -70.879  -15.136 0.6000000238
14111  9.743  -71.369  -16.049 0.8000000119
15613  9.875  -69.154  -15.006 0.8000000119
11570  11.367  -74.351  -15.711 0.6000000238
13285  12.124  -72.965  -15.076 0.6999999881
13287  9.765  -72.380  -15.904 0.8000000119
12424  10.854  -73.972  -15.382 0.6999999881
137093  10.584  -72.573  -15.478 0.6999999881
12425  10.051  -74.057  -15.703 0.8000000119
24919  9.686  -58.354  -5.796 0.4000000060
24040  9.664  -59.924  -5.396 0.5000000000
23176  8.764  -61.230  -5.418 0.5000000000
17937  9.184  -66.129  -5.284 0.5000000000
20599  8.957  -63.977  -5.038 0.6000000238
20584  8.081  -63.962  -4.598 0.6000000238
17964  9.511  -66.713  -7.012 0.6000000238
19723  7.184  -64.359  -4.470 0.6999999881
20585  7.359  -63.583  -4.412 0.6999999881
17973  9.554  -66.738  -8.115 0.6000000238
17996  9.899  -66.976  -11.879 0.8000000119
14869  11.247  -70.377  -14.901 0.6999999881
14110  10.494  -71.506  -15.729 0.6999999881
15625  10.005  -70.008  -15.332 0.8000000119
16411  10.176  -68.899  -14.201 0.8000000119
14109  11.310  -72.133  -15.372 0.6999999881
25818  8.189  -56.878  -5.428 0.4000000060
25803  7.543  -56.694  -4.701 0.4000000060
26717  6.247  -56.402  -5.238 0.4000000060
127169  9.131  -57.935  -6.139 0.5000000000
25836  8.503  -57.391  -6.209 0.4000000060
26699  5.986  -56.204  -4.092 0.5000000000
23187  9.297  -60.421  -5.964 0.5000000000
142571  8.696  -61.796  -5.914 0.5000000000
138187  8.470  -62.218  -4.974 0.5000000000
22338  8.564  -61.598  -7.677 0.5000000000
21428  7.934  -63.010  -4.593 0.6999999881
17981  10.228  -66.916  -9.691 0.6000000238
17200  10.394  -67.568  -12.239 0.8000000119
15611  11.372  -70.029  -14.264 0.6000000238
15605  10.935  -69.249  -13.885 0.6000000238
16401  11.130  -69.039  -13.013 0.6999999881
16394  10.807  -68.254  -12.664 0.6999999881
15612  10.610  -69.738  -14.711 0.6999999881
26701  4.715  -55.733  -4.757 0.3000000119
25837  7.808  -57.772  -6.959 0.4000000060
137789  7.581  -56.983  -6.302 0.3000000119
26734  6.474  -56.847  -6.338 0.4000000060
26700  5.164  -56.141  -4.844 0.5000000000
24952  9.805  -58.542  -7.265 0.4000000060
26719  4.773  -55.862  -5.638 0.3000000119
24052  9.878  -59.549  -6.309 0.4000000060
22330  8.597  -62.082  -6.787 0.5000000000
23197  9.632  -60.010  -7.083 0.4000000060
20620  8.785  -62.957  -6.775 0.6000000238
24065  9.981  -59.114  -7.267 0.4000000060
23188  8.785  -61.057  -6.675 0.5000000000
17192  10.555  -67.282  -11.332 0.6999999881
143254  5.333  -56.174  -4.113 0.4000000060
26718  5.140  -56.180  -5.799 0.4000000060
27597  4.812  -55.523  -6.144 0.3000000119
24954  8.473  -58.038  -7.802 0.3000000119
23203  9.656  -59.511  -8.043 0.4000000060
23198  8.994  -60.520  -7.830 0.4000000060
25838  6.898  -57.220  -7.112 0.3000000119
26735  5.572  -56.419  -6.442 0.4000000060
26736  4.907  -56.027  -6.553 0.3000000119
25857  7.244  -57.974  -7.753 0.3000000119
24073  9.681  -58.694  -8.020 0.3000000119
144534  9.159  -60.014  -8.652 0.3000000119
24074  9.294  -59.186  -8.924 0.3000000119
23204  8.874  -60.163  -9.438 0.3000000119
129463  5.403  -56.247  -7.173 0.3000000119
26759  5.207  -56.023  -7.151 0.3000000119
25839  5.940  -56.858  -7.191 0.3000000119
26758  5.821  -56.072  -7.635 0.3000000119
24963  9.052  -58.350  -8.651 0.3000000119
125627  8.826  -58.942  -9.392 0.3000000119
27586  4.591  -55.361  -5.335 0.3000000119
25858  6.468  -57.293  -8.066 0.3000000119
25868  6.115  -56.844  -8.709 0.3000000119
24085  8.069  -59.237  -10.144 0.3000000119
132547  17.279  -79.902  -22.526 0.6000000238
8259  17.172  -79.366  -23.940 0.6999999881
8274  16.723  -79.339  -24.529 0.6999999881
8307  16.475  -78.877  -25.825 0.6999999881
21442  8.545  -63.216  -5.165 0.6000000238
27619  5.169  -55.722  -6.853 0.3000000119
5247  16.938  -84.650  -24.058 0.6999999881
3488  18.366  -87.426  -19.902 0.6999999881
5281  19.370  -84.549  -25.553 0.8000000119
4701  17.650  -85.159  -28.492 0.6000000238
4716  19.375  -84.484  -29.761 0.6999999881
5244  21.250  -84.974  -24.129 0.6000000238
132044  17.540  -84.171  -16.599 0.6999999881
140684  20.493  -82.526  -29.728 0.8000000119
5329  20.537  -84.552  -30.188 0.6999999881
5328  21.211  -84.529  -30.429 0.8000000119
11010  14.284  -75.655  -28.651 0.6999999881
145465  17.557  -78.770  -23.070 0.5000000000
8961  16.932  -78.475  -28.137 0.6000000238
12601  12.259  -73.500  -26.440 0.6000000238
9688  18.419  -77.645  -31.052 0.6999999881
6380  18.028  -82.212  -17.018 0.8000000119
9558  17.600  -77.167  -18.420 0.5000000000
10197  17.518  -77.239  -20.082 0.6000000238
10950  19.351  -75.832  -26.200 0.6000000238
13299  8.940  -72.620  -16.194 0.8000000119
2612  23.681  -89.336  -24.567 0.4000000060
3016  23.551  -88.907  -23.505 0.4000000060
3042  26.636  -88.470  -26.870 0.3000000119
2162  24.970  -90.307  -25.822 0.4000000060
2150  24.367  -90.680  -25.066 0.4000000060
2138  23.303  -90.461  -23.494 0.4000000060
4638  25.797  -85.464  -24.129 0.4000000060
4081  25.815  -86.412  -24.143 0.5000000000
131902  25.664  -87.416  -24.178 0.5000000000
4090  25.545  -86.128  -25.122 0.3000000119
3530  25.855  -86.981  -25.053 0.4000000060
3025  24.528  -88.471  -24.533 0.4000000060
3539  26.185  -87.064  -26.128 0.3000000119
3034  25.224  -88.470  -25.372 0.3000000119
2611  24.157  -88.930  -24.994 0.3000000119
3550  26.384  -87.238  -27.013 0.3000000119
4663  25.274  -84.967  -24.967 0.4000000060
132964  25.857  -84.679  -24.369 0.4000000060
4637  26.399  -85.229  -23.540 0.5000000000
5277  24.729  -84.389  -25.499 0.3000000119
4091  25.073  -85.661  -25.567 0.3000000119
3552  23.967  -87.066  -26.641 0.4000000060
4092  24.639  -86.195  -26.194 0.3000000119
3541  22.328  -87.425  -26.087 0.4000000060
3553  22.777  -87.641  -26.307 0.4000000060
3045  21.689  -88.403  -26.595 0.4000000060
5877  25.717  -83.770  -25.121 0.4000000060
136434  25.656  -83.469  -25.849 0.4000000060
5291  24.378  -83.925  -26.172 0.4000000060
138778  24.754  -83.535  -27.018 0.4000000060
5922  25.961  -83.649  -28.267 0.5000000000
147286  23.728  -85.086  -25.813 0.4000000060
5304  23.471  -84.247  -27.553 0.4000000060
3540  23.207  -86.903  -26.029 0.4000000060
132082  22.640  -86.809  -25.987 0.5000000000
5293  22.882  -84.751  -26.885 0.4000000060
4105  21.719  -86.600  -26.458 0.4000000060
133071  18.770  -86.790  -27.157 0.6000000238
4107  19.399  -87.467  -26.832 0.4000000060
5315  26.538  -84.226  -29.120 0.6000000238
5326  24.996  -84.774  -29.796 0.6000000238
137883  24.102  -84.110  -28.423 0.6000000238
5327  24.115  -84.642  -29.412 0.6000000238
4696  22.612  -85.022  -29.103 0.6000000238
133952  23.385  -84.897  -29.797 0.6999999881
4683  21.650  -85.670  -27.660 0.5000000000
4697  22.031  -85.268  -28.363 0.6000000238
4726  21.989  -84.914  -30.098 0.6999999881
4729  25.636  -85.083  -31.355 0.6999999881
5345  24.947  -84.789  -31.489 0.6999999881
4711  25.461  -85.272  -30.648 0.6000000238
4723  24.957  -85.237  -31.131 0.6999999881
5941  23.047  -83.361  -31.576 0.6999999881
6556  21.722  -82.777  -31.194 0.6999999881
6519  21.031  -82.581  -28.942 0.6999999881
4724  23.487  -84.914  -30.442 0.6999999881
127412  22.801  -84.046  -31.488 0.6999999881
5337  22.561  -84.413  -31.103 0.6999999881
122565  25.492  -83.312  -31.479 0.5000000000
6552  24.773  -82.442  -31.384 0.6000000238
140610  23.895  -84.226  -31.544 0.6999999881
6554  23.260  -82.602  -31.495 0.6000000238
139073  22.290  -82.364  -31.161 0.6999999881
7119  23.258  -81.522  -30.868 0.6999999881
5336  23.397  -84.723  -31.094 0.6999999881
6533  22.292  -82.110  -30.253 0.6999999881
131514  22.220  -82.415  -29.249 0.6000000238
7124  23.498  -81.935  -31.348 0.6000000238
7118  24.220  -81.242  -31.024 0.6000000238
146301  22.660  -81.999  -29.668 0.6000000238
7111  23.612  -80.985  -30.224 0.6000000238
5865  22.693  -83.233  -24.944 0.5000000000
2981  18.483  -88.407  -20.798 0.6000000238
3507  18.378  -88.147  -22.126 0.6000000238
6518  23.142  -81.983  -28.919 0.6000000238
6505  22.667  -82.536  -28.233 0.6000000238
6495  23.064  -82.738  -26.370 0.5000000000
6483  23.117  -82.623  -25.420 0.5000000000
3477  17.148  -88.001  -19.040 0.6000000238
3476  18.052  -87.857  -19.107 0.6000000238
2970  17.795  -88.433  -19.620 0.6000000238
7098  23.698  -80.974  -29.285 0.6000000238
6504  23.344  -82.238  -27.866 0.5000000000
5893  22.380  -83.241  -26.834 0.5000000000
4584  14.969  -85.294  -18.748 0.6000000238
4583  15.490  -85.702  -18.219 0.6000000238
4026  15.865  -86.674  -18.395 0.6000000238
3466  16.050  -87.530  -19.048 0.6000000238
3465  16.774  -87.250  -18.364 0.6000000238
4573  16.702  -85.451  -17.225 0.6000000238
146600  16.617  -86.657  -17.880 0.6000000238
134858  22.376  -83.631  -20.681 0.6000000238
5175  15.235  -84.775  -18.193 0.6000000238
6410  15.409  -82.382  -19.022 0.6000000238
5162  15.713  -84.246  -17.665 0.6000000238
6382  16.607  -82.991  -17.837 0.6000000238
5773  15.700  -83.450  -17.932 0.6000000238
6996  17.382  -82.046  -19.370 0.5000000000
5771  17.043  -83.284  -16.934 0.6000000238
6381  17.392  -82.699  -17.304 0.5000000000
4602  14.043  -85.433  -20.057 0.6999999881
5808  14.041  -84.134  -19.463 0.6000000238
135579  15.040  -83.860  -18.242 0.6000000238
6409  16.389  -82.203  -19.441 0.6000000238
137858  16.812  -81.865  -19.938 0.6000000238
8249  12.942  -79.631  -22.969 0.6000000238
5792  14.466  -83.507  -18.849 0.6000000238
6411  14.472  -82.660  -19.106 0.6000000238
7594  15.566  -80.948  -20.563 0.5000000000
6998  14.495  -81.852  -19.531 0.6000000238
132494  15.030  -80.295  -21.814 0.6000000238
8248  13.781  -79.671  -23.026 0.6000000238
8263  13.257  -79.618  -23.733 0.6000000238
6412  13.844  -82.391  -19.660 0.6000000238
7027  16.396  -80.847  -20.989 0.6000000238
135420  14.713  -80.562  -20.900 0.6000000238
7603  15.761  -80.625  -21.343 0.5000000000
7631  15.352  -80.151  -22.773 0.6000000238
143963  14.656  -79.809  -23.166 0.5000000000
8276  14.349  -79.607  -24.897 0.5000000000
8260  16.921  -79.854  -23.156 0.6000000238
7630  16.239  -80.174  -23.070 0.6000000238
132792  14.962  -79.611  -24.447 0.6000000238
8287  14.579  -79.458  -25.652 0.6000000238
8329  14.253  -79.179  -27.122 0.6999999881
8330  13.830  -79.074  -27.570 0.6999999881
8996  13.260  -78.133  -29.550 0.6999999881
9693  13.214  -77.149  -31.302 0.6999999881
8275  15.786  -79.485  -24.616 0.6000000238
8308  15.784  -78.746  -26.582 0.6999999881
8993  15.016  -78.595  -29.870 0.6999999881
8979  14.350  -78.610  -29.254 0.6999999881
8995  13.887  -78.439  -30.060 0.6999999881
9692  13.849  -77.539  -31.483 0.6000000238
144404  16.224  -78.514  -28.660 0.6000000238
148669  22.891  -82.235  -24.466 0.5000000000
5847  22.425  -83.458  -23.511 0.5000000000
7050  22.470  -81.369  -23.306 0.5000000000
6457  22.553  -82.336  -23.547 0.5000000000
6437  22.390  -82.563  -22.179 0.6000000238
8245  22.861  -79.595  -22.696 0.6000000238
7039  22.364  -80.664  -22.725 0.6000000238
134070  22.301  -81.500  -22.056 0.6000000238
131121  22.385  -82.281  -21.457 0.6000000238
6424  22.501  -82.814  -20.773 0.6000000238
8246  22.399  -79.707  -22.069 0.5000000000
7012  21.848  -80.379  -21.120 0.6000000238
6407  22.178  -82.441  -19.542 0.6000000238
7584  21.256  -79.357  -20.211 0.6000000238
146744  21.279  -80.066  -19.633 0.5000000000
124673  21.584  -80.972  -19.279 0.6000000238
6391  21.601  -82.197  -17.946 0.6000000238
8186  20.863  -79.337  -19.447 0.5000000000
6983  21.572  -81.317  -18.268 0.6000000238
8171  18.425  -79.251  -16.841 0.5000000000
8151  19.512  -79.109  -16.599 0.5000000000
6959  20.173  -81.210  -16.410 0.6000000238
7551  21.019  -80.946  -16.750 0.6000000238
4114  21.293  -86.170  -27.083 0.6000000238
4713  22.010  -85.195  -29.326 0.6999999881
145903  22.375  -83.486  -22.919 0.5000000000
7618  16.063  -80.474  -22.253 0.6000000238
8328  15.062  -78.745  -27.360 0.6999999881
5228  22.082  -84.168  -21.972 0.6000000238
6958  20.788  -81.865  -16.761 0.6000000238
7553  19.673  -80.177  -16.432 0.6000000238
126282  26.093  -88.787  -26.409 0.3000000119
3033  26.320  -87.775  -25.947 0.3000000119
3024  25.540  -87.746  -24.827 0.4000000060
3551  25.445  -86.735  -27.023 0.3000000119
4665  24.066  -85.520  -25.750 0.4000000060
4093  23.331  -86.206  -25.885 0.4000000060
5908  25.498  -83.463  -27.507 0.4000000060
5292  23.617  -84.345  -26.533 0.3000000119
5923  24.933  -83.673  -28.154 0.5000000000
130751  24.728  -84.231  -28.952 0.6000000238
145003  23.218  -85.570  -25.939 0.5000000000
5305  22.636  -84.806  -27.948 0.5000000000
4674  22.020  -85.941  -26.764 0.5000000000
4712  24.332  -85.036  -30.460 0.6000000238
5940  23.953  -83.313  -31.551 0.6999999881
6997  15.672  -81.679  -19.864 0.6000000238
10318  12.883  -76.330  -31.620 0.6000000238
7599  22.143  -80.455  -21.843 0.6000000238
8218  22.044  -79.078  -20.878 0.5000000000
7026  22.224  -81.270  -21.342 0.6000000238
7011  22.119  -81.256  -20.596 0.6000000238
8233  21.928  -79.321  -21.164 0.5000000000
125107  21.608  -80.417  -20.262 0.6000000238
8219  21.567  -78.984  -20.594 0.5000000000
8169  20.840  -79.709  -18.237 0.5000000000
8150  20.215  -79.562  -16.712 0.5000000000
582  24.899  -95.250  -7.375 0.4000000060
771  25.324  -94.674  -7.287 0.4000000060
385  24.935  -95.388  -8.035 0.5000000000
760  22.290  -94.527  -6.566 0.5000000000
1007  20.611  -94.148  -7.021 0.5000000000
589  17.880  -95.041  -7.448 0.5000000000
585  22.140  -95.142  -7.760 0.5000000000
146266  23.204  -94.786  -6.515 0.5000000000
1013  24.911  -93.766  -7.414 0.4000000060
1019  24.341  -93.641  -8.194 0.4000000060
140448  24.523  -94.384  -8.876 0.5000000000
124034  23.523  -88.944  -19.817 0.3000000119
2552  24.456  -89.047  -18.647 0.3000000119
1724  23.366  -90.441  -20.448 0.3000000119
1732  23.173  -90.766  -21.283 0.3000000119
749  23.087  -95.019  -5.738 0.4000000060
566  21.994  -94.879  -5.674 0.5000000000
751  19.726  -94.398  -6.104 0.5000000000
564  24.527  -95.091  -5.311 0.4000000060
146722  24.466  -95.097  -6.301 0.4000000060
1256  24.902  -93.559  -6.831 0.3000000119
1244  23.859  -93.174  -5.645 0.3000000119
1027  23.518  -93.612  -11.000 0.4000000060
1573  22.930  -91.441  -7.532 0.3000000119
1602  22.850  -91.981  -9.056 0.4000000060
137274  23.619  -93.481  -9.176 0.5000000000
133361  22.438  -90.718  -7.974 0.3000000119
2968  24.109  -88.296  -18.877 0.3000000119
2538  24.700  -88.790  -17.860 0.3000000119
135729  23.206  -89.642  -20.399 0.3000000119
2571  22.785  -89.494  -21.725 0.3000000119
2131  22.893  -90.368  -22.603 0.3000000119
565  23.814  -95.508  -4.714 0.3000000119
126730  22.866  -95.538  -4.897 0.4000000060
744  24.371  -95.042  -4.248 0.3000000119
125170  22.539  -90.810  -7.169 0.3000000119
1282  22.880  -92.060  -10.146 0.4000000060
1296  23.804  -93.102  -11.796 0.4000000060
1603  22.545  -91.100  -9.575 0.4000000060
126009  21.630  -89.457  -7.213 0.3000000119
4022  25.395  -86.225  -18.767 0.4000000060
138555  24.433  -86.931  -18.749 0.4000000060
3453  24.466  -86.740  -17.739 0.4000000060
4011  24.150  -86.336  -16.941 0.4000000060
3997  22.852  -86.202  -15.892 0.4000000060
3980  22.272  -86.201  -15.265 0.5000000000
3486  24.507  -87.457  -20.288 0.3000000119
129387  23.789  -88.215  -19.717 0.3000000119
2980  23.537  -88.516  -20.479 0.3000000119
2589  23.095  -89.268  -22.719 0.3000000119
3026  23.745  -88.822  -24.271 0.3000000119
739  23.710  -94.850  -3.541 0.3000000119
2416  22.210  -89.204  -9.512 0.3000000119
1613  22.898  -91.148  -10.542 0.3000000119
1295  24.600  -92.807  -12.387 0.4000000060
137112  25.553  -94.691  -13.586 0.4000000060
2808  21.562  -88.088  -6.349 0.3000000119
126493  21.556  -88.027  -8.328 0.3000000119
2816  21.502  -88.734  -7.709 0.3000000119
2396  21.966  -90.098  -8.524 0.3000000119
2479  24.424  -89.551  -14.962 0.5000000000
1657  25.415  -91.306  -15.248 0.5000000000
3451  28.424  -87.837  -17.156 0.3000000119
4009  27.146  -86.503  -17.213 0.3000000119
3452  27.711  -87.404  -17.578 0.3000000119
4010  26.441  -86.045  -17.660 0.3000000119
4581  25.109  -85.910  -17.803 0.4000000060
3964  25.277  -86.292  -14.734 0.5000000000
3402  24.306  -87.606  -14.767 0.5000000000
146455  26.575  -86.570  -18.893 0.3000000119
4571  24.658  -85.549  -16.950 0.4000000060
134054  24.283  -85.138  -16.110 0.4000000060
4545  23.717  -85.418  -15.397 0.5000000000
3966  23.563  -86.220  -14.560 0.5000000000
2979  23.927  -88.195  -21.000 0.3000000119
2994  23.216  -88.988  -21.935 0.3000000119
3004  23.732  -88.859  -22.829 0.3000000119
3015  24.024  -88.533  -23.826 0.3000000119
3014  24.840  -88.042  -24.049 0.4000000060
2427  23.516  -89.437  -10.185 0.3000000119
1294  25.349  -92.367  -12.263 0.4000000060
3288  22.804  -87.235  -5.492 0.3000000119
3314  21.724  -86.946  -7.405 0.3000000119
3341  21.964  -87.768  -9.031 0.3000000119
1309  25.698  -93.128  -12.833 0.4000000060
3303  22.345  -87.071  -6.213 0.3000000119
1081  26.577  -94.098  -15.009 0.4000000060
130007  25.880  -92.381  -15.341 0.5000000000
1318  27.884  -92.817  -13.908 0.4000000060
1672  27.254  -92.409  -15.021 0.5000000000
140637  30.531  -88.668  -16.037 0.3000000119
2029  25.643  -89.763  -15.189 0.5000000000
2042  26.212  -90.743  -15.261 0.5000000000
3435  28.662  -87.261  -16.386 0.3000000119
2476  26.966  -89.305  -14.551 0.4000000060
134447  27.536  -90.442  -14.421 0.5000000000
2951  28.355  -88.379  -17.854 0.3000000119
3994  27.446  -85.962  -16.325 0.4000000060
4541  27.587  -85.686  -15.339 0.4000000060
2888  26.946  -87.686  -14.016 0.5000000000
2478  25.782  -88.720  -15.157 0.5000000000
3462  26.884  -87.123  -19.313 0.3000000119
4569  26.033  -85.554  -17.213 0.4000000060
5130  25.431  -84.839  -15.955 0.5000000000
4525  25.049  -85.602  -14.951 0.5000000000
2978  24.968  -88.153  -21.080 0.3000000119
2569  25.520  -89.232  -21.911 0.4000000060
2587  26.115  -89.638  -22.390 0.3000000119
2570  24.229  -88.753  -22.469 0.4000000060
3003  24.583  -88.605  -23.237 0.4000000060
4705  13.940  -85.424  -29.729 0.5000000000
3285  25.983  -87.440  -5.667 0.3000000119
3860  22.814  -86.585  -6.293 0.3000000119
141456  25.878  -91.072  -10.596 0.3000000119
3287  23.965  -87.063  -5.383 0.3000000119
143534  26.824  -91.520  -10.338 0.3000000119
147112  27.683  -93.149  -13.769 0.5000000000
1317  28.517  -92.397  -13.251 0.4000000060
1038  28.730  -92.587  -11.395 0.3000000119
2492  32.372  -89.427  -15.977 0.3000000119
1645  28.574  -92.027  -13.531 0.5000000000
3434  29.360  -87.645  -16.002 0.3000000119
2459  27.707  -89.347  -13.568 0.4000000060
2017  28.336  -90.344  -13.402 0.4000000060
3979  28.350  -86.241  -14.793 0.4000000060
3961  28.731  -86.649  -13.960 0.4000000060
3946  28.224  -86.875  -13.516 0.4000000060
2886  28.043  -88.396  -13.154 0.4000000060
3461  27.650  -87.719  -18.468 0.3000000119
2966  27.597  -88.318  -19.465 0.3000000119
3962  27.206  -85.961  -14.263 0.4000000060
3948  26.743  -86.486  -14.174 0.5000000000
2554  27.006  -89.687  -21.333 0.3000000119
137811  26.844  -90.025  -22.308 0.4000000060
3002  25.710  -89.065  -22.920 0.4000000060
127283  14.470  -84.433  -27.916 0.5000000000
3013  25.467  -88.134  -23.546 0.4000000060
130370  26.244  -88.752  -23.171 0.5000000000
144514  14.273  -85.076  -29.585 0.5000000000
3858  24.410  -86.553  -6.001 0.3000000119
3478  16.188  -88.290  -19.568 0.5000000000
1290  30.060  -92.502  -11.137 0.3000000119
1271  29.118  -92.332  -10.010 0.3000000119
2982  17.292  -88.849  -20.160 0.5000000000
3489  15.512  -88.557  -19.868 0.6000000238
3415  33.764  -88.818  -15.527 0.3000000119
2475  32.701  -89.414  -15.056 0.3000000119
2507  32.100  -89.544  -16.767 0.3000000119
2920  30.806  -88.453  -15.170 0.3000000119
2901  31.013  -88.320  -14.073 0.3000000119
2003  29.954  -91.224  -12.664 0.4000000060
1631  30.028  -92.064  -12.326 0.4000000060
3508  17.559  -87.226  -22.566 0.5000000000
4065  13.250  -86.388  -21.893 0.5000000000
3399  29.578  -87.201  -14.012 0.3000000119
3382  29.718  -87.714  -13.278 0.3000000119
2447  29.615  -89.122  -12.564 0.3000000119
2001  31.759  -91.176  -12.354 0.3000000119
3509  16.995  -86.731  -23.266 0.5000000000
2536  28.453  -89.295  -19.065 0.3000000119
2550  27.983  -89.196  -19.997 0.3000000119
4655  16.584  -85.182  -24.188 0.5000000000
137271  27.802  -89.840  -20.832 0.3000000119
4667  15.194  -84.660  -26.400 0.5000000000
2129  28.208  -90.540  -22.094 0.4000000060
139174  15.138  -83.869  -27.051 0.6000000238
2585  28.523  -90.252  -22.358 0.4000000060
136494  27.153  -88.896  -22.878 0.5000000000
5306  14.603  -83.123  -28.678 0.5000000000
142604  27.711  -87.726  -22.538 0.4000000060
3506  26.945  -87.732  -22.854 0.3000000119
3518  26.352  -87.528  -23.265 0.4000000060
4703  15.505  -84.884  -28.938 0.6000000238
4651  29.724  -86.620  -24.807 0.3000000119
4652  28.809  -85.628  -24.056 0.4000000060
4636  27.229  -85.516  -22.939 0.4000000060
143812  26.440  -86.604  -23.125 0.3000000119
4702  16.370  -84.743  -28.771 0.6000000238
4119  15.864  -86.058  -28.440 0.5000000000
137059  29.786  -86.239  -26.438 0.3000000119
137582  28.548  -84.757  -25.271 0.5000000000
5275  27.768  -84.249  -24.904 0.4000000060
4653  26.452  -84.390  -24.175 0.4000000060
4118  16.867  -86.549  -27.852 0.6000000238
147773  29.505  -85.872  -26.783 0.3000000119
5273  29.120  -85.092  -26.150 0.5000000000
5274  28.221  -84.291  -25.731 0.4000000060
144647  26.437  -83.539  -25.411 0.4000000060
5289  29.262  -85.257  -27.153 0.4000000060
5905  27.932  -83.835  -26.910 0.5000000000
5890  26.352  -83.363  -26.425 0.4000000060
5906  27.137  -83.548  -27.196 0.5000000000
3479  15.102  -87.592  -19.767 0.6000000238
4047  14.070  -86.865  -20.301 0.6000000238
141189  33.335  -88.214  -15.320 0.3000000119
2899  34.099  -89.102  -14.813 0.3000000119
2883  34.433  -89.144  -14.141 0.3000000119
146272  33.395  -89.559  -14.255 0.3000000119
4036  14.500  -86.364  -19.806 0.6000000238
4054  13.830  -86.049  -20.609 0.6000000238
2935  33.221  -89.104  -16.391 0.3000000119
2014  33.170  -89.845  -13.399 0.3000000119
1999  33.252  -90.368  -12.426 0.3000000119
4614  13.507  -85.712  -21.415 0.6000000238
3449  32.424  -88.631  -17.293 0.3000000119
2884  31.340  -88.813  -13.210 0.3000000119
2000  32.413  -90.699  -12.394 0.3000000119
5232  13.315  -84.829  -21.801 0.6000000238
2549  28.613  -89.946  -20.032 0.3000000119
6448  12.090  -82.382  -21.962 0.6000000238
5838  12.381  -83.409  -22.447 0.6000000238
5839  11.761  -82.893  -22.908 0.6000000238
7052  10.324  -81.314  -23.821 0.5000000000
3504  29.183  -87.884  -22.773 0.4000000060
4635  28.283  -85.765  -23.085 0.4000000060
5302  29.093  -85.007  -28.088 0.4000000060
135321  28.105  -84.064  -28.029 0.5000000000
3943  32.698  -86.707  -13.527 0.3000000119
3942  33.738  -87.196  -13.257 0.3000000119
3379  34.040  -87.858  -13.824 0.3000000119
3378  34.688  -88.358  -13.487 0.3000000119
2442  34.568  -89.099  -13.272 0.3000000119
2432  34.296  -89.404  -12.170 0.3000000119
2423  34.042  -89.236  -11.018 0.3000000119
4035  15.272  -86.883  -19.195 0.5000000000
3975  32.677  -87.729  -15.562 0.3000000119
3432  32.842  -88.660  -16.614 0.3000000119
5206  13.789  -84.637  -20.205 0.5000000000
4603  13.732  -85.307  -20.684 0.6000000238
3976  31.836  -87.243  -16.036 0.3000000119
1988  33.265  -90.417  -11.555 0.3000000119
5207  13.586  -84.719  -21.036 0.6000000238
3991  31.374  -87.189  -16.863 0.3000000119
5828  12.741  -83.137  -21.598 0.6000000238
2599  30.203  -89.423  -22.813 0.3000000119
2584  29.409  -90.183  -22.305 0.3000000119
6449  11.421  -81.981  -22.626 0.6000000238
131682  9.962  -79.567  -24.882 0.6000000238
5819  13.599  -84.074  -20.586 0.6000000238
140356  13.198  -82.054  -20.612 0.5000000000
7029  12.466  -81.428  -21.492 0.6000000238
7040  11.780  -81.396  -22.116 0.6000000238
7622  11.609  -80.672  -22.584 0.6000000238
7634  10.670  -80.508  -23.608 0.6000000238
8927  10.454  -78.980  -25.402 0.6000000238
8279  10.655  -79.893  -24.169 0.6000000238
9632  10.846  -77.975  -26.612 0.5000000000
143128  13.696  -83.883  -19.948 0.5000000000
6999  13.748  -81.599  -20.165 0.5000000000
7606  12.376  -80.624  -21.983 0.5000000000
8290  11.869  -79.348  -24.900 0.6000000238
11012  10.739  -75.743  -28.846 0.5000000000
11050  12.646  -75.441  -31.716 0.6000000238
11027  11.309  -75.312  -29.775 0.6000000238
11799  10.899  -74.342  -29.978 0.5000000000
11040  11.894  -74.901  -31.072 0.6000000238
11811  10.680  -73.284  -30.511 0.6000000238
7605  13.153  -80.645  -21.396 0.5000000000
8926  12.245  -79.148  -25.694 0.5000000000
8966  11.836  -78.346  -26.968 0.5000000000
8941  11.359  -78.646  -26.042 0.6000000238
8981  12.930  -78.409  -28.429 0.6000000238
9647  12.159  -78.040  -27.825 0.5000000000
10295  11.011  -76.427  -28.419 0.5000000000
9680  12.884  -77.463  -30.111 0.6000000238
9008  14.839  -78.186  -31.212 0.6000000238
10308  12.535  -76.680  -30.562 0.6000000238
12669  11.686  -72.825  -31.012 0.5000000000
14145  5.542  -71.999  -17.538 0.5000000000
7595  13.818  -80.758  -20.689 0.5000000000
130519  12.856  -79.551  -24.344 0.5000000000
8939  13.242  -79.120  -27.111 0.6000000238
14908  6.741  -69.774  -17.593 0.5000000000
16453  7.178  -68.240  -17.784 0.6000000238
126935  6.661  -70.641  -17.817 0.6000000238
14144  6.557  -71.535  -17.597 0.6000000238
14909  5.892  -71.141  -18.143 0.5000000000
12454  4.896  -73.623  -17.500 0.5000000000
12482  5.820  -73.881  -18.724 0.5000000000
14308  10.170  -71.175  -29.686 0.5000000000
13519  11.507  -72.123  -30.635 0.5000000000
17218  8.861  -67.997  -13.911 0.6000000238
18019  8.577  -66.944  -12.599 0.6999999881
16413  8.516  -68.480  -14.690 0.6000000238
17211  8.345  -67.414  -13.316 0.6999999881
18032  6.942  -67.097  -13.844 0.6000000238
17220  6.940  -67.195  -14.869 0.6000000238
16424  8.340  -68.819  -15.449 0.6000000238
17219  7.711  -67.818  -14.258 0.6000000238
16423  9.078  -68.963  -15.178 0.6000000238
15627  8.714  -69.367  -15.741 0.6000000238
16436  8.128  -69.007  -16.215 0.6000000238
17236  7.398  -67.873  -15.398 0.5000000000
18067  7.051  -67.148  -15.919 0.6000000238
14897  8.648  -70.709  -16.388 0.6000000238
14898  7.923  -70.646  -16.953 0.6000000238
136466  7.768  -68.825  -16.779 0.5000000000
132620  7.462  -67.867  -16.443 0.6000000238
142468  8.308  -71.485  -16.763 0.6000000238
14143  7.254  -71.039  -17.523 0.6000000238
147594  6.772  -72.794  -16.619 0.6000000238
13316  7.485  -71.976  -17.207 0.6000000238
13302  6.088  -73.233  -16.821 0.6000000238
11621  6.173  -74.141  -18.055 0.5000000000
11655  6.709  -73.983  -20.529 0.5000000000
11670  7.663  -74.773  -21.789 0.5000000000
10922  8.109  -75.793  -23.506 0.5000000000
122414  8.309  -76.117  -24.360 0.5000000000
18031  7.634  -67.218  -13.420 0.6000000238
18021  7.243  -66.758  -13.019 0.6999999881
14130  8.271  -72.315  -16.518 0.5000000000
11604  6.567  -74.260  -17.297 0.6000000238
128564  7.522  -74.648  -19.241 0.6000000238
145357  6.708  -74.049  -19.800 0.5000000000
10893  7.820  -74.988  -20.600 0.6000000238
138536  8.251  -75.345  -22.035 0.5000000000
10921  9.319  -76.359  -23.410 0.6000000238
144378  8.713  -76.231  -23.751 0.6000000238
17980  11.013  -67.256  -10.013 0.4000000060
127694  7.570  -65.757  -9.767 0.6999999881
19772  6.438  -64.549  -8.573 0.5000000000
19783  6.357  -64.472  -9.509 0.5000000000
17191  11.322  -67.755  -10.973 0.6000000238
17989  10.369  -67.027  -10.598 0.5000000000
19787  6.780  -65.197  -10.109 0.6000000238
19798  6.758  -65.347  -11.044 0.5000000000
16393  11.423  -68.761  -12.237 0.5000000000
18894  8.071  -66.191  -10.601 0.6000000238
18895  7.356  -65.652  -10.600 0.8000000119
17998  8.631  -66.573  -12.017 0.6999999881
18008  7.786  -66.510  -12.348 0.8000000119
18929  6.785  -66.301  -12.650 0.6999999881
10880  8.110  -74.991  -19.902 0.6000000238
10215  8.922  -75.923  -21.684 0.6000000238
20630  6.235  -63.941  -8.061 0.5000000000
17972  10.318  -67.076  -8.493 0.5000000000
125315  7.489  -65.707  -8.775 0.6999999881
129862  6.175  -63.596  -8.848 0.5000000000
16379  12.003  -68.125  -10.546 0.4000000060
17185  11.524  -67.589  -10.247 0.4000000060
16392  12.069  -69.137  -11.986 0.4000000060
15610  12.203  -70.295  -13.947 0.5000000000
14868  11.997  -70.581  -14.729 0.4000000060
18862  6.395  -64.601  -7.651 0.5000000000
17971  11.115  -67.276  -9.056 0.3000000119
17963  10.286  -67.078  -7.343 0.3000000119
18875  6.823  -65.335  -8.100 0.6000000238
15603  12.386  -70.055  -13.054 0.4000000060
14108  12.222  -71.637  -15.298 0.4000000060
140588  6.647  -65.169  -7.197 0.6000000238
18861  7.288  -65.663  -7.133 0.6000000238
14883  12.635  -70.990  -15.150 0.4000000060
19754  6.319  -64.562  -6.548 0.5000000000
20621  6.115  -63.859  -7.254 0.5000000000
17145  11.655  -67.260  -6.607 0.3000000119
137069  10.890  -67.208  -6.709 0.3000000119
131307  10.286  -66.828  -6.368 0.3000000119
17952  9.489  -66.523  -5.902 0.4000000060
14882  13.563  -71.148  -15.265 0.3000000119
13284  13.180  -72.642  -15.461 0.4000000060
13283  13.925  -72.780  -15.975 0.4000000060
18828  10.340  -65.852  -5.233 0.4000000060
19742  6.570  -64.839  -5.550 0.6000000238
141697  5.951  -63.731  -6.215 0.4000000060
17936  9.818  -66.140  -5.235 0.4000000060
17144  12.565  -67.295  -6.516 0.3000000119
17950  11.977  -66.624  -6.020 0.3000000119
142617  6.181  -64.218  -5.571 0.5000000000
18829  9.452  -65.509  -4.940 0.4000000060
19741  8.702  -64.688  -4.651 0.4000000060
20611  9.574  -63.962  -5.662 0.4000000060
21476  8.958  -62.969  -9.042 0.3000000119
21477  8.438  -62.234  -9.389 0.3000000119
21471  8.933  -63.133  -8.175 0.3000000119
21472  8.491  -62.342  -8.421 0.3000000119
22342  8.510  -61.136  -8.707 0.3000000119
139776  7.035  -56.337  -3.947 0.4000000060
21495  8.562  -62.243  -10.419 0.3000000119
1979  32.437  -90.835  -10.208 0.3000000119
131010  28.770  -89.419  -22.571 0.4000000060
20619  9.536  -63.381  -6.707 0.3000000119
10228  9.495  -76.382  -22.502 0.6000000238
26682  6.562  -56.142  -3.040 0.4000000060
15604  11.570  -69.757  -13.415 0.5000000000
21465  8.587  -62.627  -7.582 0.3000000119
4620  26.617  -85.990  -22.905 0.3000000119
5240  27.782  -85.067  -23.597 0.4000000060
7632  11.738  -80.121  -23.055 0.5000000000
1006  25.320  -94.100  -6.243 0.4000000060
584  23.298  -95.359  -7.666 0.5000000000
763  19.249  -94.270  -6.839 0.5000000000
593  24.319  -95.371  -10.295 0.5000000000
2952  24.389  -88.077  -17.732 0.4000000060
991  24.719  -94.527  -4.857 0.4000000060
1272  23.186  -93.096  -10.159 0.4000000060
806  24.329  -94.746  -11.990 0.4000000060
3473  24.390  -87.157  -19.614 0.4000000060
146139  24.251  -88.235  -17.038 0.4000000060
3455  23.181  -87.609  -16.540 0.4000000060
352  22.318  -95.678  -3.771 0.3000000119
2381  21.562  -89.399  -6.348 0.3000000119
1973  22.276  -90.095  -9.407 0.3000000119
127592  23.808  -92.148  -11.669 0.4000000060
1041  24.403  -93.817  -12.369 0.4000000060
4032  25.348  -86.633  -19.678 0.3000000119
3472  25.198  -87.139  -20.316 0.4000000060
1620  23.878  -91.096  -11.285 0.4000000060
825  26.192  -94.579  -14.592 0.4000000060
2903  25.882  -87.907  -15.153 0.5000000000
4675  14.866  -85.187  -26.677 0.5000000000
2992  24.476  -88.697  -21.870 0.4000000060
3884  22.186  -86.207  -7.689 0.3000000119
135727  26.333  -92.544  -12.216 0.4000000060
1053  27.171  -93.483  -13.501 0.4000000060
1343  26.934  -93.283  -15.012 0.5000000000
146632  27.670  -91.354  -14.703 0.5000000000
3418  29.582  -87.317  -15.020 0.3000000119
2960  28.587  -89.059  -18.254 0.3000000119
2967  26.666  -87.889  -20.239 0.3000000119
2976  27.180  -88.995  -20.475 0.3000000119
5321  14.665  -83.549  -28.938 0.6000000238
1291  28.559  -92.389  -10.520 0.3000000119
1039  27.854  -92.885  -12.421 0.4000000060
2446  30.388  -90.053  -12.454 0.3000000119
5269  15.843  -84.625  -25.594 0.5000000000
2586  27.508  -90.150  -22.329 0.4000000060
1967  30.470  -91.366  -9.417 0.3000000119
1618  31.471  -91.699  -11.748 0.3000000119
4080  29.167  -86.479  -23.643 0.4000000060
4061  28.396  -87.148  -22.519 0.4000000060
4062  27.471  -86.839  -22.475 0.4000000060
4088  30.947  -86.938  -26.448 0.3000000119
3364  35.165  -88.032  -12.529 0.3000000119
6439  12.736  -82.233  -21.184 0.6000000238
3517  29.294  -87.247  -23.173 0.3000000119
3355  35.604  -87.542  -10.975 0.3000000119
2852  35.487  -87.875  -9.900 0.3000000119
4007  31.042  -87.080  -17.503 0.3000000119
144379  11.403  -77.758  -27.294 0.5000000000
9681  12.163  -76.979  -29.253 0.6000000238
18020  7.930  -66.984  -12.859 0.6999999881
146335  7.165  -65.922  -11.601 0.6999999881
18916  7.831  -66.327  -11.788 0.6999999881
18885  6.875  -65.181  -9.156 0.6000000238
17156  11.204  -67.388  -7.670 0.3000000119
17951  11.067  -66.888  -5.995 0.3000000119
5882  16.745  -83.617  -26.099 0.5000000000
122845  16.611  -84.244  -25.262 0.5000000000
5344  25.837  -84.685  -31.535 0.6000000238
8289  12.860  -79.478  -25.150 0.4000000060
136478  14.014  -79.476  -26.336 0.5000000000
11821  12.674  -74.184  -31.760 0.5000000000
132689  14.415  -77.002  -31.667 0.5000000000
10326  13.641  -76.375  -31.765 0.5000000000
134347  12.886  -74.977  -31.894 0.5000000000
136134  12.161  -72.617  -31.146 0.5000000000
12667  13.106  -73.304  -31.250 0.5000000000
10325  15.134  -77.657  -31.489 0.5000000000
13506  11.766  -72.002  -30.051 0.4000000060
11038  13.811  -75.459  -31.335 0.5000000000
11039  13.461  -74.635  -31.433 0.5000000000
13492  12.531  -72.604  -29.988 0.5000000000
14292  10.302  -71.246  -28.705 0.5000000000
11782  13.429  -74.199  -29.865 0.6000000238
12656  13.098  -73.265  -30.315 0.5000000000
12638  11.824  -72.428  -29.051 0.5000000000
11736  8.745  -74.529  -25.642 0.5000000000
11783  12.881  -73.815  -29.210 0.6000000238
14255  8.215  -71.897  -26.422 0.5000000000
12584  8.305  -73.430  -25.882 0.5000000000
12637  12.371  -73.233  -28.769 0.6000000238
13471  10.741  -71.939  -28.040 0.6000000238
14280  9.206  -71.305  -27.315 0.5000000000
10994  13.738  -75.159  -28.124 0.6000000238
12622  12.212  -73.549  -27.522 0.6000000238
12623  11.697  -72.935  -27.992 0.6000000238
14254  8.610  -71.967  -25.679 0.6000000238
12602  11.614  -73.072  -26.958 0.6000000238
12568  8.649  -73.460  -25.042 0.5000000000
10935  9.530  -75.770  -24.610 0.5000000000
13453  10.498  -72.118  -27.055 0.6000000238
14268  9.711  -71.770  -26.701 0.6000000238
18033  6.448  -66.477  -14.466 0.5000000000
18917  6.205  -65.698  -12.514 0.5000000000
18942  6.510  -66.415  -13.493 0.5000000000
10920  9.995  -76.254  -23.810 0.6000000238
13421  11.019  -72.263  -25.495 0.6000000238
11717  9.684  -74.875  -24.735 0.6000000238
14253  9.393  -71.887  -25.753 0.6000000238
13424  8.747  -72.734  -24.616 0.6000000238
136728  10.044  -72.034  -25.102 0.6000000238
19753  10.061  -64.532  -5.400 0.3000000119
144510  8.415  -57.216  -3.512 0.3000000119
5921  26.979  -83.740  -28.217 0.4000000060
5325  25.996  -84.926  -29.949 0.5000000000
4117  17.795  -86.910  -27.349 0.5000000000
4687  17.196  -85.942  -27.919 0.5000000000
4710  26.567  -85.396  -30.692 0.4000000060
5319  17.204  -84.055  -29.444 0.4000000060
6551  26.657  -83.535  -31.485 0.4000000060
5297  15.523  -83.725  -26.610 0.4000000060
5914  15.333  -82.782  -28.539 0.4000000060
5898  15.895  -83.090  -27.129 0.4000000060
5925  15.146  -82.859  -29.182 0.4000000060
133514  16.174  -83.413  -29.461 0.4000000060
7110  26.265  -81.135  -29.832 0.4000000060
7116  25.975  -81.772  -30.652 0.4000000060
7122  24.738  -81.661  -31.202 0.4000000060
6543  26.893  -82.061  -30.227 0.4000000060
6545  25.641  -82.399  -31.243 0.4000000060
7708  24.409  -80.648  -30.615 0.4000000060
148047  23.855  -80.498  -29.858 0.5000000000
12583  11.674  -72.867  -25.944 0.5000000000
12582  12.310  -73.202  -25.608 0.5000000000
144827  10.781  -72.119  -24.645 0.5000000000
12566  11.865  -72.562  -24.795 0.5000000000
13420  12.196  -72.604  -23.485 0.5000000000
13422  9.824  -72.258  -24.070 0.5000000000
13408  10.230  -72.559  -22.989 0.5000000000
18903  6.411  -65.467  -11.802 0.4000000060
19788  6.178  -64.518  -10.470 0.4000000060
126359  11.052  -72.209  -23.746 0.5000000000
12567  8.965  -73.508  -24.269 0.5000000000
142063  24.992  -84.022  -31.640 0.5000000000
6544  26.744  -82.702  -31.110 0.4000000060
139652  24.651  -81.028  -30.896 0.4000000060
587  19.976  -95.042  -7.687 0.4000000060
132264  19.028  -96.391  -7.711 0.4000000060
604  15.370  -96.078  -10.574 0.4000000060
586  21.016  -95.054  -7.775 0.4000000060
390  20.533  -96.037  -7.946 0.4000000060
416  16.031  -96.588  -10.305 0.4000000060
216  19.916  -97.138  -7.931 0.4000000060
601  17.687  -94.870  -10.434 0.4000000060
132073  16.756  -96.245  -10.452 0.4000000060
250  16.948  -97.586  -10.450 0.4000000060
388  22.514  -96.086  -8.348 0.5000000000
389  21.495  -96.052  -8.137 0.5000000000
399  21.545  -96.800  -8.570 0.4000000060
215  20.821  -96.998  -8.277 0.4000000060
249  18.101  -98.037  -10.466 0.4000000060
387  23.631  -95.817  -8.267 0.5000000000
407  22.956  -96.483  -9.329 0.5000000000
137941  22.908  -96.341  -8.745 0.5000000000
228  20.529  -97.620  -9.054 0.4000000060
106  19.747  -97.897  -8.853 0.4000000060
237  22.454  -96.674  -10.076 0.4000000060
239  21.128  -97.370  -9.647 0.4000000060
611  20.445  -95.849  -11.422 0.4000000060
144948  19.784  -95.826  -11.287 0.4000000060
429  18.864  -96.608  -11.222 0.4000000060
248  19.002  -98.012  -10.551 0.4000000060
128  18.803  -98.378  -10.020 0.4000000060
613  18.289  -95.660  -10.889 0.4000000060
140464  18.132  -96.540  -11.049 0.4000000060
257  22.124  -96.683  -11.232 0.5000000000
129142  21.229  -97.132  -10.713 0.4000000060
240  20.422  -97.640  -9.750 0.4000000060
126  19.845  -97.863  -9.833 0.4000000060
440  21.969  -96.331  -11.892 0.5000000000
427  20.942  -96.749  -11.272 0.4000000060
259  20.239  -97.375  -10.928 0.4000000060
247  19.730  -97.812  -10.431 0.4000000060
1056  21.250  -93.885  -12.709 0.3000000119
1310  21.229  -92.682  -12.610 0.3000000119
1067  21.620  -93.456  -13.646 0.4000000060
816  21.543  -94.960  -12.581 0.3000000119
840  22.859  -94.374  -14.640 0.4000000060
828  21.851  -94.584  -13.432 0.4000000060
2019  20.293  -89.922  -13.141 0.3000000119
1647  21.122  -91.137  -13.267 0.4000000060
1319  21.324  -92.055  -13.283 0.4000000060
1066  22.108  -93.385  -14.556 0.4000000060
1646  21.680  -90.827  -14.150 0.4000000060
1661  21.630  -91.771  -14.184 0.4000000060
1331  22.883  -92.243  -15.171 0.4000000060
1083  24.965  -94.009  -15.466 0.3000000119
625  21.077  -95.369  -11.866 0.3000000119
838  24.766  -95.474  -14.826 0.3000000119
634  23.399  -95.900  -13.862 0.4000000060
2461  21.300  -89.259  -13.641 0.4000000060
134172  23.533  -94.200  -15.085 0.3000000119
1660  22.221  -91.532  -14.862 0.4000000060
1658  24.276  -91.248  -15.107 0.4000000060
1330  23.827  -92.097  -15.255 0.4000000060
449  22.562  -96.186  -12.783 0.4000000060
137776  22.821  -95.945  -13.417 0.4000000060
2463  19.827  -89.096  -14.089 0.4000000060
850  25.532  -95.018  -15.137 0.3000000119
134632  21.397  -87.919  -13.864 0.4000000060
2891  20.358  -88.472  -14.011 0.4000000060
2906  22.684  -87.750  -14.089 0.4000000060
125542  22.649  -88.732  -14.229 0.4000000060
2032  22.476  -90.579  -14.706 0.4000000060
266  22.817  -96.573  -12.002 0.4000000060
438  23.330  -96.388  -12.634 0.4000000060
623  24.588  -95.768  -12.971 0.3000000119
126833  23.804  -96.143  -13.149 0.4000000060
814  25.181  -95.334  -13.719 0.3000000119
3981  21.065  -87.068  -15.034 0.4000000060
3439  21.292  -87.137  -15.580 0.4000000060
3967  22.013  -86.418  -14.654 0.4000000060
2905  24.144  -88.490  -14.823 0.4000000060
2031  23.608  -90.278  -14.873 0.4000000060
406  23.867  -96.074  -9.396 0.4000000060
805  24.423  -95.573  -12.139 0.3000000119
124013  24.834  -95.309  -8.642 0.4000000060
244  22.606  -96.652  -10.842 0.4000000060
127439  24.074  -95.630  -10.530 0.4000000060
414  23.449  -96.372  -11.220 0.4000000060
599  24.165  -95.671  -11.290 0.4000000060
2460  22.064  -89.152  -13.959 0.4000000060
116  19.478  -98.151  -9.347 0.4000000060
117  19.002  -98.437  -9.374 0.4000000060
127  19.340  -98.221  -9.913 0.4000000060
226  22.249  -96.677  -9.037 0.5000000000
227  21.463  -97.126  -8.982 0.4000000060
229  19.510  -97.913  -8.312 0.4000000060
238  21.909  -96.844  -9.562 0.4000000060
245  21.674  -96.965  -10.372 0.4000000060
246  20.467  -97.545  -10.394 0.4000000060
256  22.904  -96.617  -11.544 0.4000000060
258  21.585  -96.764  -11.208 0.5000000000
260  19.373  -97.411  -11.008 0.4000000060
261  18.515  -97.369  -11.004 0.4000000060
267  22.330  -96.509  -11.734 0.4000000060
386  24.414  -95.636  -8.093 0.5000000000
391  18.276  -95.732  -7.606 0.5000000000
397  24.427  -95.699  -8.684 0.5000000000
398  23.754  -96.022  -8.723 0.5000000000
405  24.361  -95.611  -9.538 0.4000000060
413  23.951  -95.950  -11.292 0.4000000060
415  17.636  -97.020  -10.846 0.4000000060
425  24.203  -96.014  -12.200 0.3000000119
426  23.408  -96.476  -12.058 0.4000000060
428  19.857  -96.580  -11.237 0.4000000060
436  24.794  -95.834  -14.070 0.3000000119
437  24.295  -95.971  -12.984 0.4000000060
439  22.790  -96.463  -12.422 0.4000000060
441  21.326  -96.154  -11.760 0.5000000000
448  23.313  -96.250  -13.140 0.4000000060
457  24.156  -96.048  -13.729 0.4000000060
544  23.891  -95.391  -3.882 0.3000000119
554  24.714  -94.962  -4.918 0.4000000060
555  24.253  -95.359  -4.365 0.3000000119
557  21.881  -95.534  -4.590 0.3000000119
563  24.974  -94.897  -5.613 0.4000000060
576  25.236  -94.918  -6.853 0.4000000060
577  23.993  -95.133  -5.834 0.4000000060
581  25.198  -95.076  -7.503 0.4000000060
583  24.338  -95.324  -7.307 0.5000000000
588  18.909  -95.109  -7.614 0.4000000060
612  19.158  -95.744  -11.186 0.4000000060
622  24.713  -95.788  -13.632 0.3000000119
624  21.859  -95.828  -12.351 0.4000000060
635  22.559  -95.243  -13.983 0.4000000060
636  22.229  -95.537  -13.138 0.3000000119
648  25.318  -95.515  -14.602 0.3000000119
649  24.732  -95.799  -14.291 0.3000000119
650  24.080  -95.752  -14.384 0.3000000119
651  23.313  -95.320  -14.397 0.4000000060
748  25.064  -94.575  -5.529 0.4000000060
757  25.399  -94.523  -6.679 0.4000000060
758  25.274  -94.723  -6.157 0.4000000060
759  23.832  -94.973  -6.855 0.5000000000
761  21.193  -94.341  -6.474 0.5000000000
762  20.203  -94.220  -6.581 0.5000000000
772  22.725  -94.679  -7.203 0.5000000000
773  21.479  -94.441  -7.266 0.5000000000
774  20.389  -94.480  -7.334 0.5000000000
775  19.462  -94.515  -7.290 0.4000000060
776  18.498  -94.634  -7.198 0.5000000000
783  25.241  -95.031  -7.975 0.4000000060
789  24.612  -94.935  -9.662 0.5000000000
793  24.340  -95.371  -11.288 0.3000000119
815  24.890  -94.951  -12.874 0.4000000060
824  26.771  -93.967  -14.419 0.4000000060
826  25.391  -95.290  -14.404 0.3000000119
827  22.149  -94.208  -14.124 0.4000000060
837  26.409  -94.425  -14.787 0.4000000060
839  23.807  -95.041  -14.880 0.3000000119
849  26.227  -94.730  -15.004 0.4000000060
851  24.421  -94.638  -15.219 0.3000000119
992  24.165  -94.367  -4.274 0.3000000119
999  24.931  -93.936  -5.472 0.3000000119
1008  19.950  -94.172  -7.073 0.5000000000
1012  25.391  -94.156  -7.014 0.4000000060
1018  25.125  -94.438  -7.840 0.4000000060
1024  23.791  -94.109  -9.976 0.5000000000
1026  29.095  -92.485  -10.549 0.3000000119
1040  26.863  -93.197  -12.863 0.4000000060
1042  23.908  -93.945  -11.730 0.4000000060
1050  29.375  -92.575  -11.143 0.3000000119
1051  28.392  -92.699  -12.427 0.3000000119
1052  27.758  -93.091  -13.248 0.5000000000
1054  26.220  -93.988  -13.594 0.4000000060
1055  25.195  -93.858  -13.025 0.4000000060
1062  28.170  -92.793  -13.221 0.4000000060
1063  27.285  -93.590  -13.989 0.5000000000
1064  26.686  -94.098  -14.202 0.4000000060
1065  25.919  -94.747  -14.187 0.4000000060
1075  26.899  -93.788  -14.630 0.5000000000
1076  22.889  -93.286  -15.096 0.4000000060
1082  25.958  -94.202  -15.366 0.4000000060
1084  23.923  -93.635  -15.283 0.3000000119
1249  24.639  -93.397  -6.259 0.3000000119
1264  23.534  -92.788  -8.500 0.4000000060
1270  29.835  -92.277  -9.869 0.3000000119
1279  29.614  -92.493  -10.429 0.3000000119
1280  27.836  -92.058  -10.384 0.3000000119
1281  27.096  -92.162  -11.276 0.3000000119
1292  28.012  -92.525  -11.289 0.3000000119
1293  27.358  -92.698  -12.038 0.4000000060
1306  30.470  -92.186  -11.888 0.4000000060
1307  29.605  -92.446  -11.929 0.3000000119
1308  28.783  -92.471  -12.523 0.4000000060
1311  20.739  -92.207  -11.781 0.3000000119
1316  29.221  -92.239  -12.547 0.3000000119
1328  28.000  -92.276  -14.095 0.4000000060
1329  27.628  -92.703  -14.542 0.4000000060
1332  22.071  -92.469  -14.898 0.4000000060
1333  21.667  -92.644  -14.102 0.4000000060
1344  26.326  -93.342  -15.318 0.4000000060
1345  25.396  -93.179  -15.467 0.4000000060
1346  24.392  -92.955  -15.383 0.4000000060
1347  23.544  -92.818  -15.260 0.4000000060
1584  23.323  -92.055  -7.983 0.3000000119
1585  22.635  -91.295  -8.500 0.3000000119
1598  29.341  -92.042  -9.657 0.3000000119
1608  32.699  -90.866  -10.966 0.3000000119
1609  32.215  -91.284  -10.846 0.3000000119
1617  32.564  -91.001  -11.767 0.3000000119
1619  25.867  -91.720  -11.468 0.4000000060
1628  32.072  -91.302  -12.072 0.3000000119
1629  31.589  -91.500  -12.123 0.3000000119
1630  30.928  -91.746  -12.200 0.4000000060
1643  30.321  -91.813  -12.431 0.4000000060
1644  29.333  -91.973  -12.816 0.4000000060
1654  28.073  -91.465  -14.042 0.5000000000
1655  27.711  -91.969  -14.711 0.4000000060
1656  27.190  -91.242  -15.061 0.5000000000
1659  23.171  -91.316  -15.074 0.4000000060
1673  26.508  -91.769  -15.282 0.5000000000
1674  24.843  -92.159  -15.320 0.5000000000
1942  21.863  -90.212  -6.689 0.3000000119
1948  21.975  -90.186  -7.601 0.3000000119
1956  22.303  -90.649  -8.851 0.4000000060
1978  33.025  -90.294  -10.212 0.3000000119
1981  25.444  -90.497  -10.333 0.3000000119
1983  23.380  -90.247  -10.625 0.3000000119
1984  22.625  -90.486  -10.116 0.3000000119
1987  33.819  -89.926  -12.437 0.3000000119
1998  33.887  -89.799  -13.081 0.3000000119
2002  30.924  -91.230  -12.484 0.3000000119
2004  20.500  -90.697  -12.703 0.4000000060
2012  33.948  -89.612  -13.711 0.3000000119
2013  33.308  -90.056  -13.045 0.3000000119
2015  32.387  -90.148  -12.870 0.3000000119
2016  28.922  -91.316  -13.170 0.4000000060
2018  21.852  -89.926  -14.079 0.4000000060
2028  33.621  -89.525  -14.191 0.3000000119
2030  24.802  -90.456  -15.072 0.5000000000
2107  22.772  -89.927  -21.086 0.3000000119
2117  28.621  -90.622  -21.828 0.4000000060
2118  22.686  -90.216  -21.852 0.3000000119
2127  29.418  -90.488  -22.021 0.3000000119
2130  23.196  -90.985  -22.118 0.3000000119
2139  22.898  -89.867  -23.000 0.3000000119
2397  21.659  -89.476  -8.093 0.3000000119
2417  21.754  -88.629  -9.012 0.3000000119
2424  33.531  -89.844  -10.838 0.3000000119
2426  24.152  -89.769  -10.419 0.3000000119
2428  22.689  -89.730  -10.086 0.3000000119
2431  34.647  -88.897  -12.634 0.3000000119
2433  33.801  -89.808  -11.681 0.3000000119
2443  34.339  -89.490  -12.985 0.3000000119
2444  31.561  -89.477  -12.789 0.3000000119
2445  31.348  -90.176  -12.488 0.3000000119
2454  34.340  -89.378  -13.652 0.3000000119
2455  32.882  -89.526  -14.082 0.3000000119
2456  32.101  -89.353  -13.359 0.3000000119
2457  29.341  -90.192  -12.749 0.3000000119
2458  28.614  -89.243  -12.874 0.4000000060
2462  20.480  -89.181  -13.565 0.4000000060
2472  34.112  -89.348  -14.342 0.3000000119
2473  33.748  -89.266  -15.047 0.3000000119
2474  33.316  -89.491  -14.774 0.3000000119
2477  26.340  -89.233  -15.066 0.5000000000
2480  23.430  -89.187  -14.686 0.4000000060
2481  22.638  -89.642  -14.517 0.4000000060
2490  33.435  -89.304  -15.727 0.3000000119
2491  32.910  -89.452  -15.670 0.3000000119
2493  31.295  -89.088  -15.928 0.3000000119
2505  33.450  -89.196  -16.025 0.3000000119
2506  32.967  -89.311  -16.367 0.3000000119
2508  31.610  -89.556  -16.721 0.3000000119
2555  23.024  -89.205  -20.887 0.3000000119
2556  18.106  -88.692  -20.376 0.6000000238
2567  27.571  -90.347  -21.912 0.4000000060
2568  26.481  -89.875  -21.970 0.3000000119
2572  22.713  -89.850  -22.375 0.3000000119
2588  25.125  -88.952  -22.460 0.4000000060
2600  29.560  -89.589  -22.602 0.3000000119
2601  23.300  -89.469  -23.759 0.4000000060
2618  24.930  -89.276  -25.729 0.4000000060
2619  24.057  -89.681  -25.195 0.4000000060
2849  22.421  -88.367  -9.415 0.3000000119
2853  34.669  -88.632  -10.038 0.3000000119
2863  35.203  -88.171  -12.012 0.3000000119
2864  34.684  -88.661  -11.554 0.3000000119
2872  34.780  -88.580  -12.982 0.3000000119
2873  30.625  -89.103  -12.612 0.3000000119
2874  29.726  -88.335  -12.726 0.3000000119
2875  28.930  -88.386  -12.765 0.3000000119
2882  34.575  -89.116  -13.507 0.3000000119
2885  30.476  -88.241  -13.158 0.3000000119
2887  27.233  -88.399  -13.807 0.5000000000
2889  21.857  -88.382  -13.861 0.4000000060
2890  21.051  -88.495  -13.706 0.4000000060
2900  32.067  -88.928  -14.057 0.3000000119
2902  26.471  -88.366  -14.731 0.4000000060
2904  25.140  -87.960  -15.228 0.5000000000
2908  20.048  -88.554  -14.521 0.4000000060
2917  33.740  -89.102  -15.529 0.3000000119
2918  33.617  -88.893  -15.949 0.3000000119
2919  31.760  -88.893  -15.006 0.3000000119
2921  30.071  -88.038  -15.603 0.3000000119
2949  32.574  -89.100  -17.195 0.3000000119
2953  23.850  -88.321  -16.779 0.4000000060
2957  32.263  -88.905  -17.871 0.3000000119
2959  28.849  -89.160  -17.881 0.3000000119
2969  18.436  -88.138  -19.888 0.6999999881
2971  16.966  -88.580  -19.637 0.6000000238
2977  26.198  -88.860  -21.166 0.3000000119
2993  23.732  -88.739  -21.880 0.3000000119
2999  29.477  -88.766  -22.823 0.4000000060
3000  27.710  -89.692  -22.678 0.5000000000
3001  26.692  -89.638  -22.708 0.4000000060
3032  26.547  -87.800  -26.718 0.3000000119
3035  22.030  -88.068  -26.105 0.4000000060
3036  21.427  -88.095  -26.313 0.4000000060
3268  23.673  -87.595  -4.859 0.3000000119
3284  26.699  -87.895  -5.664 0.3000000119
3286  24.982  -87.173  -5.440 0.3000000119
3289  21.943  -87.598  -5.836 0.3000000119
3304  21.810  -87.337  -6.630 0.3000000119
3328  21.768  -87.165  -8.527 0.3000000119
3332  35.879  -87.583  -8.838 0.3000000119
3365  35.088  -87.925  -12.794 0.3000000119
3366  29.175  -87.806  -12.889 0.3000000119
3377  34.768  -88.468  -13.215 0.3000000119
3380  33.448  -87.490  -14.003 0.3000000119
3381  30.202  -87.797  -13.784 0.3000000119
3383  28.472  -87.689  -13.145 0.4000000060
3384  27.588  -87.500  -13.486 0.4000000060
3385  27.020  -87.082  -13.890 0.5000000000
3386  21.919  -87.537  -13.951 0.4000000060
3387  21.303  -87.382  -14.189 0.4000000060
3388  20.813  -87.860  -14.035 0.4000000060
3395  34.393  -88.793  -14.326 0.3000000119
3396  34.077  -88.961  -15.069 0.3000000119
3397  33.776  -88.316  -14.697 0.3000000119
3398  30.244  -87.766  -14.537 0.3000000119
3400  26.312  -87.300  -14.473 0.5000000000
3401  25.575  -87.145  -14.828 0.5000000000
3403  23.148  -86.897  -14.203 0.5000000000
3404  22.390  -86.920  -14.106 0.4000000060
3405  21.365  -86.915  -14.667 0.4000000060
3406  20.874  -87.424  -14.620 0.4000000060
3416  33.291  -88.586  -16.009 0.3000000119
3417  32.619  -88.056  -16.241 0.3000000119
3419  28.962  -86.812  -15.446 0.4000000060
3420  21.553  -86.618  -15.154 0.4000000060
3421  20.645  -87.616  -15.225 0.4000000060
3433  32.200  -87.927  -16.806 0.3000000119
3436  27.918  -86.914  -16.791 0.3000000119
3437  23.410  -86.721  -16.491 0.4000000060
3440  21.060  -87.714  -15.940 0.4000000060
3450  31.653  -87.789  -17.489 0.3000000119
3454  24.161  -87.508  -16.994 0.4000000060
3456  17.184  -86.824  -17.913 0.6999999881
3463  18.060  -87.071  -18.710 0.6999999881
3464  17.552  -87.323  -18.526 0.6999999881
3474  24.117  -87.617  -19.041 0.3000000119
3475  18.253  -87.557  -19.366 0.6999999881
3485  25.793  -87.723  -20.562 0.4000000060
3487  23.920  -87.754  -20.082 0.3000000119
3490  14.723  -88.477  -19.968 0.6000000238
3496  18.609  -87.994  -21.221 0.6000000238
3505  28.424  -88.454  -22.584 0.4000000060
3519  26.109  -87.043  -23.661 0.5000000000
3542  21.674  -87.722  -26.172 0.4000000060
3554  20.001  -87.984  -26.651 0.4000000060
3857  25.407  -86.812  -5.903 0.3000000119
3859  23.440  -86.695  -5.911 0.3000000119
3873  22.247  -86.639  -6.831 0.3000000119
3892  21.684  -86.752  -8.015 0.3000000119
3928  35.287  -87.492  -11.936 0.3000000119
3941  34.701  -87.629  -13.066 0.3000000119
3945  29.019  -87.259  -13.372 0.3000000119
3947  27.473  -86.638  -13.843 0.4000000060
3949  21.733  -86.940  -14.234 0.4000000060
3960  32.806  -87.404  -14.587 0.3000000119
3963  26.450  -85.796  -14.510 0.4000000060
3965  24.413  -86.146  -14.672 0.5000000000
3978  29.081  -86.752  -14.614 0.4000000060
3993  28.207  -86.409  -15.871 0.4000000060
3995  26.651  -85.673  -16.807 0.4000000060
3996  24.016  -85.639  -16.470 0.4000000060
3998  21.977  -86.653  -15.777 0.5000000000
4012  17.669  -85.655  -17.583 0.6999999881
4014  16.238  -86.065  -17.662 0.6000000238
4019  31.086  -87.312  -18.292 0.3000000119
4021  26.937  -86.762  -18.240 0.3000000119
4023  24.807  -86.421  -18.373 0.4000000060
4033  24.777  -86.625  -19.282 0.4000000060
4045  24.805  -86.849  -19.951 0.3000000119
4055  13.481  -86.551  -21.165 0.5000000000
4063  26.799  -86.721  -22.752 0.4000000060
4072  28.587  -86.494  -22.878 0.4000000060
4073  26.203  -86.054  -23.482 0.3000000119
4094  22.029  -87.044  -26.098 0.4000000060
4095  21.293  -87.269  -26.412 0.4000000060
4103  25.780  -86.425  -26.265 0.3000000119
4104  22.501  -86.257  -26.063 0.5000000000
4123  14.936  -85.063  -29.275 0.5000000000
4522  27.596  -85.828  -14.612 0.4000000060
4523  26.858  -85.390  -14.942 0.4000000060
4524  25.967  -85.390  -14.987 0.5000000000
4526  24.074  -85.600  -14.836 0.5000000000
4527  23.247  -85.761  -14.824 0.5000000000
4542  26.057  -85.095  -15.556 0.5000000000
4543  25.310  -85.081  -15.406 0.5000000000
4544  24.525  -85.167  -15.368 0.5000000000
4546  23.008  -85.816  -15.346 0.5000000000
4556  26.806  -85.318  -15.868 0.4000000060
4557  25.927  -85.117  -16.454 0.4000000060
4558  25.054  -84.982  -16.444 0.5000000000
4559  23.555  -85.635  -15.934 0.4000000060
4560  17.941  -85.070  -17.083 0.6999999881
4561  17.202  -84.785  -16.807 0.6999999881
4570  25.393  -85.448  -17.137 0.4000000060
4572  17.335  -85.507  -17.223 0.6999999881
4574  15.923  -85.175  -17.586 0.6000000238
4580  25.731  -85.853  -17.886 0.3000000119
4591  15.064  -86.079  -18.955 0.6000000238
4592  14.540  -85.422  -19.384 0.6999999881
4601  17.443  -85.408  -20.663 0.6999999881
4610  20.888  -85.065  -22.046 0.8000000119
4619  27.852  -86.231  -22.581 0.4000000060
4625  16.919  -85.974  -22.704 0.6000000238
4639  20.544  -85.274  -23.488 0.6000000238
4654  19.616  -85.217  -24.064 0.8000000119
4656  16.125  -85.212  -25.045 0.5000000000
4661  30.222  -86.740  -25.833 0.3000000119
4662  29.237  -85.684  -25.270 0.5000000000
4664  24.420  -84.973  -25.522 0.3000000119
4666  15.476  -85.085  -25.807 0.5000000000
4672  23.293  -84.945  -26.162 0.3000000119
4673  22.667  -85.455  -26.415 0.5000000000
4682  22.244  -85.326  -27.302 0.5000000000
4688  16.436  -85.769  -28.271 0.6000000238
4689  14.017  -84.865  -28.943 0.5000000000
4699  20.513  -85.240  -28.803 0.6999999881
4704  14.336  -84.669  -29.198 0.5000000000
4721  26.691  -85.348  -31.155 0.4000000060
4722  25.965  -85.333  -31.127 0.6999999881
4725  22.709  -84.777  -30.549 0.6999999881
4728  26.377  -85.093  -31.379 0.6999999881
4730  24.101  -85.059  -30.920 0.6999999881
5131  24.872  -84.855  -15.883 0.5000000000
5144  17.775  -84.572  -16.707 0.6999999881
5158  19.773  -83.859  -17.697 0.6999999881
5160  18.525  -84.647  -17.421 0.6999999881
5173  19.139  -84.348  -18.106 0.8000000119
5176  14.586  -84.520  -18.882 0.6000000238
5187  18.557  -84.681  -18.845 0.8999999762
5188  14.170  -84.841  -19.605 0.6000000238
5201  22.101  -84.222  -21.068 0.6000000238
5205  18.511  -84.564  -19.796 0.8000000119
5217  21.488  -84.634  -21.554 0.6999999881
5230  18.081  -84.364  -22.180 0.8000000119
5231  17.445  -84.434  -22.324 0.8000000119
5241  26.958  -84.798  -23.511 0.4000000060
5243  21.477  -84.854  -23.275 0.6000000238
5245  18.564  -84.645  -22.767 0.6999999881
5260  28.278  -84.832  -24.449 0.4000000060
5261  27.319  -84.422  -24.113 0.4000000060
5262  25.879  -84.120  -24.623 0.4000000060
5264  20.837  -84.812  -24.876 0.6000000238
5268  16.366  -84.664  -25.040 0.5000000000
5276  25.419  -84.231  -25.017 0.4000000060
5278  23.963  -84.596  -25.885 0.4000000060
5280  20.343  -84.526  -25.546 0.8000000119
5284  15.924  -84.203  -25.819 0.5000000000
5285  15.422  -84.294  -26.284 0.5000000000
5290  28.551  -84.374  -26.550 0.5000000000
5295  18.845  -84.048  -26.260 0.8000000119
5296  16.046  -83.753  -26.131 0.4000000060
5298  14.952  -84.286  -27.005 0.6000000238
5303  24.223  -83.793  -27.610 0.5000000000
5307  14.701  -83.728  -27.918 0.5000000000
5314  27.634  -84.481  -29.081 0.4000000060
5316  25.521  -84.145  -29.048 0.6000000238
5317  23.333  -84.645  -28.771 0.6000000238
5318  18.499  -84.509  -29.363 0.6000000238
5320  15.194  -83.448  -29.402 0.6000000238
5322  14.390  -83.854  -28.718 0.6000000238
5343  26.716  -84.704  -31.575 0.6000000238
5346  21.986  -83.930  -31.280 0.6999999881
5749  19.858  -82.990  -16.653 0.8000000119
5750  19.271  -83.417  -16.626 0.8000000119
5751  18.553  -83.239  -16.470 0.8000000119
5753  16.987  -84.020  -16.694 0.6999999881
5769  21.289  -82.920  -17.763 0.6999999881
5772  16.342  -83.748  -17.272 0.6000000238
5788  22.086  -83.010  -19.009 0.6000000238
5791  15.072  -83.068  -18.503 0.6000000238
5806  22.309  -83.193  -19.933 0.6000000238
5809  13.906  -83.259  -19.438 0.5000000000
5818  21.967  -84.109  -20.202 0.6000000238
5836  22.448  -82.854  -22.874 0.6000000238
5837  12.892  -84.076  -22.073 0.6000000238
5863  26.891  -83.876  -24.674 0.4000000060
5864  26.210  -83.863  -24.713 0.4000000060
5866  22.298  -83.774  -24.414 0.6000000238
5875  27.853  -83.882  -26.156 0.4000000060
5876  27.381  -83.765  -25.456 0.4000000060
5878  25.091  -83.812  -25.580 0.4000000060
5889  27.165  -83.517  -26.218 0.4000000060
5891  25.580  -83.390  -26.705 0.4000000060
5892  24.012  -83.849  -26.939 0.4000000060
5896  19.287  -83.605  -26.766 0.8000000119
5899  15.114  -83.337  -27.690 0.5000000000
5907  26.259  -83.423  -27.384 0.4000000060
5924  15.987  -82.466  -29.193 0.6000000238
5930  17.735  -82.954  -29.666 0.6000000238
5935  20.059  -83.262  -30.699 0.8000000119
5939  26.153  -84.141  -31.593 0.4000000060
5942  22.194  -83.325  -31.444 0.8000000119
6368  19.316  -82.737  -16.495 0.8000000119
6370  18.205  -82.691  -16.611 0.8000000119
6378  21.193  -82.318  -17.315 0.6000000238
6392  17.473  -82.347  -18.298 0.5000000000
6393  16.572  -82.540  -18.776 0.6000000238
6394  15.850  -82.902  -18.420 0.6000000238
6408  21.870  -82.062  -18.860 0.6000000238
6425  13.433  -82.385  -20.244 0.5000000000
6438  13.083  -82.831  -20.797 0.5000000000
6447  22.373  -81.865  -22.777 0.5000000000
6458  11.195  -82.448  -23.412 0.5000000000
6459  10.701  -82.075  -23.943 0.5000000000
6506  21.127  -82.795  -27.972 0.6999999881
6509  18.085  -82.493  -28.658 0.6999999881
6534  19.703  -82.615  -29.979 0.8000000119
6535  18.978  -82.813  -30.029 0.6999999881
6536  18.414  -82.927  -29.850 0.6999999881
6546  22.840  -82.106  -31.279 0.6999999881
6548  21.246  -82.633  -30.824 0.8000000119
6553  24.022  -82.497  -31.476 0.6000000238
6555  22.509  -82.707  -31.415 0.6999999881
6960  19.295  -81.031  -16.465 0.6000000238
6961  18.841  -80.900  -16.687 0.6999999881
6971  21.360  -81.561  -17.362 0.6000000238
6984  18.003  -81.853  -18.857 0.6000000238
6993  22.322  -82.216  -20.239 0.6000000238
6994  22.020  -81.548  -19.775 0.6000000238
7013  17.463  -81.528  -20.086 0.6000000238
7014  16.697  -81.385  -20.522 0.6000000238
7015  14.564  -81.072  -20.143 0.6000000238
7028  13.185  -81.396  -20.902 0.5000000000
7041  11.268  -81.266  -22.661 0.6000000238
7042  10.931  -80.905  -23.031 0.6000000238
7051  10.825  -81.531  -23.189 0.5000000000
7053  10.228  -80.807  -23.857 0.6000000238
7099  22.998  -81.590  -30.059 0.6000000238
7117  25.169  -81.314  -30.908 0.4000000060
7120  22.571  -81.949  -30.842 0.6999999881
7123  24.137  -81.812  -31.331 0.4000000060
7552  20.418  -80.411  -16.562 0.6000000238
7554  19.061  -80.369  -16.486 0.6999999881
7561  21.282  -80.676  -17.610 0.6000000238
7562  20.799  -80.080  -17.113 0.5000000000
7564  18.301  -80.725  -17.620 0.8000000119
7574  21.241  -80.363  -18.743 0.5000000000
7585  17.812  -80.880  -20.078 0.6000000238
7591  21.672  -79.571  -20.868 0.5000000000
7593  16.961  -80.869  -20.962 0.6000000238
7600  21.898  -79.845  -21.472 0.5000000000
7601  17.241  -80.560  -21.176 0.6999999881
7602  16.735  -80.607  -21.632 0.6000000238
7604  14.014  -80.275  -21.482 0.5000000000
7614  22.278  -79.824  -22.135 0.5000000000
7615  22.132  -79.584  -21.591 0.5000000000
7617  16.830  -80.302  -22.454 0.6000000238
7619  14.350  -79.892  -22.355 0.5000000000
7620  13.279  -80.018  -22.232 0.6000000238
7621  12.356  -80.051  -22.683 0.5000000000
7633  11.247  -80.462  -23.151 0.6000000238
7646  10.119  -80.341  -24.302 0.6000000238
7700  24.142  -80.315  -30.196 0.5000000000
7709  23.868  -81.033  -30.711 0.6000000238
8152  18.992  -79.595  -16.499 0.5000000000
8188  18.053  -80.131  -18.181 0.6999999881
8220  17.573  -79.709  -20.860 0.5000000000
8232  22.176  -79.471  -21.463 0.5000000000
8234  17.492  -79.592  -21.730 0.5000000000
8247  17.363  -79.399  -23.177 0.6000000238
8258  22.610  -79.803  -23.171 0.6000000238
8261  15.400  -79.783  -23.697 0.6000000238
8262  14.282  -79.685  -23.960 0.5000000000
8264  12.256  -79.703  -23.565 0.5000000000
8265  11.330  -80.036  -23.581 0.6000000238
8277  12.258  -79.493  -24.412 0.5000000000
8278  11.486  -79.633  -24.182 0.6000000238
8286  15.554  -79.241  -25.611 0.6000000238
8288  13.733  -79.572  -25.517 0.5000000000
8291  10.844  -79.400  -24.738 0.6000000238
8309  14.840  -79.147  -26.428 0.6999999881
8310  13.682  -79.339  -26.884 0.5000000000
8311  13.193  -79.401  -26.218 0.6000000238
8843  18.809  -78.593  -16.637 0.5000000000
8866  17.492  -78.151  -18.249 0.5000000000
8875  21.625  -78.575  -20.146 0.5000000000
8884  17.432  -78.794  -20.935 0.5000000000
8898  17.479  -79.133  -22.484 0.6000000238
8906  17.564  -78.835  -23.739 0.5000000000
8916  17.525  -78.821  -24.565 0.6000000238
8923  18.241  -78.104  -25.410 0.5000000000
8936  18.299  -78.168  -26.111 0.5000000000
8937  17.744  -78.438  -26.462 0.6000000238
8940  12.481  -78.896  -26.575 0.5000000000
8942  10.178  -78.308  -25.980 0.5000000000
8959  18.358  -78.173  -27.036 0.5000000000
8962  15.405  -78.561  -28.442 0.6999999881
8963  14.479  -78.767  -28.150 0.6999999881
8964  13.411  -78.821  -27.946 0.6999999881
8965  12.679  -78.675  -27.480 0.6000000238
8978  14.975  -78.559  -29.118 0.6999999881
8980  13.655  -78.581  -28.913 0.6999999881
8990  17.966  -78.186  -30.851 0.6000000238
8991  17.463  -78.464  -30.211 0.6000000238
8992  16.273  -78.396  -30.870 0.6000000238
8994  14.593  -78.451  -30.391 0.6999999881
9007  15.574  -78.172  -31.266 0.5000000000
9009  14.183  -78.089  -31.012 0.6999999881
9014  15.450  -77.985  -31.467 0.5000000000
9015  14.900  -77.905  -31.548 0.6000000238
9016  14.428  -77.799  -31.451 0.6000000238
9572  17.438  -77.648  -19.208 0.5000000000
9582  17.415  -78.188  -20.118 0.5000000000
9599  17.743  -77.327  -22.562 0.5000000000
9613  17.813  -78.188  -24.234 0.6000000238
9620  18.668  -77.588  -25.744 0.5000000000
9631  18.873  -77.767  -27.414 0.5000000000
9645  19.164  -77.528  -28.226 0.6000000238
9660  19.192  -77.572  -29.533 0.6000000238
9663  12.532  -77.720  -28.849 0.6000000238
9664  11.534  -77.171  -28.066 0.5000000000
9674  19.120  -77.497  -30.710 0.6999999881
9675  18.623  -77.902  -30.338 0.6999999881
9676  17.420  -77.849  -31.168 0.6999999881
9679  13.565  -77.842  -30.709 0.6999999881
9687  19.251  -76.872  -31.246 0.5000000000
9690  16.860  -78.033  -31.137 0.6000000238
9691  15.953  -77.931  -31.299 0.6000000238
9698  14.824  -77.674  -31.550 0.5000000000
9699  14.214  -77.356  -31.645 0.5000000000
9700  13.462  -76.782  -31.738 0.6000000238
10198  11.380  -76.050  -21.246 0.6000000238
10199  11.217  -76.139  -20.795 0.6000000238
10200  10.434  -76.303  -20.688 0.8000000119
10211  17.842  -76.689  -21.864 0.6000000238
10212  11.354  -76.073  -21.914 0.8000000119
10214  9.915  -76.456  -21.606 0.6000000238
10225  18.134  -76.504  -22.699 0.6000000238
10226  10.963  -76.300  -22.323 0.6999999881
10239  10.563  -76.294  -22.982 0.6999999881
10240  9.944  -76.494  -23.065 0.6000000238
10249  18.598  -76.435  -24.542 0.6000000238
10264  19.367  -76.893  -26.868 0.6000000238
10265  19.122  -77.290  -26.513 0.5000000000
10266  16.096  -76.029  -27.078 0.5000000000
10276  19.468  -76.889  -27.607 0.6000000238
10277  17.272  -76.184  -28.338 0.5000000000
10280  14.721  -76.045  -27.940 0.6999999881
10292  16.730  -76.602  -28.783 0.6000000238
10293  15.854  -76.735  -28.816 0.6999999881
10302  19.613  -76.881  -30.961 0.5000000000
10303  18.447  -76.887  -31.088 0.5000000000
10306  15.568  -76.965  -29.981 0.6000000238
10309  11.673  -76.207  -29.415 0.6000000238
10313  20.281  -76.153  -31.046 0.5000000000
10315  18.091  -77.565  -31.069 0.6000000238
10316  15.174  -77.198  -31.186 0.6000000238
10317  14.418  -76.338  -31.268 0.6000000238
10319  12.175  -75.807  -30.801 0.6000000238
10327  13.099  -75.852  -31.834 0.6000000238
10844  11.361  -74.723  -17.573 0.6000000238
10863  11.201  -75.434  -19.115 0.8000000119
10890  11.429  -75.622  -20.544 0.6000000238
10892  8.697  -75.539  -20.655 0.6999999881
10902  17.982  -76.059  -21.114 0.5000000000
10903  9.480  -76.180  -20.976 0.6000000238
10904  8.069  -75.208  -21.287 0.6000000238
10908  18.357  -75.510  -22.913 0.6000000238
10910  8.640  -76.017  -22.805 0.5000000000
10911  7.937  -75.115  -22.616 0.5000000000
10918  18.527  -75.668  -23.992 0.6000000238
10919  10.615  -75.780  -23.364 0.6999999881
10932  18.759  -75.847  -24.905 0.6000000238
10936  8.577  -75.930  -25.019 0.5000000000
10951  19.092  -76.184  -25.645 0.6000000238
10956  9.117  -75.257  -25.220 0.5000000000
10970  19.493  -76.281  -26.938 0.6000000238
10973  15.791  -75.767  -26.463 0.5000000000
10993  14.184  -75.585  -27.751 0.6999999881
11011  13.786  -75.066  -29.284 0.6000000238
11023  20.128  -76.361  -30.165 0.5000000000
11026  13.729  -74.837  -30.561 0.6000000238
11035  20.764  -75.252  -31.102 0.5000000000
11036  19.295  -75.680  -31.234 0.5000000000
11037  18.899  -76.137  -31.128 0.5000000000
11046  19.716  -75.764  -31.404 0.5000000000
11047  19.272  -76.404  -31.292 0.5000000000
11048  13.807  -76.085  -31.736 0.5000000000
11049  13.251  -75.214  -31.826 0.5000000000
11051  12.473  -74.723  -31.699 0.6000000238
11569  12.234  -74.280  -15.814 0.6000000238
11571  10.640  -74.335  -15.786 0.6999999881
11582  11.727  -74.537  -16.299 0.6000000238
11584  10.018  -74.543  -16.258 0.8000000119
11585  8.925  -74.411  -16.573 0.8000000119
11587  7.027  -74.127  -16.734 0.6999999881
11600  11.841  -74.464  -16.975 0.6000000238
11603  7.482  -74.497  -17.205 0.6999999881
11605  5.689  -73.976  -17.432 0.5000000000
11619  8.245  -74.718  -17.863 0.6999999881
11622  5.166  -73.982  -18.110 0.5000000000
11638  7.244  -74.520  -20.033 0.6000000238
11639  6.710  -74.154  -19.065 0.5000000000
11654  7.343  -74.688  -20.955 0.5000000000
11667  11.461  -75.648  -21.338 0.6999999881
11668  11.321  -75.073  -21.414 0.6999999881
11669  10.445  -74.392  -21.273 0.5000000000
11671  7.089  -74.153  -21.496 0.5000000000
11682  18.426  -74.289  -22.570 0.5000000000
11684  10.939  -75.383  -22.872 0.6999999881
11697  18.505  -74.621  -23.502 0.5000000000
11700  10.532  -75.115  -23.548 0.6999999881
11710  19.515  -73.385  -24.889 0.5000000000
11718  9.075  -74.432  -25.075 0.5000000000
11731  18.965  -75.188  -25.432 0.6000000238
11735  12.929  -74.108  -25.801 0.6000000238
11747  19.516  -74.197  -26.455 0.6000000238
11749  12.756  -74.119  -26.985 0.6999999881
11760  20.266  -74.265  -28.432 0.5000000000
11763  13.297  -74.521  -28.672 0.6000000238
11764  12.724  -74.058  -28.118 0.6000000238
11779  20.161  -75.542  -29.193 0.5000000000
11796  21.136  -74.778  -30.531 0.5000000000
11798  13.468  -73.901  -30.992 0.5000000000
11806  21.552  -74.444  -31.177 0.5000000000
11807  19.502  -74.856  -31.258 0.5000000000
11808  19.125  -75.046  -30.893 0.5000000000
11809  13.168  -74.110  -31.668 0.5000000000
11810  11.849  -73.891  -31.268 0.6000000238
11819  20.262  -75.074  -31.448 0.5000000000
11820  12.982  -74.414  -31.892 0.5000000000
12421  13.492  -73.450  -15.961 0.4000000060
12423  11.760  -73.871  -15.288 0.6000000238
12441  6.215  -73.882  -16.893 0.6000000238
12442  5.568  -73.572  -17.137 0.5000000000
12452  12.924  -73.977  -16.779 0.4000000060
12480  10.984  -74.194  -19.258 0.5000000000
12528  18.723  -73.709  -22.257 0.5000000000
12545  19.603  -73.275  -23.344 0.5000000000
12546  18.796  -73.699  -23.165 0.5000000000
12597  20.312  -73.052  -26.332 0.5000000000
12598  19.907  -73.531  -26.612 0.5000000000
12620  20.517  -73.417  -27.904 0.5000000000
12634  20.856  -73.722  -28.875 0.5000000000
12652  22.233  -73.800  -30.366 0.5000000000
12653  21.461  -74.191  -29.878 0.5000000000
12668  12.645  -72.968  -31.223 0.5000000000
12681  12.899  -73.643  -31.685 0.5000000000
12682  12.389  -73.300  -31.420 0.5000000000
13286  11.154  -73.251  -15.240 0.6999999881
13301  7.471  -72.887  -16.401 0.6999999881
13317  6.257  -72.450  -17.116 0.6000000238
13318  5.184  -72.956  -17.179 0.5000000000
13393  10.622  -72.731  -21.998 0.5000000000
13423  9.006  -72.590  -24.139 0.5000000000
13433  20.651  -72.760  -25.766 0.5000000000
13435  11.085  -72.459  -26.469 0.6000000238
13436  10.333  -72.080  -26.081 0.6000000238
13437  8.545  -72.530  -25.237 0.6000000238
13452  11.184  -72.476  -27.447 0.6000000238
13467  20.987  -72.754  -27.354 0.5000000000
13470  11.359  -72.256  -28.321 0.5000000000
13493  11.166  -71.683  -29.119 0.5000000000
13507  10.998  -71.522  -29.995 0.4000000060
13518  12.281  -72.445  -30.756 0.5000000000
13520  10.563  -71.606  -30.351 0.5000000000
14242  8.981  -72.032  -24.770 0.6000000238
14269  8.887  -71.655  -26.467 0.6000000238
14279  9.963  -71.520  -27.630 0.6000000238
14885  10.754  -70.595  -15.372 0.6999999881
14886  10.006  -70.706  -15.809 0.8000000119
14896  9.324  -70.748  -16.060 0.6999999881
14907  7.201  -70.092  -17.210 0.6000000238
15595  12.666  -69.765  -12.193 0.4000000060
15596  11.848  -69.433  -12.629 0.4000000060
15642  9.026  -70.019  -15.968 0.6000000238
15643  8.378  -69.830  -16.313 0.6000000238
15644  7.829  -69.538  -16.766 0.6000000238
15657  7.255  -69.092  -17.228 0.5000000000
16386  11.857  -68.528  -11.396 0.4000000060
16402  10.498  -68.556  -13.427 0.6999999881
16425  7.824  -68.422  -15.907 0.6000000238
16437  7.724  -68.519  -16.535 0.5000000000
16452  7.558  -68.313  -17.077 0.6000000238
17186  10.975  -67.330  -10.630 0.6000000238
17199  11.056  -68.009  -11.812 0.6000000238
17201  9.895  -67.232  -12.585 0.8000000119
17210  10.170  -67.788  -13.026 0.8000000119
17235  7.935  -68.331  -15.146 0.6000000238
17949  12.814  -66.758  -6.250 0.3000000119
17990  9.781  -66.612  -10.587 0.6999999881
18816  8.615  -65.198  -4.667 0.5000000000
18860  7.889  -66.182  -6.449 0.6999999881
18902  8.602  -66.411  -11.394 0.6999999881
19722  7.941  -64.775  -4.514 0.6000000238
19740  9.472  -64.770  -4.883 0.4000000060
20612  9.094  -63.312  -5.875 0.4000000060
21429  7.172  -62.864  -4.344 0.6000000238
21456  8.779  -62.594  -5.872 0.5000000000
21473  6.254  -63.119  -7.874 0.5000000000
24084  8.709  -59.611  -9.770 0.3000000119
24918  9.831  -59.153  -5.534 0.5000000000
24933  9.933  -58.755  -6.506 0.4000000060
24934  9.586  -58.235  -6.724 0.5000000000
24935  8.834  -57.879  -6.894 0.5000000000
24953  9.393  -58.198  -7.625 0.3000000119
25819  7.143  -56.802  -5.594 0.4000000060
122629  30.021  -91.925  -9.566 0.3000000119
122842  21.524  -88.708  -6.831 0.3000000119
123021  19.802  -84.256  -30.224 0.6999999881
123195  26.719  -90.067  -15.135 0.5000000000
123752  19.935  -73.032  -24.173 0.5000000000
123883  17.543  -84.501  -23.658 0.6000000238
124084  7.569  -66.056  -11.263 0.8000000119
124208  16.412  -79.669  -23.832 0.6999999881
124343  7.066  -66.136  -12.004 0.6999999881
124396  23.932  -86.870  -14.519 0.5000000000
124441  14.526  -84.207  -29.137 0.6000000238
124883  19.247  -74.143  -25.606 0.6000000238
124908  17.476  -95.854  -10.655 0.4000000060
124922  19.530  -75.229  -27.035 0.6000000238
125044  30.577  -86.716  -26.767 0.3000000119
125385  24.275  -84.869  -31.223 0.6999999881
125511  29.999  -90.481  -9.389 0.3000000119
125661  23.762  -81.481  -31.103 0.6000000238
125696  23.331  -88.760  -21.270 0.3000000119
126385  24.777  -86.984  -14.814 0.5000000000
126546  7.993  -56.769  -3.657 0.3000000119
126610  21.516  -87.855  -7.308 0.3000000119
126629  23.277  -88.369  -14.409 0.4000000060
126763  23.920  -96.162  -12.649 0.4000000060
126804  20.215  -97.574  -8.490 0.4000000060
127148  13.549  -79.612  -24.652 0.6000000238
127301  24.275  -95.969  -13.399 0.3000000119
127425  8.177  -72.286  -25.845 0.5000000000
127627  18.026  -80.558  -19.247 0.6999999881
128287  13.490  -83.247  -20.233 0.5000000000
128462  32.881  -88.905  -16.747 0.3000000119
128560  19.022  -84.474  -20.558 0.8999999762
128764  19.833  -84.583  -20.660 0.6999999881
129280  23.873  -95.979  -10.343 0.4000000060
129385  20.349  -73.171  -27.034 0.5000000000
129805  27.364  -93.390  -14.299 0.5000000000
130218  22.144  -82.987  -27.688 0.6000000238
130389  10.272  -73.382  -15.494 0.6999999881
130452  23.541  -90.082  -24.528 0.4000000060
130704  20.551  -82.676  -30.459 0.8000000119
130945  20.876  -97.299  -8.664 0.4000000060
131580  15.899  -78.578  -29.788 0.6000000238
131606  18.089  -83.953  -16.482 0.8000000119
131677  22.748  -85.962  -6.956 0.3000000119
131756  24.709  -91.797  -11.805 0.4000000060
132046  19.392  -81.915  -16.497 0.6999999881
132110  17.184  -78.650  -25.911 0.6000000238
132368  18.104  -77.425  -23.940 0.5000000000
132571  12.670  -73.261  -25.041 0.5000000000
132619  21.945  -84.452  -30.771 0.6999999881
132852  9.080  -76.217  -24.202 0.5000000000
132936  16.922  -86.217  -17.498 0.6999999881
133009  23.554  -87.658  -14.408 0.5000000000
133040  25.006  -94.964  -8.688 0.4000000060
133109  10.724  -75.684  -19.314 0.8000000119
133264  22.662  -83.051  -24.151 0.5000000000
133295  23.209  -91.807  -10.995 0.4000000060
133533  26.704  -92.648  -15.255 0.5000000000
133537  15.041  -79.501  -25.052 0.6000000238
133727  26.040  -86.410  -14.548 0.5000000000
134023  6.073  -73.670  -19.605 0.5000000000
134271  19.859  -89.574  -13.522 0.4000000060
134379  23.298  -92.618  -10.994 0.4000000060
134389  17.507  -78.189  -22.506 0.5000000000
134393  9.544  -70.212  -15.733 0.6999999881
134504  25.051  -83.553  -26.213 0.4000000060
134730  22.720  -84.992  -29.881 0.6999999881
134960  23.801  -95.578  -4.024 0.3000000119
135455  18.823  -85.424  -28.350 0.6999999881
135462  9.675  -66.676  -9.014 0.6000000238
135556  19.512  -83.630  -30.404 0.6999999881
135572  29.361  -90.472  -20.103 0.3000000119
135841  28.189  -88.500  -18.603 0.3000000119
136457  22.816  -86.310  -14.469 0.4000000060
136577  10.390  -66.421  -5.612 0.4000000060
136610  18.034  -86.314  -18.708 0.6999999881
136758  24.883  -95.030  -6.363 0.4000000060
136765  23.251  -96.421  -10.188 0.4000000060
136952  22.907  -82.683  -27.317 0.5000000000
136961  32.627  -90.665  -12.310 0.3000000119
136970  25.863  -94.929  -14.821 0.3000000119
136981  34.592  -88.819  -13.749 0.3000000119
137129  18.681  -77.023  -25.075 0.6000000238
137212  21.777  -89.396  -8.895 0.3000000119
137380  24.087  -94.724  -10.898 0.4000000060
137676  35.226  -88.080  -10.943 0.3000000119
137712  20.948  -97.414  -10.190 0.4000000060
138156  17.581  -80.435  -20.697 0.5000000000
138276  10.695  -71.325  -29.415 0.5000000000
138404  13.348  -83.843  -21.236 0.6000000238
138443  16.762  -78.533  -30.466 0.6000000238
138551  21.029  -86.726  -26.775 0.6000000238
138784  22.105  -96.607  -8.783 0.5000000000
138798  24.651  -86.141  -17.569 0.4000000060
138833  8.365  -74.600  -17.082 0.6999999881
138906  27.965  -86.271  -14.063 0.4000000060
139738  26.118  -86.506  -19.279 0.3000000119
139748  17.166  -79.165  -24.529 0.6999999881
139940  8.946  -74.652  -17.038 0.6999999881
139948  16.354  -79.217  -25.138 0.6999999881
140151  29.025  -92.597  -11.854 0.3000000119
140400  21.553  -87.303  -7.927 0.3000000119
140491  18.533  -74.375  -30.076 0.5000000000
140500  21.593  -88.855  -8.446 0.3000000119
140572  25.048  -88.897  -15.166 0.5000000000
140630  11.336  -79.076  -25.318 0.6000000238
140662  11.236  -71.258  -15.374 0.6999999881
140868  9.127  -74.950  -18.286 0.6999999881
140880  19.023  -77.278  -31.181 0.5000000000
141028  21.371  -82.407  -30.128 0.8000000119
141055  22.676  -79.382  -21.223 0.5000000000
141072  31.964  -91.480  -11.530 0.3000000119
141548  9.351  -74.109  -16.095 0.8000000119
141575  21.703  -82.765  -18.387 0.6000000238
141645  19.917  -97.809  -9.381 0.4000000060
141918  13.959  -78.800  -28.332 0.6999999881
141942  20.870  -83.486  -26.816 0.8000000119
142002  17.718  -82.752  -29.541 0.6000000238
142066  22.436  -83.391  -21.502 0.6000000238
142269  22.323  -81.976  -20.886 0.6000000238
142395  27.191  -85.437  -30.991 0.4000000060
142666  29.852  -90.044  -22.340 0.3000000119
142668  22.367  -83.466  -22.397 0.5000000000
143007  22.598  -85.967  -14.896 0.5000000000
143031  23.547  -85.993  -16.354 0.4000000060
143089  27.279  -93.159  -14.719 0.5000000000
143407  19.685  -95.902  -7.781 0.4000000060
143416  26.207  -86.222  -18.509 0.3000000119
143638  20.887  -97.236  -10.915 0.4000000060
143639  13.181  -71.534  -15.359 0.4000000060
143746  26.052  -87.019  -20.015 0.3000000119
144064  6.826  -73.487  -16.561 0.6000000238
144092  27.149  -86.189  -22.621 0.4000000060
144216  13.271  -73.497  -17.145 0.4000000060
144567  28.640  -84.383  -27.342 0.4000000060
144623  9.092  -65.068  -4.661 0.4000000060
144831  10.511  -80.996  -23.423 0.6000000238
144837  24.646  -83.130  -31.491 0.6999999881
144989  19.556  -89.513  -14.485 0.4000000060
145216  20.803  -89.624  -13.380 0.4000000060
145277  11.618  -76.684  -28.723 0.5000000000
145378  21.519  -88.769  -6.109 0.3000000119
145495  15.519  -96.908  -10.420 0.4000000060
145831  21.438  -92.699  -13.424 0.4000000060
145926  12.778  -73.154  -29.586 0.5000000000
145947  18.809  -77.832  -28.216 0.6000000238
145953  21.043  -90.143  -13.400 0.4000000060
146200  23.859  -96.228  -11.928 0.4000000060
146439  12.811  -72.801  -30.804 0.5000000000
146873  9.535  -71.180  -28.080 0.5000000000
146995  17.626  -82.876  -16.788 0.6999999881
147018  18.628  -76.182  -30.856 0.5000000000
147160  19.839  -75.807  -28.569 0.5000000000
147390  25.524  -90.551  -15.209 0.5000000000
147623  24.413  -87.382  -17.974 0.4000000060
147896  18.577  -87.925  -20.487 0.6999999881
147910  17.774  -82.262  -17.623 0.6000000238
147939  23.129  -92.653  -9.422 0.4000000060
148096  24.670  -95.235  -9.298 0.4000000060
148375  22.978  -89.068  -21.434 0.3000000119
148379  35.355  -87.589  -11.709 0.3000000119
148505  20.199  -74.924  -28.786 0.5000000000
148537  25.778  -85.791  -14.686 0.5000000000
148602  9.823  -73.099  -22.501 0.5000000000
148646  18.708  -84.498  -20.953 0.8000000119
