#!ascii label  , from subject chris_t1_3 vox2ras=TkReg
269
23059  43.861  -60.378  0.785 0.0000000000
18821  45.313  -65.377  -6.026 0.0000000000
19628  44.452  -64.754  1.818 0.0000000000
20505  48.127  -64.190  0.464 0.0000000000
16275  47.731  -69.042  -1.865 0.0000000000
142526  47.591  -67.831  0.331 0.0000000000
16284  45.508  -69.146  -3.033 0.0000000000
19671  45.702  -64.494  -2.869 0.0000000000
22221  46.391  -62.165  -1.060 0.0000000000
21310  43.837  -63.415  2.566 0.0000000000
19597  47.527  -65.444  2.287 0.0000000000
17862  48.553  -67.060  -0.889 0.0000000000
17115  48.079  -66.859  -4.809 0.0000000000
13948  45.982  -70.837  -5.396 0.0000000000
24807  41.594  -58.498  0.732 0.0000000000
23028  41.169  -61.528  2.914 0.0000000000
21338  41.522  -62.566  1.934 0.0000000000
22218  50.135  -61.972  -1.128 0.0000000000
139726  45.988  -67.740  -2.176 0.0000000000
19707  45.759  -64.409  -4.631 0.0000000000
20562  44.746  -63.336  -3.721 0.0000000000
20462  43.634  -63.643  2.529 0.0000000000
18683  45.451  -65.276  2.277 0.0000000000
16265  47.487  -68.883  -1.146 0.0000000000
127718  48.290  -67.491  0.563 0.0000000000
17086  48.487  -67.689  -1.517 0.0000000000
17886  48.434  -66.742  -2.857 0.0000000000
16283  47.891  -68.364  -3.029 0.0000000000
131889  47.152  -69.921  -7.258 0.0000000000
22195  40.517  -61.580  2.715 0.0000000000
21313  41.665  -62.419  2.698 0.0000000000
22208  40.479  -61.649  1.805 0.0000000000
132426  48.565  -63.334  0.735 0.0000000000
21349  49.307  -62.483  -0.318 0.0000000000
23101  45.306  -60.615  -1.464 0.0000000000
23099  47.383  -61.146  -1.796 0.0000000000
18731  44.949  -65.235  -0.091 0.0000000000
18719  46.018  -66.116  1.240 0.0000000000
17864  45.828  -66.747  -1.219 0.0000000000
143532  47.078  -68.585  -0.910 0.0000000000
15483  46.817  -70.201  -1.840 0.0000000000
19637  46.379  -64.514  -0.866 0.0000000000
138580  47.366  -63.602  -0.285 0.0000000000
137999  45.442  -63.215  -1.217 0.0000000000
21372  44.288  -62.183  -1.739 0.0000000000
17942  44.260  -66.474  -7.294 0.0000000000
22191  44.036  -61.991  1.580 0.0000000000
20479  47.100  -63.997  1.605 0.0000000000
19627  48.335  -65.325  1.286 0.0000000000
17811  47.342  -66.888  1.601 0.0000000000
18718  48.386  -66.146  1.360 0.0000000000
18728  47.935  -65.887  0.006 0.0000000000
18747  47.211  -65.764  -1.791 0.0000000000
18785  47.297  -65.451  -3.997 0.0000000000
144527  47.063  -65.967  -5.793 0.0000000000
15492  46.788  -69.911  -3.547 0.0000000000
15503  46.761  -68.937  -5.053 0.0000000000
17132  47.252  -67.709  -6.804 0.0000000000
17955  45.568  -67.248  -7.440 0.0000000000
24823  42.972  -58.131  -0.106 0.0000000000
23925  42.565  -59.454  0.924 0.0000000000
23904  41.282  -59.823  2.091 0.0000000000
23041  43.162  -60.810  1.455 0.0000000000
22183  42.483  -62.602  2.764 0.0000000000
20463  42.873  -63.210  2.793 0.0000000000
20494  43.058  -63.687  1.834 0.0000000000
21353  42.676  -62.858  -0.678 0.0000000000
145629  43.967  -64.144  -0.330 0.0000000000
140327  48.284  -62.390  -1.130 0.0000000000
23923  44.500  -59.650  0.480 0.0000000000
24803  44.787  -58.893  0.105 0.0000000000
19728  45.955  -64.889  -5.317 0.0000000000
146720  45.269  -64.155  -5.090 0.0000000000
19619  43.966  -64.295  2.397 0.0000000000
19618  44.786  -64.787  2.286 0.0000000000
18703  45.238  -65.385  1.742 0.0000000000
16264  47.807  -68.768  -1.177 0.0000000000
16248  48.287  -68.210  -0.908 0.0000000000
16282  48.250  -68.141  -2.307 0.0000000000
13180  45.607  -72.245  -7.298 0.0000000000
20493  48.429  -64.276  0.997 0.0000000000
20492  48.662  -63.193  0.352 0.0000000000
146889  46.409  -60.017  -1.995 0.0000000000
18730  45.539  -66.073  -0.513 0.0000000000
146418  45.367  -66.032  -1.294 0.0000000000
138704  45.826  -68.404  -2.582 0.0000000000
17087  46.333  -67.722  -1.438 0.0000000000
17100  46.502  -68.704  -1.640 0.0000000000
16276  47.006  -69.462  -1.424 0.0000000000
16277  46.305  -69.709  -1.964 0.0000000000
19652  45.910  -64.520  -1.683 0.0000000000
20507  45.828  -63.948  -0.988 0.0000000000
20525  45.202  -63.759  -1.972 0.0000000000
20547  44.607  -63.211  -2.660 0.0000000000
21390  44.186  -62.559  -2.467 0.0000000000
22245  43.946  -61.449  -1.764 0.0000000000
22190  44.905  -62.089  1.274 0.0000000000
21322  44.339  -62.797  1.955 0.0000000000
142958  48.305  -63.909  1.196 0.0000000000
19617  48.011  -64.799  1.619 0.0000000000
17828  46.709  -66.878  1.010 0.0000000000
17812  46.565  -66.407  1.655 0.0000000000
17055  47.429  -67.493  0.919 0.0000000000
17839  48.519  -67.303  -0.099 0.0000000000
17827  48.506  -66.721  0.685 0.0000000000
17840  48.422  -66.681  -0.097 0.0000000000
130300  48.370  -65.938  0.852 0.0000000000
18746  47.913  -66.456  -1.089 0.0000000000
18729  47.317  -65.648  -0.844 0.0000000000
17114  48.361  -66.853  -3.903 0.0000000000
18765  48.009  -66.164  -3.467 0.0000000000
18803  48.178  -66.228  -4.687 0.0000000000
18804  47.674  -65.630  -4.792 0.0000000000
17926  47.759  -66.586  -5.481 0.0000000000
11417  43.667  -75.051  -4.001 0.0000000000
13170  45.452  -72.150  -5.720 0.0000000000
12281  44.881  -72.883  -4.997 0.0000000000
13933  45.549  -71.554  -4.783 0.0000000000
14747  46.218  -70.458  -4.370 0.0000000000
14756  46.379  -70.281  -5.735 0.0000000000
15539  47.020  -69.711  -7.663 0.0000000000
139919  47.213  -69.271  -7.466 0.0000000000
16333  47.037  -68.830  -7.717 0.0000000000
17133  46.883  -67.971  -7.498 0.0000000000
140659  46.577  -68.350  -7.721 0.0000000000
25700  42.156  -57.949  0.072 0.0000000000
24806  42.415  -58.659  0.517 0.0000000000
24805  43.233  -58.826  0.417 0.0000000000
23884  40.653  -60.674  2.888 0.0000000000
23042  41.611  -60.642  2.391 0.0000000000
23903  42.480  -60.346  1.596 0.0000000000
22193  42.197  -61.500  2.505 0.0000000000
21312  42.314  -62.865  2.830 0.0000000000
21324  42.070  -63.003  2.377 0.0000000000
20483  42.631  -63.278  2.549 0.0000000000
20495  42.495  -63.350  1.851 0.0000000000
20529  42.258  -63.067  -1.870 0.0000000000
20509  42.985  -63.302  0.695 0.0000000000
21352  46.124  -62.828  -0.836 0.0000000000
21351  47.707  -62.775  -0.683 0.0000000000
22242  47.258  -61.863  -1.330 0.0000000000
22265  49.815  -61.651  -2.406 0.0000000000
19689  46.306  -64.664  -4.011 0.0000000000
20546  45.057  -63.776  -3.044 0.0000000000
20481  44.749  -63.431  2.169 0.0000000000
20461  44.728  -64.065  2.536 0.0000000000
19598  46.514  -65.239  2.445 0.0000000000
16250  47.628  -68.511  -0.595 0.0000000000
17066  47.934  -68.083  -0.009 0.0000000000
16249  47.906  -68.464  -0.644 0.0000000000
17861  48.485  -67.606  -0.825 0.0000000000
144452  48.552  -67.291  -1.457 0.0000000000
138546  48.476  -66.906  -1.850 0.0000000000
17885  48.558  -67.183  -2.190 0.0000000000
17105  48.391  -67.500  -3.078 0.0000000000
141357  48.069  -67.394  -3.979 0.0000000000
14770  46.659  -70.661  -6.802 0.0000000000
13966  46.220  -71.418  -7.128 0.0000000000
140049  46.275  -71.160  -7.276 0.0000000000
22186  40.535  -61.341  2.920 0.0000000000
22185  41.040  -61.952  2.977 0.0000000000
22194  40.973  -62.137  2.455 0.0000000000
22207  41.178  -61.946  1.283 0.0000000000
21334  49.090  -62.664  0.220 0.0000000000
122952  45.979  -61.334  -1.290 0.0000000000
141835  46.663  -61.200  -1.522 0.0000000000
23100  46.309  -60.587  -1.662 0.0000000000
23125  47.154  -60.379  -2.186 0.0000000000
144820  44.874  -65.127  0.972 0.0000000000
18720  45.469  -65.707  0.580 0.0000000000
17842  46.113  -66.552  0.350 0.0000000000
17863  46.616  -67.641  -0.632 0.0000000000
17067  47.366  -68.096  -0.249 0.0000000000
15478  47.251  -69.484  -1.553 0.0000000000
19636  47.221  -64.999  -0.198 0.0000000000
20506  46.796  -64.148  -0.409 0.0000000000
144130  46.237  -63.556  -0.750 0.0000000000
20526  44.661  -62.934  -1.762 0.0000000000
22243  45.452  -61.910  -1.200 0.0000000000
123549  45.104  -61.236  -1.301 0.0000000000
23102  44.420  -60.796  -1.561 0.0000000000
18836  44.740  -65.943  -6.702 0.0000000000
23040  43.935  -61.083  1.220 0.0000000000
147235  44.487  -60.499  0.687 0.0000000000
23058  44.900  -61.215  0.842 0.0000000000
19635  48.176  -65.152  0.777 0.0000000000
18680  47.851  -65.984  2.332 0.0000000000
17046  48.177  -67.372  1.168 0.0000000000
18700  48.209  -66.370  1.870 0.0000000000
19616  48.192  -65.675  1.910 0.0000000000
19651  46.605  -65.147  -1.240 0.0000000000
19670  46.399  -65.180  -2.280 0.0000000000
130216  47.955  -66.426  -2.419 0.0000000000
18766  47.259  -65.694  -2.910 0.0000000000
129061  46.535  -65.139  -3.267 0.0000000000
19706  46.725  -65.081  -4.713 0.0000000000
18819  46.999  -65.485  -5.309 0.0000000000
18820  46.265  -65.688  -5.876 0.0000000000
127868  46.551  -70.600  -2.069 0.0000000000
11416  44.158  -74.363  -4.518 0.0000000000
14736  46.619  -70.860  -3.149 0.0000000000
139665  47.421  -69.617  -2.567 0.0000000000
132419  47.296  -68.975  -3.630 0.0000000000
16288  47.484  -68.071  -4.344 0.0000000000
16299  47.332  -68.059  -5.634 0.0000000000
15514  46.787  -69.776  -6.412 0.0000000000
16315  47.303  -68.130  -6.580 0.0000000000
17124  47.550  -67.313  -5.809 0.0000000000
136984  46.920  -67.115  -6.871 0.0000000000
18834  46.577  -66.353  -6.397 0.0000000000
18835  45.653  -66.148  -6.547 0.0000000000
17956  44.692  -67.050  -7.517 0.0000000000
25715  43.553  -57.609  -0.609 0.0000000000
25716  42.710  -57.476  -0.566 0.0000000000
24822  43.780  -58.361  -0.206 0.0000000000
24804  44.066  -58.933  0.309 0.0000000000
23924  43.382  -59.787  0.726 0.0000000000
23905  40.497  -59.710  2.529 0.0000000000
23926  41.827  -59.180  1.216 0.0000000000
22192  43.154  -61.821  2.074 0.0000000000
21323  43.321  -62.800  2.629 0.0000000000
22184  41.723  -62.290  2.819 0.0000000000
143862  42.727  -63.050  2.866 0.0000000000
21311  43.125  -63.226  2.763 0.0000000000
20482  43.283  -63.639  2.452 0.0000000000
19629  43.686  -64.280  1.847 0.0000000000
19639  43.620  -63.873  0.666 0.0000000000
19638  44.322  -64.536  0.575 0.0000000000
21350  48.771  -63.254  -0.111 0.0000000000
21370  49.276  -62.556  -0.820 0.0000000000
21348  49.941  -62.216  -0.954 0.0000000000
129750  48.708  -61.920  -1.662 0.0000000000
22241  49.966  -62.032  -1.598 0.0000000000
12282  44.538  -73.638  -4.149 0.0000000000
14790  46.719  -70.541  -7.281 0.0000000000
15504  46.456  -69.820  -5.065 0.0000000000
15513  47.187  -68.998  -6.744 0.0000000000
16274  48.254  -68.281  -1.586 0.0000000000
16316  47.247  -68.534  -7.284 0.0000000000
16334  45.905  -68.226  -7.681 0.0000000000
17047  47.882  -67.396  1.272 0.0000000000
17054  47.972  -67.704  0.746 0.0000000000
17065  48.247  -67.911  -0.277 0.0000000000
17099  48.476  -67.598  -2.277 0.0000000000
17134  46.324  -67.407  -7.381 0.0000000000
17147  46.108  -67.802  -7.599 0.0000000000
17794  47.622  -66.441  2.148 0.0000000000
17809  48.382  -66.906  1.297 0.0000000000
17810  48.055  -67.003  1.668 0.0000000000
17841  46.826  -67.471  0.240 0.0000000000
17902  48.554  -67.035  -3.043 0.0000000000
17903  48.296  -66.503  -3.752 0.0000000000
17927  47.328  -66.486  -6.034 0.0000000000
17939  47.423  -67.026  -6.250 0.0000000000
17940  46.039  -66.824  -7.061 0.0000000000
17941  45.121  -66.672  -7.149 0.0000000000
17957  43.833  -66.864  -7.663 0.0000000000
18681  47.115  -65.875  2.457 0.0000000000
18682  46.186  -65.544  2.363 0.0000000000
18784  48.084  -65.931  -4.245 0.0000000000
18818  47.699  -65.962  -5.398 0.0000000000
19600  44.443  -64.321  2.428 0.0000000000
21371  45.035  -62.417  -1.322 0.0000000000
21391  43.724  -61.988  -2.345 0.0000000000
22244  44.670  -61.652  -1.435 0.0000000000
128091  46.202  -66.902  -0.383 0.0000000000
135058  47.744  -67.396  -4.909 0.0000000000
141637  48.369  -66.328  0.428 0.0000000000
147961  41.976  -59.874  1.610 0.0000000000
