#!ascii label  , from subject chris_t1_3 vox2ras=TkReg
2048
139256  43.757  -75.074  -13.714 0.2000000030
11534  43.056  -74.296  -12.830 0.2000000030
136982  44.427  -74.641  -13.670 0.2000000030
11548  42.307  -74.739  -13.443 0.2000000030
11563  44.190  -74.859  -14.672 0.1000000015
12377  42.583  -73.742  -11.887 0.3000000119
11533  43.987  -74.290  -13.026 0.2000000030
136194  43.935  -75.556  -14.651 0.1000000015
10793  43.779  -75.719  -14.599 0.2000000030
11546  44.828  -74.367  -13.852 0.1000000015
11557  44.501  -74.689  -14.169 0.1000000015
12408  44.876  -74.069  -14.332 0.1000000015
12413  45.492  -73.322  -14.839 0.1000000015
12414  44.628  -73.725  -14.991 0.1000000015
14092  45.779  -72.499  -15.941 0.1000000015
12429  45.371  -73.332  -15.752 0.1000000015
148586  45.966  -72.998  -16.435 0.1000000015
14093  45.145  -71.798  -15.999 0.2000000030
14113  45.707  -72.368  -16.702 0.1000000015
13262  45.270  -72.395  -13.127 0.1000000015
14058  44.993  -71.791  -12.910 0.1000000015
11532  44.686  -73.937  -13.212 0.2000000030
145292  45.856  -72.536  -14.210 0.1000000015
12401  45.325  -73.589  -13.665 0.1000000015
11556  45.323  -73.720  -14.134 0.1000000015
13276  45.831  -72.446  -14.657 0.1000000015
14094  43.768  -71.514  -15.564 0.1000000015
14116  42.678  -70.887  -16.840 0.2000000030
14095  42.871  -71.300  -16.215 0.2000000030
14902  41.943  -69.923  -17.275 0.1000000015
14115  43.864  -71.343  -16.669 0.2000000030
15649  41.953  -69.274  -17.280 0.2000000030
16427  43.025  -68.353  -17.239 0.1000000015
17242  43.093  -67.729  -16.374 0.1000000015
127573  45.787  -71.983  -14.010 0.1000000015
14074  44.399  -71.486  -12.985 0.1000000015
14084  45.713  -72.140  -15.024 0.1000000015
16429  40.871  -69.020  -16.623 0.2000000030
16415  41.444  -68.348  -16.465 0.2000000030
17226  41.578  -67.587  -15.630 0.2000000030
17243  42.150  -67.802  -16.267 0.2000000030
17225  42.718  -67.271  -15.507 0.1000000015
17224  43.731  -66.941  -15.464 0.2000000030
14085  45.342  -71.709  -14.440 0.1000000015
130662  43.786  -71.440  -13.808 0.1000000015
14086  44.346  -71.543  -14.553 0.1000000015
137007  42.429  -71.414  -15.591 0.2000000030
14097  40.532  -70.661  -15.822 0.2000000030
14890  40.875  -70.219  -16.469 0.3000000119
18026  42.241  -66.408  -14.043 0.3000000119
18025  43.093  -66.236  -14.149 0.2000000030
18036  44.202  -66.295  -14.749 0.2000000030
17222  45.474  -66.361  -15.621 0.2000000030
15631  40.191  -69.982  -16.126 0.3000000119
14117  41.979  -71.100  -16.322 0.2000000030
18027  41.308  -66.535  -13.977 0.3000000119
18013  41.207  -66.043  -13.301 0.3000000119
18921  41.851  -65.409  -13.028 0.3000000119
18011  42.840  -65.913  -13.711 0.3000000119
18010  43.424  -65.899  -14.066 0.2000000030
18023  44.816  -65.772  -15.092 0.2000000030
18945  45.462  -65.783  -15.643 0.2000000030
18908  40.028  -65.041  -12.370 0.4000000060
18028  40.373  -66.667  -13.862 0.3000000119
18014  40.178  -66.123  -13.170 0.3000000119
16417  39.881  -68.619  -15.690 0.2000000030
17227  40.550  -67.772  -15.355 0.2000000030
18905  42.194  -64.744  -13.063 0.3000000119
18932  44.003  -65.436  -14.623 0.2000000030
19812  42.765  -64.844  -13.636 0.2000000030
138390  44.270  -65.349  -15.197 0.2000000030
19803  40.601  -64.257  -11.966 0.3000000119
18922  41.096  -65.476  -12.767 0.3000000119
19813  42.123  -64.205  -13.363 0.2000000030
18934  42.345  -64.650  -14.732 0.2000000030
147843  42.267  -64.232  -13.903 0.2000000030
18948  41.981  -65.300  -15.331 0.1000000015
19835  43.558  -64.958  -14.793 0.2000000030
18966  42.410  -65.628  -15.974 0.2000000030
18947  43.011  -64.805  -15.179 0.2000000030
18965  44.372  -65.347  -15.803 0.2000000030
19791  40.965  -63.358  -11.630 0.3000000119
19790  41.345  -63.464  -12.090 0.3000000119
19802  41.289  -64.128  -12.157 0.3000000119
144246  41.092  -62.500  -12.078 0.2000000030
20663  41.490  -63.546  -12.598 0.3000000119
21523  40.667  -62.475  -12.555 0.2000000030
19801  41.769  -64.115  -12.577 0.3000000119
20669  41.548  -63.540  -13.219 0.1000000015
19821  41.276  -64.296  -14.321 0.1000000015
18949  40.428  -65.569  -15.563 0.1000000015
18936  40.278  -65.027  -14.794 0.1000000015
20681  40.005  -63.813  -13.987 0.1000000015
18967  41.446  -65.969  -16.176 0.1000000015
21501  40.003  -62.259  -10.663 0.3000000119
21500  40.647  -61.987  -11.190 0.2000000030
22367  40.452  -61.424  -11.221 0.2000000030
22383  39.918  -61.099  -11.502 0.2000000030
23255  38.070  -60.096  -11.777 0.1000000015
21516  40.299  -61.757  -12.024 0.1000000015
21517  39.244  -61.749  -12.350 0.1000000015
21524  39.634  -62.408  -12.825 0.1000000015
20671  39.887  -63.057  -13.371 0.1000000015
19836  39.173  -65.009  -15.108 0.1000000015
18951  38.752  -65.362  -15.811 0.1000000015
21481  40.286  -61.464  -10.699 0.2000000030
22384  38.033  -60.913  -12.188 0.1000000015
22400  37.037  -61.524  -12.867 0.1000000015
133365  38.285  -62.549  -13.213 0.1000000015
133917  38.018  -63.430  -13.964 0.1000000015
20672  38.924  -63.073  -13.454 0.1000000015
20683  37.259  -63.602  -14.695 0.1000000015
19824  38.017  -64.156  -14.608 0.1000000015
22401  36.319  -61.274  -13.328 0.1000000015
20694  36.800  -63.490  -15.473 0.1000000015
19855  37.652  -64.566  -16.087 0.1000000015
22385  36.996  -60.785  -12.577 0.1000000015
13278  45.833  -72.699  -15.454 0.1000000015
12390  45.572  -72.970  -13.555 0.1000000015
133204  42.976  -69.774  -17.812 0.1000000015
22190  44.905  -62.089  1.274 0.5000000000
22192  43.154  -61.821  2.074 0.5000000000
22191  44.036  -61.991  1.580 0.5000000000
23058  44.900  -61.215  0.842 0.5000000000
23057  46.022  -60.917  0.512 0.5000000000
22186  40.535  -61.341  2.920 0.2000000030
22185  41.040  -61.952  2.977 0.2000000030
23028  41.169  -61.528  2.914 0.3000000119
22193  42.197  -61.500  2.505 0.3000000119
23041  43.162  -60.810  1.455 0.5000000000
23059  43.861  -60.378  0.785 0.5000000000
23040  43.935  -61.083  1.220 0.5000000000
147235  44.487  -60.499  0.687 0.5000000000
22206  45.870  -61.806  0.875 0.5000000000
21336  46.951  -62.466  1.038 0.5000000000
20493  48.429  -64.276  0.997 0.5000000000
23884  40.653  -60.674  2.888 0.3000000119
23042  41.611  -60.642  2.391 0.3000000119
23923  44.500  -59.650  0.480 0.5000000000
126895  45.278  -60.236  0.462 0.5000000000
22205  47.120  -61.637  0.575 0.5000000000
22204  48.378  -61.915  0.384 0.5000000000
18746  47.913  -66.456  -1.089 0.4000000060
18729  47.317  -65.648  -0.844 0.5000000000
18728  47.935  -65.887  0.006 0.5000000000
19635  48.176  -65.152  0.777 0.5000000000
132426  48.565  -63.334  0.735 0.5000000000
130216  47.955  -66.426  -2.419 0.4000000060
148273  40.075  -60.865  3.098 0.3000000119
23904  41.282  -59.823  2.091 0.4000000060
23903  42.480  -60.346  1.596 0.5000000000
23925  42.565  -59.454  0.924 0.5000000000
23924  43.382  -59.787  0.726 0.5000000000
24804  44.066  -58.933  0.309 0.5000000000
24803  44.787  -58.893  0.105 0.5000000000
23946  45.549  -59.270  0.063 0.5000000000
142652  47.019  -60.800  0.280 0.5000000000
21334  49.090  -62.664  0.220 0.6000000238
19636  47.221  -64.999  -0.198 0.5000000000
20492  48.662  -63.193  0.352 0.5000000000
17114  48.361  -66.853  -3.903 0.4000000060
17886  48.434  -66.742  -2.857 0.4000000060
18747  47.211  -65.764  -1.791 0.5000000000
23909  35.317  -59.574  1.602 0.1000000015
23889  36.826  -59.057  2.704 0.1000000015
129827  36.070  -58.452  2.640 0.1000000015
23907  37.337  -59.500  2.261 0.1000000015
24773  37.599  -58.823  3.135 0.1000000015
23888  37.862  -59.421  3.037 0.1000000015
24772  38.257  -59.155  3.201 0.1000000015
25675  38.025  -58.339  3.048 0.1000000015
23029  39.611  -60.560  3.099 0.2000000030
23886  39.254  -60.061  3.257 0.1000000015
23885  39.910  -60.309  3.086 0.3000000119
23905  40.497  -59.710  2.529 0.4000000060
24784  41.087  -59.017  1.629 0.4000000060
24806  42.415  -58.659  0.517 0.4000000060
24805  43.233  -58.826  0.417 0.5000000000
24822  43.780  -58.361  -0.206 0.5000000000
24821  44.448  -58.490  -0.194 0.5000000000
145099  47.665  -61.296  0.326 0.5000000000
20505  48.127  -64.190  0.464 0.5000000000
18765  48.009  -66.164  -3.467 0.4000000060
16299  47.332  -68.059  -5.634 0.5000000000
137495  33.380  -61.189  3.873 0.1000000015
23032  33.518  -60.820  3.078 0.1000000015
23031  34.221  -59.971  2.192 0.1000000015
123251  34.857  -59.442  2.150 0.1000000015
23890  35.633  -59.019  2.279 0.1000000015
147252  35.592  -58.188  2.795 0.1000000015
23891  34.356  -59.262  2.714 0.1000000015
24775  35.127  -58.677  2.610 0.1000000015
24774  36.906  -58.287  3.017 0.1000000015
25703  39.308  -57.135  0.606 0.2000000030
26617  38.508  -56.741  0.751 0.2000000030
141954  38.640  -60.195  3.041 0.1000000015
23887  38.642  -59.825  3.139 0.1000000015
24787  38.711  -58.585  2.790 0.1000000015
25687  39.269  -57.882  1.722 0.2000000030
24771  38.929  -59.410  3.147 0.2000000030
24786  39.508  -58.724  2.422 0.1000000015
25702  40.524  -57.748  0.530 0.2000000030
26630  38.897  -56.458  -0.127 0.2000000030
24770  39.704  -59.551  2.851 0.2000000030
24785  40.309  -58.871  2.038 0.2000000030
25701  41.325  -57.848  0.256 0.3000000119
25700  42.156  -57.949  0.072 0.4000000060
24823  42.972  -58.131  -0.106 0.5000000000
21351  47.707  -62.775  -0.683 0.5000000000
21370  49.276  -62.556  -0.820 0.5000000000
21349  49.307  -62.483  -0.318 0.5000000000
138580  47.366  -63.602  -0.285 0.5000000000
21350  48.771  -63.254  -0.111 0.5000000000
23945  46.606  -59.475  -0.263 0.5000000000
19637  46.379  -64.514  -0.866 0.5000000000
20506  46.796  -64.148  -0.409 0.5000000000
22219  49.612  -62.296  -0.450 0.5000000000
18766  47.259  -65.694  -2.910 0.5000000000
19651  46.605  -65.147  -1.240 0.5000000000
22220  49.201  -62.104  0.011 0.6000000238
17115  48.079  -66.859  -4.809 0.4000000060
22158  33.512  -61.153  5.434 0.1000000015
23022  33.435  -60.316  3.798 0.1000000015
132567  33.478  -59.453  3.812 0.1000000015
124392  32.957  -58.579  5.185 0.1000000015
23892  33.742  -59.904  2.994 0.1000000015
23881  33.864  -59.007  3.320 0.1000000015
139734  35.122  -57.930  2.948 0.1000000015
24762  36.081  -57.712  2.994 0.1000000015
25677  36.796  -57.403  3.112 0.1000000015
26594  37.228  -57.005  2.898 0.1000000015
26607  37.566  -56.661  2.076 0.2000000030
25688  38.499  -57.756  2.334 0.1000000015
26606  38.220  -57.027  1.748 0.2000000030
25718  40.948  -57.281  -0.285 0.3000000119
26629  39.645  -56.676  -0.230 0.2000000030
25717  41.836  -57.376  -0.466 0.3000000119
26628  40.436  -56.489  -0.713 0.2000000030
25716  42.710  -57.476  -0.566 0.4000000060
26626  42.427  -56.804  -1.033 0.3000000119
25715  43.553  -57.609  -0.609 0.4000000060
22241  49.966  -62.032  -1.598 0.5000000000
22240  50.308  -61.790  -1.711 0.5000000000
22218  50.135  -61.972  -1.128 0.5000000000
25714  44.390  -57.858  -0.607 0.5000000000
23121  50.741  -61.040  -2.819 0.5000000000
23960  50.919  -60.518  -2.740 0.5000000000
130590  50.756  -60.818  -2.065 0.5000000000
23098  50.199  -61.093  -1.317 0.5000000000
23077  49.546  -61.690  -0.527 0.6000000238
24820  45.210  -58.331  -0.482 0.5000000000
23961  50.543  -60.271  -1.991 0.5000000000
23962  49.382  -59.882  -1.330 0.5000000000
23056  47.064  -60.239  -0.122 0.5000000000
23944  48.877  -60.488  -0.728 0.5000000000
23078  48.191  -61.053  -0.078 0.5000000000
15514  46.787  -69.776  -6.412 0.4000000060
16315  47.303  -68.130  -6.580 0.4000000060
141357  48.069  -67.394  -3.979 0.4000000060
26542  32.940  -56.645  6.102 0.1000000015
125112  33.022  -57.807  4.811 0.1000000015
26576  33.669  -56.369  4.404 0.1000000015
122670  33.451  -58.633  3.879 0.1000000015
24764  33.487  -57.769  3.970 0.1000000015
25671  33.905  -56.874  3.895 0.1000000015
140066  33.839  -58.276  3.476 0.1000000015
25670  34.349  -57.564  3.404 0.1000000015
130217  34.749  -56.593  3.569 0.1000000015
26585  36.171  -57.011  3.225 0.1000000015
26595  36.463  -56.516  3.040 0.1000000015
27493  37.123  -56.035  1.332 0.2000000030
27503  37.348  -55.784  0.351 0.2000000030
27502  38.075  -56.163  0.036 0.2000000030
27512  39.513  -56.049  -0.765 0.2000000030
29458  45.464  -53.812  -5.641 0.2000000030
28506  46.215  -54.332  -5.052 0.2000000030
28490  46.120  -54.349  -3.924 0.2000000030
28474  46.213  -54.521  -3.103 0.2000000030
28462  45.546  -54.428  -2.662 0.2000000030
26627  41.501  -56.667  -0.903 0.2000000030
28488  47.401  -55.081  -3.801 0.2000000030
27555  47.616  -55.391  -3.273 0.2000000030
27542  46.819  -55.323  -2.560 0.2000000030
129373  46.246  -55.486  -2.234 0.2000000030
27543  45.554  -54.993  -2.236 0.3000000119
27523  45.407  -55.806  -1.895 0.4000000060
26669  49.075  -56.503  -3.514 0.2000000030
27540  48.186  -56.119  -2.985 0.3000000119
26658  47.730  -56.300  -2.544 0.3000000119
26637  47.156  -56.712  -2.019 0.4000000060
26659  46.972  -55.863  -2.301 0.3000000119
26638  46.279  -56.325  -1.823 0.4000000060
26639  45.514  -56.591  -1.556 0.5000000000
26641  43.956  -56.341  -1.525 0.4000000060
25735  44.169  -57.136  -1.185 0.5000000000
127135  51.088  -59.876  -3.312 0.5000000000
128296  50.365  -58.399  -3.043 0.4000000060
25749  49.163  -57.695  -2.585 0.4000000060
25750  48.056  -57.191  -2.301 0.4000000060
25731  47.470  -57.625  -1.627 0.5000000000
25732  46.590  -57.265  -1.510 0.5000000000
25733  45.897  -57.065  -1.431 0.5000000000
25734  45.113  -57.325  -1.143 0.5000000000
24851  49.698  -58.573  -2.414 0.5000000000
24830  49.643  -59.215  -1.929 0.5000000000
138499  48.647  -58.993  -1.428 0.5000000000
23963  48.196  -59.378  -0.921 0.5000000000
137851  47.632  -59.881  -0.457 0.5000000000
24818  47.218  -58.884  -0.605 0.5000000000
24819  46.225  -58.616  -0.523 0.5000000000
130665  33.128  -56.098  6.874 0.1000000015
140331  33.176  -56.929  6.820 0.1000000015
27451  33.383  -55.330  5.285 0.1000000015
27466  33.710  -55.682  4.563 0.1000000015
27465  34.285  -55.272  4.043 0.1000000015
26596  35.773  -55.761  3.112 0.1000000015
27474  35.263  -55.202  3.216 0.1000000015
27494  36.507  -55.589  1.661 0.2000000030
28415  36.022  -54.975  1.059 0.2000000030
27504  36.646  -55.426  0.698 0.2000000030
27513  38.622  -55.727  -0.689 0.2000000030
29459  44.609  -53.456  -5.373 0.1000000015
29443  45.241  -53.834  -4.454 0.2000000030
28475  45.428  -54.011  -3.319 0.2000000030
26644  41.154  -55.911  -1.340 0.2000000030
29460  43.840  -53.086  -5.131 0.1000000015
29444  44.357  -53.426  -4.557 0.1000000015
29430  44.489  -53.548  -3.554 0.1000000015
28476  44.811  -53.860  -2.701 0.1000000015
27544  44.861  -54.467  -2.275 0.1000000015
27524  44.769  -55.156  -1.989 0.2000000030
26643  42.118  -56.039  -1.440 0.2000000030
28445  44.217  -54.664  -2.039 0.1000000015
145975  44.568  -55.819  -1.766 0.3000000119
26642  43.072  -56.137  -1.451 0.2000000030
24832  46.852  -58.099  -1.058 0.5000000000
25713  45.986  -57.766  -0.976 0.5000000000
24831  47.766  -58.503  -1.235 0.5000000000
139783  33.352  -56.067  7.681 0.1000000015
28352  33.149  -54.325  6.370 0.1000000015
124509  33.147  -54.991  5.914 0.1000000015
28370  33.422  -54.356  5.419 0.1000000015
128902  33.529  -53.387  5.185 0.1000000015
28387  33.729  -54.859  4.638 0.1000000015
28400  34.493  -54.029  3.248 0.1000000015
29348  34.033  -53.607  3.974 0.1000000015
28399  35.012  -54.656  3.038 0.1000000015
28416  35.424  -54.409  1.532 0.2000000030
27515  36.861  -55.165  -0.187 0.2000000030
27514  37.694  -55.400  -0.567 0.2000000030
28438  37.202  -54.788  -0.717 0.2000000030
27529  39.289  -55.272  -1.338 0.2000000030
27528  40.198  -55.661  -1.287 0.2000000030
30390  43.374  -52.535  -5.649 0.1000000015
29431  43.617  -53.211  -3.338 0.1000000015
29415  44.122  -53.537  -2.818 0.1000000015
28463  44.037  -53.940  -2.260 0.1000000015
27527  41.808  -55.181  -1.595 0.1000000015
129416  40.850  -55.115  -1.574 0.2000000030
29416  43.403  -53.435  -2.682 0.1000000015
27525  43.845  -55.396  -1.758 0.2000000030
29301  33.418  -53.162  7.885 0.1000000015
29319  33.187  -53.482  7.032 0.1000000015
130079  34.357  -51.667  7.048 0.1000000015
122928  33.361  -53.489  6.035 0.1000000015
31250  33.869  -51.806  5.319 0.1000000015
30280  33.678  -52.442  4.919 0.1000000015
29359  34.208  -53.067  3.307 0.1000000015
29349  33.717  -53.240  4.533 0.1000000015
29369  34.570  -53.306  2.499 0.1000000015
29375  35.326  -53.728  0.897 0.1000000015
28427  35.698  -54.273  0.608 0.1000000015
29381  35.611  -53.558  0.273 0.1000000015
139910  35.922  -54.114  -0.053 0.1000000015
144661  36.569  -54.299  -0.538 0.2000000030
27531  37.659  -54.816  -1.088 0.2000000030
27530  38.305  -55.083  -1.220 0.2000000030
28450  38.814  -54.537  -1.587 0.2000000030
28449  39.674  -54.538  -1.699 0.2000000030
138251  40.517  -54.475  -1.765 0.1000000015
143872  40.084  -55.033  -1.576 0.2000000030
31410  42.296  -51.100  -6.429 0.1000000015
31395  42.013  -51.678  -5.233 0.1000000015
30378  42.344  -52.274  -4.604 0.1000000015
29432  43.000  -53.026  -3.105 0.1000000015
30379  41.937  -52.331  -3.720 0.1000000015
30367  42.486  -52.727  -3.192 0.1000000015
28464  43.013  -53.804  -2.169 0.1000000015
28446  43.423  -54.503  -1.881 0.1000000015
28447  42.436  -54.428  -1.818 0.2000000030
32212  35.018  -51.084  5.956 0.1000000015
32245  34.725  -51.064  4.637 0.1000000015
30279  34.425  -51.561  4.001 0.1000000015
30307  34.471  -52.425  2.704 0.1000000015
134323  35.285  -52.987  0.729 0.1000000015
29391  36.071  -53.475  -0.376 0.1000000015
137998  37.324  -52.963  -1.556 0.1000000015
28452  37.229  -54.266  -1.166 0.1000000015
29407  37.614  -53.666  -1.530 0.2000000030
28451  37.976  -54.409  -1.463 0.2000000030
29421  38.915  -53.363  -2.076 0.1000000015
29406  38.457  -53.830  -1.750 0.2000000030
31384  40.901  -51.107  -4.304 0.1000000015
143102  41.283  -51.717  -3.786 0.1000000015
31367  40.576  -51.472  -3.428 0.1000000015
30353  40.620  -52.112  -2.766 0.1000000015
29420  39.747  -53.230  -2.231 0.1000000015
142281  40.525  -53.406  -2.211 0.1000000015
29405  39.273  -53.932  -1.931 0.1000000015
31396  41.826  -51.045  -5.805 0.1000000015
32361  41.369  -51.008  -5.086 0.1000000015
144759  41.279  -52.130  -3.172 0.1000000015
30352  41.275  -52.602  -2.649 0.1000000015
29418  41.217  -53.179  -2.317 0.1000000015
29403  40.964  -53.849  -2.050 0.1000000015
30351  41.926  -52.591  -2.894 0.1000000015
131791  41.828  -52.959  -2.469 0.1000000015
29402  41.945  -53.653  -2.167 0.1000000015
28448  41.426  -54.434  -1.810 0.1000000015
32244  35.501  -50.629  4.551 0.1000000015
32266  35.072  -50.972  3.879 0.1000000015
31289  35.459  -51.167  2.553 0.1000000015
31321  35.333  -51.803  1.322 0.1000000015
143559  35.842  -52.117  -0.194 0.1000000015
30342  36.768  -52.415  -1.272 0.1000000015
33286  39.388  -49.526  -2.830 0.1000000015
32337  39.033  -50.228  -2.571 0.1000000015
137381  38.133  -50.905  -2.154 0.1000000015
31357  37.818  -51.464  -1.977 0.1000000015
148059  40.138  -49.260  -3.965 0.1000000015
33303  39.826  -49.359  -3.509 0.1000000015
31355  39.307  -50.984  -2.634 0.1000000015
135170  38.657  -50.742  -2.359 0.1000000015
30356  38.339  -52.105  -2.196 0.1000000015
30355  39.024  -52.670  -2.253 0.1000000015
33302  40.194  -49.804  -3.987 0.1000000015
32347  40.327  -50.585  -3.846 0.1000000015
31368  39.923  -50.978  -3.220 0.1000000015
126398  39.180  -51.835  -2.402 0.1000000015
127638  35.787  -51.351  1.007 0.1000000015
32314  36.656  -50.785  0.195 0.1000000015
31344  36.431  -51.846  -0.639 0.1000000015
32330  37.301  -50.599  -0.953 0.1000000015
31333  36.726  -51.066  -0.496 0.1000000015
34225  39.721  -48.709  -2.936 0.1000000015
33287  38.875  -49.592  -2.262 0.1000000015
32329  38.338  -50.256  -2.039 0.1000000015
30341  37.549  -52.241  -1.739 0.1000000015
128768  40.243  -48.673  -3.788 0.1000000015
23922  46.230  -60.087  0.203 0.5000000000
23926  41.827  -59.180  1.216 0.4000000060
137104  35.975  -59.240  1.932 0.1000000015
25676  37.411  -57.935  3.038 0.1000000015
24807  41.594  -58.498  0.732 0.4000000060
122859  33.380  -60.739  4.621 0.1000000015
138690  39.855  -57.637  0.836 0.3000000119
26618  37.762  -56.448  0.981 0.2000000030
25686  40.047  -58.199  1.408 0.2000000030
25719  40.104  -57.222  0.062 0.3000000119
24808  40.808  -58.366  1.043 0.3000000119
21348  49.941  -62.216  -0.954 0.5000000000
23014  33.291  -59.864  4.531 0.1000000015
23875  33.185  -59.041  4.486 0.1000000015
24763  34.413  -58.457  3.049 0.1000000015
25669  35.386  -57.153  3.262 0.1000000015
25689  37.838  -57.464  2.652 0.1000000015
26608  36.907  -56.248  2.350 0.1000000015
26625  43.312  -56.946  -1.119 0.4000000060
22264  50.264  -61.756  -2.217 0.5000000000
23097  50.535  -61.503  -1.965 0.5000000000
23122  50.544  -61.276  -2.924 0.5000000000
24850  50.768  -59.491  -2.750 0.5000000000
25651  32.957  -57.205  5.409 0.1000000015
26560  33.283  -56.297  5.196 0.1000000015
25662  33.346  -57.043  4.569 0.1000000015
26587  34.239  -56.050  3.986 0.1000000015
26586  35.660  -56.420  3.319 0.1000000015
128250  34.999  -55.709  3.531 0.1000000015
27482  36.243  -55.722  2.542 0.1000000015
144758  46.724  -54.714  -3.572 0.2000000030
28461  46.271  -54.908  -2.580 0.2000000030
27541  47.507  -55.599  -2.808 0.2000000030
26640  44.787  -56.495  -1.524 0.4000000060
26656  49.746  -57.478  -3.308 0.5000000000
26657  48.659  -56.763  -2.826 0.4000000060
135310  48.721  -56.014  -3.920 0.2000000030
133530  51.443  -58.752  -4.102 0.5000000000
25748  50.975  -58.236  -3.808 0.5000000000
25730  48.582  -58.217  -1.909 0.5000000000
124920  33.050  -55.167  6.625 0.1000000015
27431  33.060  -55.757  5.983 0.1000000015
28386  34.184  -54.461  4.044 0.1000000015
27475  34.743  -54.890  3.561 0.1000000015
27483  35.517  -55.025  2.572 0.2000000030
29445  43.706  -53.138  -4.212 0.1000000015
27413  33.199  -55.328  7.460 0.1000000015
28331  33.257  -53.874  7.753 0.1000000015
124781  33.739  -54.001  4.618 0.1000000015
29368  34.907  -54.164  2.372 0.1000000015
28426  36.267  -54.720  0.244 0.2000000030
30401  42.971  -52.072  -5.989 0.1000000015
30391  42.680  -52.191  -5.388 0.1000000015
30377  43.129  -52.674  -4.814 0.1000000015
27526  42.801  -55.233  -1.597 0.2000000030
29417  42.543  -53.131  -2.627 0.1000000015
30244  33.497  -52.602  6.524 0.1000000015
30205  33.754  -52.914  8.581 0.1000000015
31205  33.785  -52.115  7.217 0.1000000015
31224  35.026  -51.393  6.704 0.1000000015
31225  34.408  -51.486  6.230 0.1000000015
31226  33.829  -51.827  6.461 0.1000000015
30261  33.642  -52.125  5.784 0.1000000015
31249  34.446  -51.346  5.420 0.1000000015
31270  34.120  -51.693  4.732 0.1000000015
29360  33.918  -52.772  4.066 0.1000000015
140141  34.006  -52.117  4.232 0.1000000015
30295  34.211  -52.223  3.535 0.1000000015
29376  34.954  -53.403  1.571 0.1000000015
30314  34.737  -52.685  1.997 0.1000000015
30328  35.667  -52.781  0.015 0.1000000015
29404  40.116  -53.915  -1.977 0.1000000015
128660  42.433  -51.639  -5.893 0.1000000015
31383  41.613  -51.711  -4.474 0.1000000015
30366  42.899  -52.741  -3.833 0.1000000015
32227  35.166  -50.753  5.292 0.1000000015
31290  34.768  -51.527  3.105 0.1000000015
31311  34.945  -51.855  2.062 0.1000000015
30313  35.076  -52.460  1.340 0.1000000015
30320  35.489  -52.104  0.556 0.1000000015
29390  36.241  -52.660  -0.596 0.1000000015
28453  36.727  -53.419  -1.124 0.1000000015
30340  38.154  -53.005  -1.937 0.1000000015
32362  40.705  -50.130  -4.891 0.1000000015
31354  39.938  -51.591  -2.762 0.1000000015
30354  39.862  -52.365  -2.464 0.1000000015
29419  40.564  -52.801  -2.431 0.1000000015
32265  35.829  -50.598  3.760 0.1000000015
142966  35.416  -50.908  3.239 0.1000000015
146492  35.928  -50.815  2.191 0.1000000015
32287  35.588  -51.306  1.785 0.1000000015
31334  36.186  -51.464  0.176 0.1000000015
32348  39.684  -50.222  -3.250 0.1000000015
147542  39.284  -49.080  -2.431 0.1000000015
31356  38.539  -51.332  -2.297 0.1000000015
32338  37.691  -50.777  -1.680 0.1000000015
32305  36.385  -50.831  0.833 0.1000000015
31343  37.078  -51.452  -1.318 0.1000000015
33279  37.875  -50.064  -1.333 0.1000000015
33268  37.639  -49.897  -0.551 0.1000000015
34205  39.484  -48.588  -2.166 0.1000000015
33278  38.482  -49.572  -1.649 0.1000000015
21337  42.305  -62.723  0.972 0.1000000015
20509  42.985  -63.302  0.695 0.1000000015
20495  42.495  -63.350  1.851 0.1000000015
21324  42.070  -63.003  2.377 0.1000000015
21312  42.314  -62.865  2.830 0.1000000015
22207  41.178  -61.946  1.283 0.1000000015
22194  40.973  -62.137  2.455 0.1000000015
21353  42.676  -62.858  -0.678 0.2000000030
22195  40.517  -61.580  2.715 0.1000000015
19639  43.620  -63.873  0.666 0.2000000030
20494  43.058  -63.687  1.834 0.1000000015
19638  44.322  -64.536  0.575 0.2000000030
20483  42.631  -63.278  2.549 0.1000000015
22184  41.723  -62.290  2.819 0.1000000015
19653  44.425  -64.678  -0.724 0.2000000030
19629  43.686  -64.280  1.847 0.2000000030
20463  42.873  -63.210  2.793 0.2000000030
20482  43.283  -63.639  2.452 0.2000000030
143862  42.727  -63.050  2.866 0.3000000119
22183  42.483  -62.602  2.764 0.3000000119
21311  43.125  -63.226  2.763 0.3000000119
21323  43.321  -62.800  2.629 0.3000000119
19619  43.966  -64.295  2.397 0.2000000030
20462  43.634  -63.643  2.529 0.2000000030
18720  45.469  -65.707  0.580 0.2000000030
21310  43.837  -63.415  2.566 0.2000000030
18703  45.238  -65.385  1.742 0.2000000030
138704  45.826  -68.404  -2.582 0.1000000015
18731  44.949  -65.235  -0.091 0.2000000030
19628  44.452  -64.754  1.818 0.2000000030
144820  44.874  -65.127  0.972 0.2000000030
17864  45.828  -66.747  -1.219 0.1000000015
18730  45.539  -66.073  -0.513 0.1000000015
19618  44.786  -64.787  2.286 0.2000000030
20461  44.728  -64.065  2.536 0.2000000030
139726  45.988  -67.740  -2.176 0.1000000015
21322  44.339  -62.797  1.955 0.4000000060
17842  46.113  -66.552  0.350 0.2000000030
17100  46.502  -68.704  -1.640 0.1000000015
16276  47.006  -69.462  -1.424 0.2000000030
17087  46.333  -67.722  -1.438 0.1000000015
143532  47.078  -68.585  -0.910 0.1000000015
18719  46.018  -66.116  1.240 0.2000000030
18683  45.451  -65.276  2.277 0.2000000030
19599  45.386  -64.849  2.427 0.2000000030
20480  45.744  -63.670  1.887 0.4000000060
17863  46.616  -67.641  -0.632 0.1000000015
20460  46.003  -64.516  2.320 0.4000000060
21321  45.571  -62.754  1.437 0.4000000060
17828  46.709  -66.878  1.010 0.3000000119
17812  46.565  -66.407  1.655 0.3000000119
142526  47.591  -67.831  0.331 0.4000000060
18701  46.813  -66.202  2.218 0.3000000119
17046  48.177  -67.372  1.168 0.4000000060
17055  47.429  -67.493  0.919 0.3000000119
29477  44.509  -52.583  -6.977 0.1000000015
29468  44.921  -53.312  -6.300 0.1000000015
21320  46.693  -63.139  1.432 0.4000000060
19597  47.527  -65.444  2.287 0.4000000060
20479  47.100  -63.997  1.605 0.5000000000
18700  48.209  -66.370  1.870 0.4000000060
17811  47.342  -66.888  1.601 0.3000000119
18680  47.851  -65.984  2.332 0.4000000060
19616  48.192  -65.675  1.910 0.4000000060
29476  45.368  -53.142  -7.094 0.1000000015
21319  47.886  -63.210  1.182 0.4000000060
142958  48.305  -63.909  1.196 0.5000000000
21335  48.178  -62.582  0.705 0.5000000000
28514  46.252  -54.151  -6.066 0.1000000015
147774  47.329  -54.670  -6.169 0.1000000015
130914  46.885  -54.515  -5.791 0.1000000015
28504  47.489  -55.033  -4.735 0.1000000015
21354  42.069  -62.204  -0.301 0.1000000015
21338  41.522  -62.566  1.934 0.1000000015
21313  41.665  -62.419  2.698 0.1000000015
133759  41.730  -62.224  0.761 0.1000000015
22208  40.479  -61.649  1.805 0.1000000015
28489  46.832  -54.685  -4.332 0.1000000015
20481  44.749  -63.431  2.169 0.3000000119
18702  46.012  -65.817  2.000 0.2000000030
19598  46.514  -65.239  2.445 0.3000000119
29467  45.727  -53.660  -6.517 0.1000000015
22223  40.853  -61.230  0.397 0.1000000015
13975  33.346  -71.722  -6.722 0.1000000015
13199  33.664  -72.418  -7.068 0.1000000015
11448  35.006  -74.058  -6.768 0.1000000015
145793  33.162  -71.841  -7.135 0.1000000015
13186  35.261  -73.322  -5.865 0.1000000015
13200  32.659  -71.439  -7.091 0.1000000015
135028  32.030  -71.015  -7.336 0.1000000015
122796  31.296  -70.932  -7.805 0.1000000015
13212  32.940  -71.891  -7.776 0.1000000015
8658  36.862  -79.422  2.369 0.1000000015
13921  28.125  -71.033  -3.335 0.1000000015
13935  28.069  -70.755  -4.194 0.1000000015
142124  34.895  -72.058  -5.934 0.1000000015
14782  28.586  -70.745  -5.973 0.1000000015
133946  33.914  -72.148  -6.415 0.1000000015
14796  29.791  -70.642  -7.117 0.1000000015
13973  35.503  -72.024  -5.916 0.1000000015
13994  30.247  -70.973  -7.788 0.1000000015
12301  35.472  -73.966  -5.930 0.1000000015
9272  38.048  -79.123  2.391 0.1000000015
9273  36.581  -79.142  2.211 0.1000000015
9285  36.885  -78.192  1.451 0.1000000015
10639  39.141  -76.131  2.234 0.1000000015
9946  38.840  -77.148  2.089 0.1000000015
7960  38.213  -79.451  1.802 0.1000000015
8669  38.454  -79.373  1.450 0.1000000015
10648  35.699  -76.043  1.279 0.1000000015
13087  31.536  -72.890  -0.435 0.1000000015
129148  29.105  -71.573  -1.572 0.1000000015
13974  34.402  -71.760  -6.049 0.1000000015
124896  33.725  -71.428  -6.189 0.1000000015
13977  32.276  -70.895  -6.840 0.1000000015
130238  35.934  -71.302  -6.216 0.1000000015
12311  36.967  -73.411  -5.840 0.1000000015
11431  35.945  -74.420  -5.791 0.1000000015
9283  37.940  -79.265  1.223 0.1000000015
9297  37.724  -78.459  0.841 0.1000000015
124537  39.879  -76.985  2.381 0.1000000015
125145  39.838  -77.864  2.166 0.1000000015
9271  38.930  -78.415  1.973 0.1000000015
9296  38.562  -79.142  0.893 0.1000000015
9961  37.715  -77.266  0.494 0.1000000015
9962  36.270  -76.169  0.754 0.1000000015
10657  35.122  -74.928  0.226 0.1000000015
12230  33.404  -73.826  -0.222 0.1000000015
12219  32.813  -73.549  0.145 0.1000000015
12241  33.169  -73.467  -0.777 0.1000000015
12232  32.209  -73.271  -0.946 0.1000000015
13890  31.048  -71.963  -1.296 0.1000000015
13121  29.795  -71.799  -1.370 0.1000000015
126105  29.618  -71.011  -1.686 0.1000000015
14730  28.672  -70.626  -2.808 0.1000000015
14761  30.002  -69.756  -5.978 0.1000000015
131228  35.077  -71.470  -5.997 0.1000000015
14778  33.568  -70.685  -5.996 0.1000000015
13976  32.924  -71.004  -6.394 0.1000000015
15535  31.123  -69.800  -6.108 0.1000000015
136302  30.374  -70.234  -6.582 0.1000000015
13972  36.378  -71.961  -6.072 0.1000000015
126545  35.805  -72.704  -5.794 0.1000000015
10654  37.322  -76.241  0.384 0.1000000015
10638  39.859  -75.828  2.591 0.1000000015
9945  40.506  -77.647  2.416 0.1000000015
8655  39.393  -78.654  1.671 0.1000000015
144093  39.319  -79.055  1.211 0.1000000015
123779  38.543  -77.960  0.519 0.1000000015
125180  38.109  -76.624  0.359 0.1000000015
10655  36.531  -75.803  0.469 0.1000000015
11387  34.798  -74.331  -0.372 0.1000000015
13101  32.957  -73.271  -1.113 0.1000000015
13882  32.208  -72.170  -1.024 0.1000000015
125953  40.694  -76.940  2.888 0.1000000015
9944  40.849  -77.281  2.693 0.1000000015
8654  40.004  -78.227  1.858 0.1000000015
9293  40.178  -78.185  1.333 0.1000000015
142224  39.402  -77.928  0.592 0.1000000015
13102  32.350  -73.000  -1.221 0.1000000015
13118  31.699  -72.421  -1.144 0.1000000015
13891  30.315  -71.514  -1.334 0.1000000015
15486  29.584  -69.608  -2.412 0.1000000015
14729  29.257  -70.378  -2.298 0.1000000015
140384  29.675  -69.108  -3.159 0.1000000015
14740  29.122  -69.886  -3.026 0.1000000015
15508  29.377  -69.497  -4.639 0.1000000015
15495  29.139  -69.575  -3.829 0.1000000015
15519  31.439  -69.237  -5.474 0.1000000015
15520  30.564  -69.363  -5.450 0.1000000015
134040  34.084  -70.265  -5.959 0.1000000015
14779  32.849  -70.291  -5.886 0.1000000015
14760  32.170  -69.659  -5.794 0.1000000015
14776  35.406  -70.683  -6.256 0.1000000015
129092  36.865  -71.206  -6.536 0.1000000015
13184  37.773  -72.855  -6.236 0.1000000015
13971  37.338  -71.943  -6.341 0.1000000015
13183  38.900  -72.635  -6.548 0.1000000015
13970  38.326  -71.903  -6.644 0.1000000015
123848  37.816  -75.557  0.326 0.1000000015
124717  36.971  -75.251  0.341 0.1000000015
10637  40.737  -76.259  3.467 0.1000000015
9933  41.003  -76.701  3.256 0.1000000015
9943  41.239  -77.095  2.653 0.1000000015
9955  41.495  -77.181  2.057 0.1000000015
9960  39.891  -77.286  0.682 0.1000000015
127320  38.965  -76.951  0.467 0.1000000015
10653  38.580  -75.887  0.426 0.1000000015
11386  35.623  -74.401  -0.134 0.1000000015
12240  34.344  -73.823  -0.565 0.1000000015
13881  32.909  -72.639  -0.989 0.1000000015
125366  40.974  -76.713  3.268 0.1000000015
9282  40.990  -77.689  2.249 0.1000000015
14713  32.057  -71.027  -0.512 0.1000000015
14714  31.368  -70.538  -0.723 0.1000000015
14718  30.817  -71.091  -1.145 0.1000000015
14715  30.758  -70.033  -0.996 0.1000000015
15480  30.301  -69.629  -1.502 0.1000000015
15479  30.815  -69.073  -1.115 0.1000000015
16279  29.941  -69.057  -2.409 0.1000000015
16291  31.137  -68.435  -4.515 0.1000000015
135213  30.288  -68.539  -3.568 0.1000000015
134001  34.845  -70.067  -6.305 0.1000000015
15533  34.221  -69.406  -6.114 0.1000000015
15517  33.364  -69.226  -5.727 0.1000000015
16307  31.696  -68.618  -4.980 0.1000000015
16308  30.905  -68.876  -4.952 0.1000000015
15532  35.239  -69.203  -6.481 0.1000000015
134098  35.803  -69.857  -6.548 0.1000000015
134099  36.764  -69.684  -6.846 0.1000000015
14775  36.360  -70.512  -6.564 0.1000000015
129626  37.828  -71.151  -6.837 0.1000000015
13968  40.107  -71.483  -6.680 0.1000000015
11323  40.937  -75.592  5.116 0.1000000015
11324  40.905  -75.859  5.176 0.1000000015
11334  40.793  -76.008  4.230 0.1000000015
10636  42.107  -75.861  2.888 0.1000000015
10647  41.729  -76.376  2.004 0.1000000015
123592  36.667  -74.248  0.247 0.1000000015
10613  41.012  -75.864  4.380 0.1000000015
9932  41.496  -76.477  3.081 0.1000000015
133998  41.245  -76.776  1.559 0.1000000015
11369  39.867  -75.399  0.908 0.1000000015
11372  37.699  -74.451  0.352 0.1000000015
12238  36.174  -73.557  -0.041 0.1000000015
13098  35.842  -72.733  -0.082 0.1000000015
13880  33.838  -72.095  -0.279 0.1000000015
12229  36.911  -73.364  0.058 0.1000000015
127698  32.662  -70.234  -0.023 0.1000000015
15472  31.368  -69.488  -0.643 0.1000000015
15471  31.976  -69.937  -0.318 0.1000000015
16268  31.059  -68.238  -1.511 0.1000000015
17102  30.771  -68.020  -2.303 0.1000000015
17111  30.704  -67.960  -3.133 0.1000000015
17122  31.607  -67.880  -4.345 0.1000000015
17123  30.918  -68.166  -3.901 0.1000000015
16325  33.837  -68.468  -5.990 0.1000000015
16306  32.397  -68.549  -5.279 0.1000000015
16323  35.657  -68.364  -6.601 0.1000000015
16324  34.730  -68.461  -6.368 0.1000000015
15531  36.185  -69.040  -6.707 0.1000000015
134100  37.801  -69.474  -7.013 0.1000000015
14774  37.325  -70.390  -6.919 0.1000000015
14772  38.780  -71.097  -6.967 0.1000000015
141019  39.547  -71.040  -6.831 0.1000000015
12217  39.755  -73.521  1.164 0.1000000015
13071  39.387  -72.588  1.043 0.1000000015
11316  41.386  -75.247  5.118 0.1000000015
11322  41.636  -75.326  4.443 0.1000000015
11333  42.226  -75.322  3.480 0.1000000015
11347  42.561  -74.887  2.796 0.1000000015
126738  41.675  -75.664  1.841 0.1000000015
11361  40.242  -74.526  1.293 0.1000000015
12227  38.191  -73.473  0.414 0.1000000015
13083  37.921  -72.671  0.318 0.1000000015
10625  41.756  -76.002  3.415 0.1000000015
11360  40.840  -75.619  1.381 0.1000000015
11370  39.248  -74.435  0.738 0.1000000015
13085  36.791  -72.688  -0.092 0.1000000015
126868  35.681  -71.028  0.165 0.1000000015
123217  33.406  -70.243  0.235 0.1000000015
143404  35.972  -71.745  0.169 0.1000000015
16254  32.061  -68.976  -0.337 0.1000000015
17101  31.237  -67.459  -2.710 0.1000000015
17121  32.278  -67.382  -4.649 0.1000000015
17141  34.273  -67.633  -6.278 0.1000000015
17129  32.653  -67.809  -5.260 0.1000000015
135359  35.146  -67.633  -6.544 0.1000000015
16322  36.564  -68.257  -6.708 0.1000000015
15530  37.086  -68.896  -6.845 0.1000000015
13052  43.176  -73.156  2.756 0.1000000015
12173  42.476  -74.423  4.045 0.1000000015
12186  43.459  -73.389  3.068 0.1000000015
12215  41.644  -73.796  2.096 0.1000000015
12216  40.704  -73.635  1.598 0.1000000015
12163  41.334  -75.178  5.876 0.1000000015
12187  42.953  -74.143  3.143 0.1000000015
128294  41.279  -74.665  1.685 0.1000000015
13082  38.640  -72.608  0.632 0.1000000015
143874  38.321  -71.818  0.510 0.1000000015
129163  36.513  -71.029  -0.138 0.1000000015
13871  37.493  -71.818  0.098 0.1000000015
15469  34.226  -69.569  0.174 0.1000000015
15470  33.293  -69.369  0.154 0.1000000015
16253  32.908  -68.626  -0.163 0.1000000015
132158  31.390  -67.517  -1.917 0.1000000015
17890  31.878  -66.872  -2.363 0.1000000015
17110  31.314  -67.571  -3.512 0.1000000015
17924  32.561  -66.592  -4.455 0.1000000015
17140  34.652  -66.876  -6.488 0.1000000015
17128  33.425  -67.506  -5.767 0.1000000015
17138  36.943  -67.494  -6.614 0.1000000015
147621  38.494  -67.727  -6.307 0.1000000015
12172  43.579  -73.291  3.403 0.1000000015
13053  42.109  -73.047  2.381 0.1000000015
13863  40.677  -71.877  1.753 0.1000000015
13069  41.143  -72.823  1.916 0.1000000015
132683  38.734  -71.165  0.696 0.1000000015
14708  37.606  -70.716  -0.139 0.1000000015
14709  37.052  -70.398  -0.426 0.1000000015
14710  36.337  -70.182  -0.384 0.1000000015
128375  35.134  -68.923  -0.419 0.1000000015
137889  34.033  -68.518  -0.264 0.1000000015
17091  32.562  -67.315  -1.049 0.1000000015
142314  32.534  -66.387  -2.588 0.1000000015
17869  32.018  -67.153  -1.610 0.1000000015
17923  33.097  -66.089  -4.987 0.1000000015
132377  32.457  -66.416  -3.791 0.1000000015
17932  33.798  -65.643  -5.416 0.1000000015
17934  32.815  -66.894  -5.195 0.1000000015
18842  35.076  -65.621  -6.229 0.1000000015
17947  34.309  -66.092  -6.143 0.1000000015
144563  33.953  -66.867  -6.238 0.1000000015
137537  36.361  -66.813  -6.551 0.1000000015
17136  38.740  -67.265  -5.929 0.1000000015
123980  41.295  -67.588  -5.372 0.1000000015
13041  43.942  -72.651  3.277 0.1000000015
14703  39.404  -70.897  1.124 0.1000000015
14704  38.704  -70.496  0.645 0.1000000015
13030  44.336  -72.426  3.836 0.1000000015
13864  39.814  -71.749  1.338 0.1000000015
15466  37.543  -69.928  -0.403 0.1000000015
138014  34.988  -68.158  -0.834 0.1000000015
17090  33.556  -67.046  -1.205 0.1000000015
18808  33.560  -65.495  -4.625 0.1000000015
18809  32.919  -65.957  -4.188 0.1000000015
138336  36.573  -66.218  -6.306 0.1000000015
17944  37.286  -66.700  -6.331 0.1000000015
17930  38.603  -66.550  -5.581 0.1000000015
17120  40.910  -66.938  -4.924 0.1000000015
17917  43.216  -66.674  -4.291 0.1000000015
13040  44.576  -71.967  3.840 0.1000000015
13843  42.588  -71.593  3.144 0.1000000015
13856  41.058  -71.221  2.110 0.1000000015
14695  39.254  -70.104  1.115 0.1000000015
13855  42.018  -71.783  2.637 0.1000000015
14693  40.244  -71.039  1.588 0.1000000015
15455  37.929  -69.692  -0.124 0.1000000015
15467  36.941  -69.592  -0.710 0.1000000015
15468  36.153  -69.267  -0.710 0.1000000015
17889  33.295  -66.093  -2.483 0.1000000015
18772  32.836  -66.012  -3.289 0.1000000015
20563  38.987  -63.903  -3.162 0.1000000015
19693  38.396  -64.056  -3.891 0.1000000015
19711  37.040  -64.054  -4.759 0.1000000015
19732  35.750  -64.478  -5.317 0.1000000015
18791  34.121  -65.046  -4.137 0.1000000015
18790  39.797  -64.424  -3.191 0.1000000015
133287  39.086  -64.430  -3.645 0.1000000015
134813  37.867  -64.334  -4.562 0.1000000015
128795  34.206  -64.980  -4.989 0.1000000015
19677  40.112  -64.000  -2.669 0.1000000015
19692  40.498  -64.534  -2.989 0.1000000015
18806  39.118  -65.570  -4.642 0.1000000015
18823  37.639  -65.460  -5.514 0.1000000015
143730  35.703  -65.408  -6.129 0.1000000015
19676  40.888  -64.264  -2.729 0.1000000015
19675  41.641  -64.435  -2.775 0.1000000015
18789  40.497  -65.136  -3.477 0.1000000015
17931  37.878  -66.227  -5.800 0.1000000015
17909  40.898  -65.895  -3.873 0.1000000015
17922  39.055  -66.224  -5.143 0.1000000015
18768  43.327  -65.360  -2.972 0.1000000015
137562  41.818  -66.286  -4.203 0.1000000015
143484  43.582  -66.343  -3.780 0.1000000015
13832  43.059  -71.253  3.853 0.1000000015
13842  43.874  -71.916  3.425 0.1000000015
14669  42.027  -71.017  3.369 0.1000000015
14683  40.768  -70.584  2.429 0.1000000015
14682  41.615  -71.051  2.731 0.1000000015
14684  40.165  -70.132  2.079 0.1000000015
15454  38.512  -69.785  0.564 0.1000000015
127345  37.400  -69.238  -0.553 0.1000000015
16251  36.630  -68.863  -0.868 0.1000000015
16252  35.863  -68.304  -1.050 0.1000000015
16266  35.273  -67.601  -1.312 0.1000000015
17867  33.911  -66.402  -1.824 0.1000000015
19696  34.654  -64.651  -3.588 0.1000000015
18792  33.499  -65.549  -3.781 0.1000000015
19694  37.515  -63.635  -4.047 0.1000000015
19712  36.220  -64.010  -4.757 0.1000000015
19713  35.468  -64.201  -4.617 0.1000000015
131105  38.183  -63.574  -3.454 0.1000000015
20548  42.011  -63.723  -2.396 0.1000000015
133685  41.332  -63.858  -2.560 0.1000000015
137520  42.712  -70.709  4.459 0.1000000015
14670  41.135  -70.563  3.292 0.1000000015
14657  41.881  -70.747  4.031 0.1000000015
15440  39.704  -69.666  2.441 0.1000000015
15441  39.173  -69.243  2.088 0.1000000015
15445  39.599  -69.793  1.725 0.1000000015
15446  38.954  -69.506  1.371 0.1000000015
16238  37.956  -69.208  0.293 0.1000000015
16239  37.506  -68.689  0.039 0.1000000015
16240  36.919  -68.545  -0.578 0.1000000015
17866  34.856  -66.478  -1.851 0.1000000015
17088  35.336  -67.078  -1.570 0.1000000015
144986  34.526  -65.365  -2.518 0.1000000015
132697  34.860  -65.935  -2.057 0.1000000015
17888  34.257  -65.800  -2.414 0.1000000015
20565  36.710  -63.270  -3.595 0.1000000015
20553  36.003  -63.094  -3.001 0.1000000015
21395  38.328  -62.458  -2.513 0.1000000015
21408  36.833  -62.777  -2.894 0.1000000015
19714  34.741  -64.555  -4.424 0.1000000015
21394  39.192  -62.686  -2.478 0.1000000015
20550  39.403  -63.535  -2.703 0.1000000015
14658  41.068  -70.467  4.171 0.1000000015
15432  40.357  -70.186  3.748 0.1000000015
15433  39.716  -69.660  3.313 0.1000000015
126802  38.596  -68.846  1.697 0.1000000015
16234  38.390  -69.187  1.014 0.1000000015
16235  37.925  -68.489  1.055 0.1000000015
145973  36.472  -67.891  -0.324 0.1000000015
17069  35.742  -67.576  -1.242 0.1000000015
17865  35.282  -66.556  -1.644 0.1000000015
19679  34.772  -64.702  -2.727 0.1000000015
18749  34.785  -65.091  -2.013 0.1000000015
133843  35.017  -64.220  -3.173 0.1000000015
20551  38.463  -63.193  -2.801 0.1000000015
21393  40.704  -62.764  -2.387 0.1000000015
20529  42.258  -63.067  -1.870 0.1000000015
16211  39.198  -69.132  2.907 0.1000000015
17035  38.337  -67.973  3.019 0.1000000015
16225  38.714  -68.640  2.535 0.1000000015
17056  37.072  -67.901  0.469 0.1000000015
17057  36.455  -67.218  0.251 0.1000000015
17068  36.072  -67.330  -0.870 0.1000000015
20566  35.436  -63.680  -3.209 0.1000000015
19678  35.092  -63.896  -2.557 0.1000000015
20552  37.641  -62.650  -2.655 0.1000000015
21374  41.192  -62.088  -1.906 0.1000000015
21373  41.965  -62.454  -1.436 0.1000000015
17036  37.850  -67.459  2.646 0.1000000015
16226  38.235  -68.107  2.106 0.1000000015
17048  37.553  -67.483  1.652 0.1000000015
17049  36.900  -67.079  1.051 0.1000000015
17843  35.624  -66.425  -0.867 0.1000000015
18748  35.158  -65.749  -1.491 0.1000000015
22247  40.352  -61.575  -2.065 0.1000000015
22270  38.686  -61.661  -2.333 0.1000000015
20554  35.498  -63.350  -2.587 0.1000000015
17814  36.434  -66.353  0.945 0.1000000015
17813  36.943  -66.626  1.780 0.1000000015
18732  35.338  -65.325  -0.359 0.1000000015
17830  35.838  -65.882  0.310 0.1000000015
19640  35.337  -64.372  0.090 0.1000000015
22271  37.652  -61.890  -2.273 0.1000000015
21396  36.400  -62.543  -2.300 0.1000000015
21397  35.768  -62.813  -2.180 0.1000000015
128006  40.974  -61.247  -1.043 0.1000000015
138831  37.043  -62.335  -2.395 0.1000000015
135361  35.246  -63.720  -0.436 0.1000000015
136920  35.030  -63.794  -1.215 0.1000000015
19655  34.913  -64.599  -1.008 0.1000000015
21375  36.223  -62.211  -1.621 0.1000000015
20510  35.377  -63.105  -0.962 0.1000000015
20530  35.288  -63.379  -1.845 0.1000000015
13122  28.590  -72.008  -1.314 0.1000000015
13904  28.918  -71.086  -2.128 0.1000000015
14741  28.600  -70.303  -3.610 0.1000000015
14750  28.679  -70.088  -4.463 0.1000000015
13188  34.256  -72.675  -6.533 0.1000000015
14762  29.103  -70.048  -5.421 0.1000000015
13187  34.690  -73.053  -6.173 0.1000000015
136702  31.195  -70.345  -6.655 0.1000000015
14781  29.437  -70.381  -6.334 0.1000000015
14794  31.604  -70.697  -7.020 0.1000000015
128983  32.140  -71.356  -7.886 0.1000000015
14795  30.738  -70.588  -7.179 0.1000000015
8657  37.977  -79.382  2.251 0.1000000015
13922  27.486  -71.515  -3.865 0.1000000015
13905  28.270  -71.290  -2.526 0.1000000015
8668  38.667  -79.355  1.464 0.1000000015
10656  35.747  -75.366  0.445 0.1000000015
13103  31.716  -72.792  -1.029 0.1000000015
13120  30.546  -72.091  -1.231 0.1000000015
14777  34.423  -70.941  -5.978 0.1000000015
14780  32.040  -70.370  -6.387 0.1000000015
9295  39.305  -78.762  0.811 0.1000000015
11375  34.675  -74.501  -0.127 0.1000000015
11376  34.020  -74.292  0.041 0.1000000015
11374  35.277  -74.806  -0.060 0.1000000015
11388  33.953  -74.018  -0.527 0.1000000015
13883  31.502  -71.657  -1.078 0.1000000015
14719  30.226  -70.553  -1.418 0.1000000015
15521  29.795  -69.501  -5.279 0.1000000015
15534  33.487  -69.988  -5.765 0.1000000015
12239  35.239  -73.785  -0.363 0.1000000015
132021  33.368  -72.900  -0.876 0.1000000015
9959  40.520  -77.570  1.195 0.1000000015
16292  29.732  -68.943  -4.072 0.1000000015
16285  30.271  -68.552  -2.749 0.1000000015
15507  30.114  -69.107  -4.791 0.1000000015
146546  32.083  -69.078  -5.402 0.1000000015
11371  38.444  -74.941  0.424 0.1000000015
10627  40.994  -75.979  3.846 0.1000000015
10651  40.415  -76.547  0.998 0.1000000015
10652  39.464  -76.180  0.614 0.1000000015
13099  34.893  -73.189  -0.322 0.1000000015
14712  32.960  -71.378  -0.280 0.1000000015
16278  30.385  -68.802  -1.884 0.1000000015
16305  33.074  -68.458  -5.569 0.1000000015
11358  42.106  -75.522  2.349 0.1000000015
12228  37.469  -73.516  0.255 0.1000000015
13879  35.002  -72.174  0.095 0.1000000015
13084  37.353  -72.816  0.080 0.1000000015
130681  34.755  -71.225  0.301 0.1000000015
131114  34.047  -70.763  0.303 0.1000000015
16267  31.503  -68.553  -0.820 0.1000000015
17130  32.146  -68.079  -4.894 0.1000000015
16321  37.429  -68.189  -6.686 0.1000000015
15528  38.925  -69.462  -6.835 0.1000000015
14773  38.342  -70.315  -7.075 0.1000000015
13070  40.238  -72.659  1.457 0.1000000015
12226  38.953  -73.438  0.702 0.1000000015
11348  42.469  -74.587  2.588 0.1000000015
13878  36.666  -71.847  -0.044 0.1000000015
14711  35.274  -70.053  0.033 0.1000000015
17072  32.306  -68.092  -0.589 0.1000000015
17109  31.951  -67.026  -3.859 0.1000000015
135886  36.044  -67.558  -6.665 0.1000000015
15529  38.360  -68.904  -6.805 0.1000000015
12202  42.507  -73.896  2.529 0.1000000015
13870  39.034  -71.770  0.913 0.1000000015
13877  37.097  -71.138  -0.207 0.1000000015
17071  33.261  -67.783  -0.565 0.1000000015
17910  32.148  -66.568  -3.156 0.1000000015
17139  35.498  -66.861  -6.602 0.1000000015
17137  37.908  -67.491  -6.397 0.1000000015
17135  39.027  -67.918  -6.207 0.1000000015
13862  41.557  -72.152  2.231 0.1000000015
142841  42.432  -72.486  2.590 0.1000000015
14705  38.130  -70.238  0.029 0.1000000015
17868  32.742  -66.592  -1.750 0.1000000015
17933  33.521  -66.471  -5.676 0.1000000015
18826  34.564  -65.271  -5.688 0.1000000015
17929  39.325  -66.794  -5.376 0.1000000015
17127  39.594  -67.464  -5.682 0.1000000015
17119  41.787  -66.845  -4.806 0.1000000015
17070  34.323  -67.638  -0.929 0.1000000015
18840  37.097  -65.888  -5.992 0.1000000015
17918  42.371  -66.452  -4.303 0.1000000015
17928  40.114  -66.913  -5.116 0.1000000015
17920  40.528  -66.379  -4.504 0.1000000015
17907  42.835  -66.121  -3.829 0.1000000015
142800  40.448  -70.605  1.896 0.1000000015
17089  34.673  -67.044  -1.573 0.1000000015
19710  38.714  -64.711  -4.299 0.1000000015
19730  37.370  -64.689  -5.205 0.1000000015
18824  36.840  -65.149  -5.690 0.1000000015
127857  35.328  -64.989  -5.809 0.1000000015
19733  34.931  -64.607  -5.222 0.1000000015
18770  34.217  -65.275  -3.225 0.1000000015
19709  39.588  -65.002  -3.892 0.1000000015
18807  38.203  -65.057  -4.977 0.1000000015
124020  40.002  -63.222  -2.504 0.1000000015
19691  41.104  -64.837  -3.037 0.1000000015
18822  38.432  -65.828  -5.308 0.1000000015
17921  39.726  -66.307  -4.781 0.1000000015
18805  40.099  -65.715  -4.189 0.1000000015
20549  40.721  -63.579  -2.547 0.1000000015
130242  41.318  -65.415  -3.435 0.1000000015
127888  42.169  -65.973  -3.839 0.1000000015
18767  44.209  -65.700  -2.799 0.1000000015
18787  42.665  -65.625  -3.449 0.1000000015
20577  36.669  -63.643  -4.277 0.1000000015
20578  35.898  -63.598  -3.961 0.1000000015
19695  35.195  -64.144  -3.829 0.1000000015
21392  41.488  -63.064  -2.277 0.1000000015
128720  36.275  -68.151  -1.018 0.1000000015
22269  39.581  -61.861  -2.339 0.1000000015
148168  40.625  -62.185  -2.256 0.1000000015
19656  34.877  -64.218  -1.862 0.1000000015
17829  36.032  -66.664  -0.007 0.1000000015
19617  48.011  -64.799  1.619 0.4000000060
127718  48.290  -67.491  0.563 0.3000000119
17827  48.506  -66.721  0.685 0.3000000119
18718  48.386  -66.146  1.360 0.3000000119
19627  48.335  -65.325  1.286 0.4000000060
17840  48.422  -66.681  -0.097 0.3000000119
10731  43.123  -74.971  -7.751 0.1000000015
11458  43.799  -74.542  -8.029 0.1000000015
12304  45.252  -73.070  -7.535 0.2000000030
131889  47.152  -69.921  -7.258 0.3000000119
20507  45.828  -63.948  -0.988 0.4000000060
17066  47.934  -68.083  -0.009 0.3000000119
17124  47.550  -67.313  -5.809 0.4000000060
18803  48.178  -66.228  -4.687 0.4000000060
13966  46.220  -71.418  -7.128 0.2000000030
139919  47.213  -69.271  -7.466 0.3000000119
17926  47.759  -66.586  -5.481 0.4000000060
18785  47.297  -65.451  -3.997 0.4000000060
19652  45.910  -64.520  -1.683 0.4000000060
10721  41.076  -75.532  -7.734 0.1000000015
13180  45.607  -72.245  -7.298 0.3000000119
18804  47.674  -65.630  -4.792 0.4000000060
129061  46.535  -65.139  -3.267 0.4000000060
19671  45.702  -64.494  -2.869 0.4000000060
11473  41.391  -74.776  -8.618 0.1000000015
144130  46.237  -63.556  -0.750 0.5000000000
13197  45.330  -72.613  -7.683 0.2000000030
140049  46.275  -71.160  -7.276 0.3000000119
17132  47.252  -67.709  -6.804 0.3000000119
19706  46.725  -65.081  -4.713 0.4000000060
21352  46.124  -62.828  -0.836 0.4000000060
140327  48.284  -62.390  -1.130 0.4000000060
136984  46.920  -67.115  -6.871 0.4000000060
144527  47.063  -65.967  -5.793 0.4000000060
19689  46.306  -64.664  -4.011 0.4000000060
20546  45.057  -63.776  -3.044 0.4000000060
20525  45.202  -63.759  -1.972 0.5000000000
11488  42.295  -74.429  -9.426 0.2000000030
11472  42.838  -74.684  -8.613 0.2000000030
11470  44.134  -74.200  -8.397 0.2000000030
128178  45.716  -71.869  -7.336 0.2000000030
11457  44.157  -74.340  -7.819 0.2000000030
16333  47.037  -68.830  -7.717 0.3000000119
17133  46.883  -67.971  -7.498 0.3000000119
140224  40.535  -74.813  -9.161 0.1000000015
18819  46.999  -65.485  -5.309 0.4000000060
15539  47.020  -69.711  -7.663 0.3000000119
18834  46.577  -66.353  -6.397 0.4000000060
19707  45.759  -64.409  -4.631 0.4000000060
137999  45.442  -63.215  -1.217 0.5000000000
22242  47.258  -61.863  -1.330 0.4000000060
18820  46.265  -65.688  -5.876 0.4000000060
19690  45.446  -63.961  -3.934 0.4000000060
20526  44.661  -62.934  -1.762 0.5000000000
22221  46.391  -62.165  -1.060 0.4000000060
11471  43.642  -74.450  -8.527 0.2000000030
11469  44.542  -73.782  -8.186 0.2000000030
13198  45.166  -72.955  -8.040 0.2000000030
14791  46.482  -70.493  -7.548 0.4000000060
13991  45.840  -71.423  -7.438 0.2000000030
15540  46.543  -69.632  -7.773 0.3000000119
15541  45.911  -69.961  -7.656 0.4000000060
140659  46.577  -68.350  -7.721 0.3000000119
20562  44.746  -63.336  -3.721 0.5000000000
22243  45.452  -61.910  -1.200 0.5000000000
141835  46.663  -61.200  -1.522 0.4000000060
129750  48.708  -61.920  -1.662 0.4000000060
125479  45.634  -68.991  -7.652 0.4000000060
18835  45.653  -66.148  -6.547 0.4000000060
19728  45.955  -64.889  -5.317 0.4000000060
20547  44.607  -63.211  -2.660 0.5000000000
12336  44.280  -73.759  -8.626 0.2000000030
12335  44.724  -73.345  -8.291 0.2000000030
23099  47.383  -61.146  -1.796 0.4000000060
143164  45.014  -71.609  -7.684 0.2000000030
17955  45.568  -67.248  -7.440 0.3000000119
18821  45.313  -65.377  -6.026 0.4000000060
146720  45.269  -64.155  -5.090 0.4000000060
11489  41.087  -74.461  -9.610 0.2000000030
12348  44.306  -73.252  -8.819 0.2000000030
15542  44.824  -69.800  -7.360 0.4000000060
22265  49.815  -61.651  -2.406 0.4000000060
17148  45.242  -67.582  -7.569 0.3000000119
20575  44.906  -63.611  -4.605 0.5000000000
21372  44.288  -62.183  -1.739 0.5000000000
23978  50.927  -60.604  -3.033 0.4000000060
11503  41.836  -74.168  -10.300 0.2000000030
11487  43.336  -74.270  -9.330 0.2000000030
18836  44.740  -65.943  -6.702 0.4000000060
19708  44.939  -64.566  -5.558 0.4000000060
123549  45.104  -61.236  -1.301 0.5000000000
23100  46.309  -60.587  -1.662 0.4000000060
26668  50.373  -57.400  -4.132 0.4000000060
11517  41.396  -74.014  -11.394 0.2000000030
11501  43.595  -73.799  -9.525 0.2000000030
13211  44.823  -72.910  -8.303 0.2000000030
14006  44.589  -72.301  -8.183 0.2000000030
17149  44.273  -67.349  -7.670 0.4000000060
21420  44.285  -62.909  -4.274 0.5000000000
21390  44.186  -62.559  -2.467 0.5000000000
11536  40.617  -74.443  -12.325 0.2000000030
16335  44.894  -67.987  -7.668 0.4000000060
17956  44.692  -67.050  -7.517 0.3000000119
20588  44.548  -63.801  -5.199 0.5000000000
21407  44.244  -62.744  -3.422 0.5000000000
122952  45.979  -61.334  -1.290 0.5000000000
11535  41.796  -74.160  -12.519 0.2000000030
24875  51.340  -59.288  -3.851 0.4000000060
23138  50.739  -60.667  -3.140 0.4000000060
23124  48.466  -61.103  -2.410 0.4000000060
142889  42.794  -74.140  -10.027 0.2000000030
14793  44.307  -70.690  -7.464 0.4000000060
23101  45.306  -60.615  -1.464 0.4000000060
23125  47.154  -60.379  -2.186 0.4000000060
11516  42.581  -73.812  -10.835 0.2000000030
142081  44.093  -72.746  -8.916 0.2000000030
11502  43.213  -73.745  -10.176 0.2000000030
23996  50.289  -59.947  -3.572 0.4000000060
23979  47.994  -60.053  -2.733 0.4000000060
127887  46.626  -59.514  -2.390 0.4000000060
19745  44.371  -65.170  -6.180 0.3000000119
148343  43.798  -62.312  -3.062 0.5000000000
22245  43.946  -61.449  -1.764 0.5000000000
146889  46.409  -60.017  -1.995 0.4000000060
15543  43.505  -69.630  -7.498 0.4000000060
17942  44.260  -66.474  -7.294 0.4000000060
18837  43.878  -65.766  -6.842 0.3000000119
129832  43.983  -64.419  -5.669 0.4000000060
136036  43.797  -67.728  -7.819 0.4000000060
21421  43.609  -62.619  -4.570 0.5000000000
13223  43.844  -73.034  -9.664 0.2000000030
23997  48.831  -59.482  -3.284 0.4000000060
23102  44.420  -60.796  -1.561 0.5000000000
23103  43.584  -60.689  -1.888 0.5000000000
19746  43.484  -65.016  -6.279 0.4000000060
20576  44.103  -63.186  -4.888 0.5000000000
22266  43.405  -61.318  -2.375 0.5000000000
21432  43.311  -62.923  -5.153 0.5000000000
20589  43.663  -63.621  -5.379 0.5000000000
130300  48.370  -65.938  0.852 0.4000000060
19670  46.399  -65.180  -2.280 0.4000000060
23995  50.948  -59.986  -3.449 0.4000000060
23123  49.678  -60.803  -3.033 0.4000000060
22283  43.343  -61.790  -3.212 0.5000000000
16282  48.250  -68.141  -2.307 0.3000000119
17086  48.487  -67.689  -1.517 0.3000000119
144452  48.552  -67.291  -1.457 0.2000000030
17862  48.553  -67.060  -0.889 0.2000000030
142357  47.174  -70.301  -2.509 0.2000000030
16283  47.891  -68.364  -3.029 0.3000000119
17105  48.391  -67.500  -3.078 0.3000000119
15492  46.788  -69.911  -3.547 0.2000000030
15503  46.761  -68.937  -5.053 0.2000000030
16288  47.484  -68.071  -4.344 0.2000000030
12294  45.325  -72.809  -6.607 0.2000000030
142412  42.064  -76.010  -14.642 0.1000000015
10124  42.134  -76.554  -15.369 0.1000000015
14049  41.709  -71.459  -11.207 0.1000000015
16249  47.906  -68.464  -0.644 0.2000000030
17861  48.485  -67.606  -0.825 0.2000000030
16264  47.807  -68.768  -1.177 0.2000000030
16248  48.287  -68.210  -0.908 0.2000000030
16277  46.305  -69.709  -1.964 0.1000000015
127868  46.551  -70.600  -2.069 0.1000000015
14725  47.074  -70.220  -1.905 0.2000000030
15484  46.132  -70.703  -1.852 0.1000000015
14727  46.262  -70.958  -2.157 0.1000000015
11518  40.193  -74.543  -11.394 0.1000000015
11549  41.130  -74.553  -13.137 0.1000000015
13238  43.624  -72.738  -10.642 0.1000000015
13254  43.525  -72.223  -10.953 0.1000000015
14023  42.712  -71.868  -9.426 0.1000000015
14008  41.737  -71.488  -9.115 0.1000000015
128781  44.245  -73.231  -12.469 0.1000000015
122533  43.345  -71.868  -10.973 0.1000000015
128347  42.080  -71.780  -9.860 0.1000000015
14806  41.300  -70.873  -8.717 0.1000000015
125137  42.698  -71.540  -11.230 0.1000000015
14818  40.329  -71.088  -10.092 0.1000000015
15554  40.368  -69.445  -9.257 0.1000000015
14813  40.217  -70.307  -9.439 0.1000000015
16360  39.913  -68.759  -9.616 0.1000000015
15478  47.251  -69.484  -1.553 0.2000000030
15483  46.817  -70.201  -1.840 0.1000000015
13993  43.235  -70.688  -7.650 0.1000000015
18851  43.465  -66.275  -7.412 0.3000000119
12361  43.292  -73.479  -11.406 0.1000000015
12360  43.524  -73.263  -10.427 0.1000000015
146255  43.117  -71.367  -8.056 0.1000000015
137547  42.619  -69.022  -7.877 0.2000000030
135110  43.039  -66.701  -7.842 0.3000000119
18839  42.285  -65.311  -6.938 0.3000000119
20601  42.309  -64.014  -6.042 0.3000000119
10794  42.955  -75.664  -14.227 0.1000000015
12392  43.379  -73.759  -12.368 0.1000000015
14007  42.548  -71.479  -8.594 0.1000000015
130950  41.626  -70.206  -8.329 0.1000000015
17160  42.106  -67.540  -8.611 0.2000000030
18853  41.739  -65.710  -7.483 0.3000000119
12391  43.871  -73.585  -12.431 0.1000000015
15549  41.093  -69.279  -8.782 0.1000000015
17968  40.906  -66.852  -8.550 0.2000000030
19756  41.115  -65.185  -7.163 0.3000000119
16349  40.173  -67.969  -9.417 0.1000000015
127378  39.978  -66.731  -8.651 0.2000000030
19757  40.424  -64.975  -7.189 0.4000000060
15566  39.082  -69.913  -10.286 0.1000000015
17170  39.491  -67.343  -9.272 0.1000000015
18866  39.501  -65.995  -8.239 0.3000000119
20508  43.415  -63.602  -0.722 0.1000000015
23126  43.115  -60.772  -2.381 0.4000000060
22296  43.141  -62.010  -4.135 0.4000000060
19747  42.672  -64.806  -6.386 0.3000000119
20590  42.797  -63.462  -5.568 0.4000000060
21433  42.456  -62.788  -5.301 0.4000000060
20602  41.496  -63.850  -6.211 0.4000000060
21434  41.615  -62.643  -5.444 0.4000000060
19748  41.015  -64.530  -6.671 0.4000000060
19749  40.101  -64.256  -6.764 0.5000000000
18855  39.954  -65.497  -7.665 0.3000000119
19758  39.578  -64.745  -7.316 0.5000000000
15567  38.364  -69.286  -10.621 0.2000000030
16361  39.380  -68.164  -9.777 0.1000000015
18856  39.077  -65.253  -7.856 0.4000000060
14827  38.868  -70.773  -11.759 0.1000000015
14820  38.574  -70.148  -11.051 0.1000000015
17171  38.577  -67.681  -9.748 0.2000000030
17976  38.554  -66.987  -9.350 0.2000000030
14077  40.523  -71.364  -13.568 0.1000000015
14078  39.672  -71.201  -13.189 0.1000000015
16373  37.860  -68.588  -10.590 0.2000000030
133373  41.390  -71.457  -14.026 0.1000000015
14090  39.669  -71.025  -14.138 0.1000000015
23965  44.722  -60.077  -1.615 0.4000000060
23964  45.637  -59.819  -1.830 0.3000000119
23966  43.821  -59.909  -1.753 0.4000000060
22297  42.439  -61.688  -4.420 0.4000000060
22284  42.688  -61.275  -3.562 0.4000000060
21423  42.090  -62.115  -5.019 0.4000000060
23139  42.262  -60.600  -3.350 0.4000000060
20592  41.139  -63.147  -5.910 0.4000000060
21436  39.990  -62.209  -5.799 0.4000000060
22311  40.468  -61.710  -5.340 0.4000000060
21447  39.516  -62.671  -6.301 0.5000000000
20614  39.238  -64.011  -6.926 0.4000000060
141461  37.973  -66.270  -9.186 0.3000000119
18867  38.587  -65.720  -8.507 0.4000000060
19759  38.204  -64.938  -8.171 0.4000000060
15600  37.871  -69.545  -13.495 0.2000000030
14839  37.710  -69.825  -12.596 0.2000000030
17172  37.643  -67.160  -9.754 0.2000000030
14861  39.109  -70.421  -14.573 0.1000000015
14850  38.912  -70.686  -13.724 0.2000000030
14114  45.120  -71.635  -16.889 0.1000000015
24855  43.823  -58.973  -2.086 0.4000000060
129616  44.672  -59.327  -1.901 0.4000000060
128924  42.541  -59.334  -2.480 0.4000000060
23155  41.303  -60.703  -4.270 0.4000000060
23140  41.655  -60.151  -3.504 0.4000000060
23156  40.546  -60.465  -4.530 0.4000000060
22320  39.219  -61.895  -6.084 0.4000000060
23168  40.142  -60.934  -5.093 0.4000000060
21448  38.711  -62.389  -6.517 0.3000000119
20616  37.733  -64.162  -7.775 0.4000000060
21460  38.114  -62.912  -6.912 0.4000000060
17986  36.837  -66.906  -10.199 0.3000000119
18878  37.053  -65.792  -9.352 0.3000000119
18868  37.676  -65.424  -8.773 0.4000000060
15607  38.873  -69.687  -14.836 0.2000000030
16397  38.128  -68.802  -13.913 0.2000000030
16382  37.159  -68.643  -11.754 0.2000000030
16374  37.199  -68.173  -10.864 0.2000000030
143674  39.368  -70.183  -15.211 0.2000000030
14149  45.736  -71.955  -17.985 0.1000000015
14133  45.622  -71.896  -17.502 0.1000000015
14134  44.534  -71.156  -17.525 0.1000000015
24852  47.465  -58.969  -2.910 0.3000000119
24854  44.690  -58.416  -2.345 0.4000000060
23980  45.573  -58.971  -2.292 0.3000000119
24856  43.015  -58.566  -2.379 0.4000000060
25775  41.787  -57.796  -3.050 0.4000000060
24857  42.137  -58.556  -2.752 0.4000000060
24015  40.904  -59.963  -3.903 0.4000000060
145322  41.246  -59.436  -3.445 0.4000000060
23169  39.392  -60.605  -5.372 0.4000000060
23157  39.808  -60.183  -4.789 0.4000000060
22321  38.426  -61.607  -6.323 0.4000000060
22313  38.884  -61.102  -5.839 0.3000000119
18889  36.004  -64.766  -10.338 0.3000000119
18880  35.925  -64.462  -9.788 0.3000000119
19767  36.389  -64.437  -9.020 0.3000000119
20617  36.702  -63.217  -7.807 0.3000000119
21449  37.834  -62.104  -6.692 0.3000000119
17204  39.417  -66.971  -13.721 0.2000000030
17205  38.495  -67.307  -13.534 0.2000000030
18004  36.783  -66.616  -12.127 0.3000000119
17993  36.540  -66.548  -11.534 0.2000000030
18879  36.315  -65.221  -9.697 0.3000000119
19766  37.278  -64.712  -8.455 0.3000000119
16407  38.640  -68.882  -14.551 0.2000000030
16389  36.813  -68.038  -12.150 0.2000000030
16406  39.203  -68.862  -15.159 0.2000000030
24877  48.139  -58.426  -3.538 0.3000000119
24853  46.374  -58.551  -2.684 0.4000000060
25773  43.808  -56.935  -3.023 0.3000000119
25772  44.726  -57.012  -3.191 0.4000000060
26674  41.657  -57.037  -3.418 0.4000000060
140359  42.247  -57.264  -3.121 0.4000000060
25755  42.550  -57.812  -2.751 0.4000000060
130404  41.012  -57.590  -3.414 0.4000000060
24879  41.290  -58.551  -3.246 0.4000000060
24897  39.307  -58.504  -4.395 0.3000000119
24017  39.519  -59.376  -4.529 0.4000000060
23999  39.932  -58.822  -3.978 0.4000000060
21470  35.479  -62.146  -9.007 0.3000000119
146417  36.185  -61.475  -7.609 0.2000000030
23191  36.299  -60.652  -7.209 0.2000000030
24034  38.014  -59.410  -5.633 0.2000000030
23170  38.549  -60.186  -5.646 0.3000000119
24032  39.153  -59.819  -5.129 0.3000000119
19795  36.030  -64.316  -10.794 0.3000000119
21469  35.955  -62.681  -8.409 0.3000000119
21462  36.422  -62.250  -7.678 0.2000000030
22333  36.925  -61.625  -6.999 0.2000000030
22322  37.698  -61.373  -6.545 0.2000000030
18015  39.068  -66.511  -13.207 0.2000000030
18909  37.903  -65.550  -12.517 0.3000000119
18910  37.012  -65.832  -12.283 0.3000000119
132959  36.408  -64.723  -11.318 0.3000000119
24896  50.734  -59.339  -4.294 0.3000000119
24876  49.443  -58.855  -3.930 0.3000000119
26690  40.450  -56.606  -4.230 0.3000000119
25826  37.224  -57.395  -6.332 0.2000000030
140061  37.996  -57.323  -5.752 0.2000000030
24898  38.703  -58.201  -4.864 0.2000000030
25793  39.295  -57.499  -4.466 0.2000000030
24943  35.934  -58.707  -7.203 0.2000000030
24045  36.517  -58.978  -6.596 0.2000000030
25812  37.658  -57.952  -5.872 0.2000000030
25811  38.183  -58.038  -5.439 0.2000000030
25767  51.231  -58.185  -4.507 0.2000000030
14096  41.408  -71.205  -15.714 0.1000000015
14098  39.876  -70.764  -15.044 0.1000000015
138634  38.974  -65.276  -12.444 0.3000000119
17228  39.711  -67.966  -15.072 0.2000000030
138546  48.476  -66.906  -1.850 0.3000000119
17885  48.558  -67.183  -2.190 0.3000000119
145629  43.967  -64.144  -0.330 0.1000000015
16250  47.628  -68.511  -0.595 0.2000000030
17839  48.519  -67.303  -0.099 0.2000000030
13992  43.972  -71.515  -7.834 0.1000000015
17150  43.357  -67.189  -7.916 0.3000000119
24894  51.317  -58.709  -4.594 0.3000000119
127440  43.520  -72.050  -8.670 0.1000000015
18838  43.073  -65.563  -6.910 0.2000000030
16337  43.223  -68.343  -7.887 0.2000000030
16275  47.731  -69.042  -1.865 0.2000000030
139665  47.421  -69.617  -2.567 0.1000000015
132419  47.296  -68.975  -3.630 0.2000000030
14038  41.968  -71.616  -10.557 0.1000000015
16265  47.487  -68.883  -1.146 0.2000000030
12376  43.688  -73.227  -11.681 0.1000000015
13253  43.847  -72.367  -11.600 0.1000000015
14036  43.342  -72.414  -9.961 0.1000000015
14805  42.419  -70.824  -8.040 0.1000000015
14024  41.281  -71.553  -9.901 0.1000000015
14807  40.816  -70.249  -8.855 0.1000000015
16348  41.458  -68.234  -8.788 0.1000000015
15547  42.449  -69.955  -7.733 0.2000000030
18852  42.679  -66.010  -7.501 0.3000000119
15548  41.872  -69.130  -8.265 0.2000000030
17958  42.242  -66.478  -8.016 0.3000000119
128858  41.887  -64.584  -6.510 0.4000000060
20591  41.957  -63.327  -5.718 0.4000000060
17967  41.807  -66.942  -8.514 0.3000000119
17959  41.335  -66.327  -8.044 0.3000000119
18865  40.412  -66.212  -8.079 0.3000000119
23127  42.676  -60.653  -2.787 0.4000000060
22299  40.913  -61.209  -4.851 0.4000000060
140956  38.263  -70.427  -12.445 0.2000000030
15581  37.615  -69.438  -11.808 0.2000000030
123309  43.184  -59.404  -2.127 0.4000000060
23154  42.021  -60.980  -4.003 0.4000000060
15601  37.477  -69.202  -12.882 0.2000000030
18888  36.256  -65.556  -10.512 0.3000000119
17188  36.568  -67.118  -11.300 0.2000000030
17206  37.633  -67.555  -13.128 0.2000000030
25753  44.271  -57.620  -2.653 0.4000000060
144295  45.569  -58.243  -2.576 0.4000000060
25754  43.381  -57.681  -2.628 0.4000000060
20626  35.744  -62.952  -9.249 0.3000000119
18002  38.532  -66.091  -12.804 0.2000000030
18003  37.534  -66.559  -12.677 0.2000000030
25751  46.067  -57.743  -3.002 0.4000000060
25777  39.772  -58.043  -3.959 0.4000000060
24912  38.352  -58.808  -5.291 0.2000000030
22341  35.403  -61.232  -8.871 0.2000000030
23192  35.575  -60.196  -7.732 0.2000000030
24057  36.036  -59.632  -7.150 0.2000000030
22323  37.193  -60.747  -6.548 0.2000000030
25771  45.617  -57.108  -3.432 0.3000000119
24878  47.030  -58.035  -3.261 0.2000000030
141299  45.972  -56.657  -4.096 0.3000000119
25768  48.653  -58.097  -4.219 0.2000000030
14747  46.218  -70.458  -4.370 0.1000000015
13933  45.549  -71.554  -4.783 0.1000000015
13948  45.982  -70.837  -5.396 0.1000000015
17067  47.366  -68.096  -0.249 0.1000000015
14756  46.379  -70.281  -5.735 0.1000000015
14770  46.659  -70.661  -6.802 0.1000000015
13949  45.973  -71.389  -6.397 0.1000000015
26685  49.710  -56.597  -4.598 0.1000000015
26684  50.858  -57.578  -5.054 0.1000000015
27587  49.887  -56.555  -6.084 0.1000000015
26702  50.779  -57.667  -5.604 0.1000000015
24895  50.938  -58.716  -4.992 0.1000000015
24924  50.855  -58.019  -5.692 0.1000000015
25790  49.832  -58.463  -4.880 0.1000000015
25806  50.291  -58.334  -5.679 0.1000000015
25807  49.385  -58.166  -5.558 0.1000000015
25769  47.708  -57.580  -3.986 0.1000000015
25770  46.647  -57.161  -3.825 0.2000000030
25791  48.427  -57.626  -4.811 0.1000000015
25808  48.532  -57.740  -5.717 0.2000000030
26672  44.254  -56.464  -3.759 0.2000000030
26704  46.898  -56.916  -5.509 0.2000000030
26670  46.617  -56.733  -4.769 0.2000000030
26687  45.623  -56.423  -4.735 0.2000000030
26671  45.177  -56.518  -3.914 0.2000000030
26722  46.662  -57.088  -6.146 0.2000000030
26705  46.142  -56.595  -5.516 0.2000000030
128344  43.266  -56.425  -3.756 0.2000000030
26673  42.381  -56.675  -3.549 0.2000000030
142497  41.722  -56.352  -4.092 0.2000000030
26709  40.461  -56.089  -4.917 0.1000000015
25809  47.610  -57.407  -5.983 0.2000000030
123023  43.849  -56.111  -4.355 0.2000000030
27566  43.146  -55.891  -4.703 0.2000000030
26689  42.549  -56.214  -4.174 0.1000000015
27580  42.626  -55.795  -5.510 0.1000000015
26708  41.354  -55.899  -4.873 0.1000000015
24910  51.131  -58.294  -5.230 0.1000000015
26703  50.371  -56.953  -5.566 0.1000000015
27577  49.571  -56.338  -5.370 0.1000000015
26720  50.373  -57.444  -6.136 0.1000000015
25820  50.255  -58.098  -6.174 0.1000000015
26686  47.533  -57.195  -5.194 0.2000000030
19804  38.350  -64.616  -12.148 0.2000000030
141201  36.236  -63.974  -11.172 0.2000000030
19793  37.615  -64.179  -11.775 0.2000000030
138758  39.557  -64.395  -11.991 0.2000000030
141684  39.128  -63.452  -11.377 0.2000000030
122964  35.853  -62.553  -10.324 0.2000000030
20656  37.651  -63.289  -11.355 0.2000000030
20657  36.634  -63.323  -11.156 0.2000000030
19792  40.231  -63.659  -11.567 0.2000000030
21474  35.619  -62.346  -9.758 0.2000000030
123277  37.089  -61.695  -10.669 0.1000000015
21483  38.524  -61.509  -10.410 0.2000000030
130909  36.213  -61.951  -10.512 0.2000000030
22346  35.570  -60.969  -9.765 0.2000000030
22351  39.439  -60.638  -10.225 0.1000000015
22352  38.116  -60.603  -10.193 0.1000000015
23221  36.872  -60.285  -10.199 0.1000000015
23218  39.745  -60.306  -10.365 0.1000000015
22368  40.036  -60.678  -10.734 0.1000000015
25822  48.561  -58.172  -6.756 0.1000000015
124180  35.615  -59.555  -9.196 0.1000000015
123519  37.148  -59.467  -10.087 0.1000000015
23210  35.988  -60.108  -9.856 0.1000000015
23219  39.282  -59.828  -10.067 0.1000000015
23220  38.239  -59.734  -9.991 0.1000000015
23236  39.325  -59.363  -10.982 0.1000000015
24107  39.216  -59.296  -10.303 0.1000000015
24120  38.072  -59.268  -11.757 0.1000000015
25823  47.372  -57.885  -6.827 0.1000000015
24957  48.506  -58.354  -7.725 0.1000000015
24940  47.921  -58.456  -7.531 0.1000000015
131647  36.396  -58.004  -6.699 0.1000000015
24944  35.605  -58.479  -7.891 0.1000000015
24082  36.305  -59.146  -9.751 0.1000000015
24083  35.763  -58.713  -9.272 0.1000000015
24975  38.516  -58.517  -10.266 0.1000000015
24991  39.092  -58.735  -10.767 0.1000000015
27626  36.645  -55.642  -8.446 0.1000000015
25827  36.519  -56.997  -7.116 0.1000000015
27642  37.142  -55.197  -9.726 0.1000000015
144348  36.057  -56.823  -8.888 0.1000000015
25847  35.737  -57.694  -8.163 0.1000000015
26743  35.996  -56.981  -7.872 0.1000000015
27655  37.270  -55.791  -10.469 0.1000000015
134222  36.424  -57.001  -9.720 0.1000000015
26793  38.019  -56.276  -11.175 0.1000000015
26778  37.592  -56.733  -10.666 0.1000000015
24976  37.410  -58.039  -10.186 0.1000000015
25880  37.060  -57.246  -10.267 0.1000000015
137997  39.022  -56.401  -12.002 0.1000000015
26792  38.772  -56.877  -11.503 0.1000000015
25879  38.273  -57.700  -10.619 0.1000000015
25895  38.760  -57.625  -11.269 0.1000000015
24941  47.124  -58.620  -8.083 0.1000000015
25824  46.254  -57.514  -6.908 0.1000000015
26727  37.213  -56.584  -6.729 0.1000000015
28611  38.934  -54.954  -12.201 0.1000000015
27670  37.772  -55.524  -11.004 0.1000000015
27690  39.272  -55.696  -12.431 0.1000000015
26726  38.556  -56.108  -6.304 0.1000000015
21482  39.678  -61.429  -10.419 0.1000000015
24974  38.888  -58.436  -10.682 0.1000000015
24990  38.947  -58.165  -11.126 0.1000000015
131020  37.044  -55.591  -7.719 0.1000000015
16466  47.511  -68.312  -18.723 0.1000000015
18088  46.983  -66.505  -17.697 0.1000000015
17282  47.456  -67.683  -19.275 0.1000000015
125132  47.021  -68.924  -19.563 0.1000000015
15710  46.366  -68.451  -21.603 0.1000000015
15731  45.205  -69.711  -22.850 0.1000000015
15004  44.245  -69.987  -24.505 0.1000000015
140165  47.257  -67.966  -17.554 0.1000000015
18071  47.016  -66.687  -17.124 0.1000000015
16479  46.826  -68.370  -20.506 0.1000000015
15687  46.349  -69.228  -20.240 0.1000000015
18072  46.532  -66.171  -17.228 0.1000000015
18051  46.347  -66.178  -16.548 0.1000000015
143889  45.821  -67.503  -16.763 0.1000000015
16442  46.003  -68.318  -17.602 0.1000000015
16467  47.350  -68.971  -18.922 0.1000000015
18108  47.175  -66.948  -19.657 0.1000000015
17223  44.698  -66.646  -15.432 0.1000000015
136694  44.252  -67.409  -16.169 0.1000000015
18089  46.526  -66.379  -18.305 0.1000000015
18964  45.313  -65.506  -16.143 0.1000000015
18055  43.539  -65.982  -16.654 0.1000000015
18090  45.316  -66.476  -18.814 0.1000000015
18053  45.231  -65.710  -16.987 0.1000000015
18073  44.075  -66.270  -17.338 0.1000000015
17257  46.578  -67.455  -16.877 0.1000000015
15014  44.142  -69.586  -25.144 0.1000000015
7948  37.028  -79.470  2.918 0.1000000015
7961  37.619  -79.449  2.258 0.1000000015
7962  37.006  -79.538  2.648 0.1000000015
8656  38.666  -79.135  1.844 0.1000000015
8666  39.670  -78.592  1.468 0.1000000015
8667  39.079  -79.127  1.412 0.1000000015
8670  37.756  -79.498  1.898 0.1000000015
8681  39.573  -78.776  0.980 0.1000000015
8682  39.053  -79.284  1.137 0.1000000015
9269  40.494  -77.820  2.168 0.1000000015
9270  40.006  -78.126  2.027 0.1000000015
9284  37.380  -79.215  1.625 0.1000000015
9294  39.950  -78.256  0.883 0.1000000015
9954  41.718  -76.482  2.472 0.1000000015
9956  40.880  -77.648  1.726 0.1000000015
10612  41.417  -75.815  3.888 0.1000000015
10614  40.901  -75.935  4.768 0.1000000015
10626  41.166  -76.154  3.676 0.1000000015
10732  42.146  -75.051  -7.880 0.1000000015
10795  41.338  -75.290  -13.903 0.1000000015
10805  43.290  -76.325  -14.929 0.1000000015
11359  42.047  -74.718  2.198 0.1000000015
11373  36.038  -75.056  0.090 0.1000000015
11456  44.701  -73.713  -7.745 0.2000000030
11486  43.911  -74.084  -8.944 0.2000000030
11504  40.669  -74.369  -10.549 0.1000000015
11547  44.267  -75.096  -14.160 0.1000000015
12201  42.930  -73.968  2.867 0.1000000015
12231  32.726  -73.494  -0.671 0.1000000015
12242  32.685  -73.310  -1.032 0.1000000015
12299  36.653  -74.146  -5.746 0.1000000015
12300  36.074  -73.543  -5.734 0.1000000015
12312  35.034  -73.729  -6.270 0.1000000015
12322  45.034  -73.250  -7.991 0.2000000030
12349  43.891  -73.584  -9.254 0.2000000030
12375  43.798  -72.911  -11.545 0.1000000015
12400  45.772  -73.051  -13.986 0.1000000015
12407  45.771  -72.875  -14.717 0.1000000015
12412  45.849  -72.939  -15.686 0.1000000015
13031  43.459  -73.218  4.176 0.1000000015
13100  34.132  -73.043  -0.532 0.1000000015
13104  30.833  -72.469  -0.754 0.1000000015
13119  31.234  -72.358  -1.137 0.1000000015
13185  36.738  -72.714  -5.938 0.1000000015
13270  45.739  -72.468  -13.743 0.1000000015
13854  43.131  -72.310  2.947 0.1000000015
13892  28.430  -71.588  -1.842 0.1000000015
13902  46.152  -71.155  -2.231 0.1000000015
13969  39.272  -71.769  -6.808 0.1000000015
14005  45.288  -72.356  -7.752 0.2000000030
14037  42.764  -71.845  -10.348 0.1000000015
14063  39.709  -71.251  -12.221 0.1000000015
14072  45.534  -72.022  -13.431 0.1000000015
14073  45.257  -71.734  -13.364 0.1000000015
14088  40.815  -71.276  -15.058 0.1000000015
14089  40.383  -71.260  -14.417 0.1000000015
14118  41.253  -70.740  -16.272 0.3000000119
14694  39.889  -70.379  1.561 0.1000000015
14720  29.742  -70.044  -1.804 0.1000000015
14728  45.826  -71.371  -2.339 0.1000000015
14763  28.253  -70.638  -5.083 0.1000000015
14790  46.719  -70.541  -7.281 0.3000000119
14792  45.515  -70.736  -7.512 0.4000000060
14812  40.834  -71.048  -9.238 0.1000000015
14828  38.069  -70.139  -11.799 0.2000000030
14838  38.872  -70.839  -12.784 0.2000000030
14851  38.204  -70.307  -13.253 0.2000000030
14862  38.425  -70.083  -14.093 0.2000000030
14871  39.841  -70.252  -15.617 0.2000000030
14889  41.765  -70.410  -16.809 0.3000000119
15439  40.296  -70.122  2.813 0.1000000015
15485  29.956  -69.397  -1.957 0.1000000015
15504  46.456  -69.820  -5.065 0.2000000030
15513  47.187  -68.998  -6.744 0.4000000060
15518  32.680  -69.145  -5.504 0.1000000015
15555  39.693  -69.637  -9.727 0.1000000015
15556  39.164  -69.026  -10.032 0.1000000015
15568  37.650  -68.993  -11.129 0.2000000030
15580  38.024  -69.625  -11.279 0.1000000015
15592  37.418  -69.158  -12.346 0.2000000030
15608  38.366  -69.466  -14.175 0.2000000030
15615  40.224  -69.241  -16.190 0.2000000030
15616  39.592  -69.594  -15.600 0.2000000030
15630  41.302  -69.665  -16.895 0.2000000030
15648  42.414  -69.656  -17.517 0.1000000015
15670  46.847  -69.445  -19.139 0.1000000015
15760  44.666  -69.651  -24.313 0.1000000015
16274  48.254  -68.281  -1.586 0.3000000119
16316  47.247  -68.534  -7.284 0.3000000119
16320  38.291  -68.228  -6.562 0.1000000015
16334  45.905  -68.226  -7.681 0.3000000119
16336  44.315  -68.674  -7.595 0.4000000060
16347  42.377  -68.197  -8.404 0.2000000030
16362  38.540  -68.448  -10.171 0.2000000030
16375  36.766  -67.792  -11.470 0.2000000030
16388  37.271  -68.629  -12.519 0.2000000030
16398  37.547  -68.608  -13.241 0.2000000030
16416  40.669  -68.388  -16.095 0.2000000030
16428  42.224  -68.479  -16.937 0.2000000030
16440  47.504  -68.082  -17.984 0.1000000015
16441  46.974  -68.121  -17.477 0.1000000015
16444  42.755  -69.061  -17.657 0.1000000015
16455  47.218  -68.547  -17.984 0.1000000015
16478  47.324  -68.277  -19.638 0.1000000015
17047  47.882  -67.396  1.272 0.4000000060
17054  47.972  -67.704  0.746 0.3000000119
17065  48.247  -67.911  -0.277 0.2000000030
17092  31.742  -67.735  -1.183 0.1000000015
17099  48.476  -67.598  -2.277 0.3000000119
17134  46.324  -67.407  -7.381 0.3000000119
17147  46.108  -67.802  -7.599 0.3000000119
17159  42.600  -67.065  -8.289 0.3000000119
17161  41.283  -67.473  -8.787 0.2000000030
17162  40.464  -67.409  -8.944 0.1000000015
17179  37.794  -67.948  -10.228 0.2000000030
17180  37.172  -67.533  -10.355 0.2000000030
17181  36.706  -67.375  -10.813 0.2000000030
17195  37.030  -67.403  -12.411 0.2000000030
17196  36.689  -67.288  -11.839 0.2000000030
17212  42.385  -66.732  -14.822 0.3000000119
17213  41.415  -67.023  -14.710 0.3000000119
17214  40.497  -67.239  -14.531 0.3000000119
17215  39.634  -67.460  -14.348 0.2000000030
17216  38.712  -67.931  -14.138 0.2000000030
17238  46.564  -66.730  -16.626 0.1000000015
17239  46.039  -66.792  -16.272 0.2000000030
17240  45.285  -67.088  -16.110 0.1000000015
17255  47.322  -67.437  -17.515 0.1000000015
17256  47.089  -67.415  -17.073 0.1000000015
17268  47.452  -67.415  -18.494 0.1000000015
17794  47.622  -66.441  2.148 0.4000000060
17809  48.382  -66.906  1.297 0.4000000060
17810  48.055  -67.003  1.668 0.4000000060
17841  46.826  -67.471  0.240 0.4000000060
17902  48.554  -67.035  -3.043 0.3000000119
17903  48.296  -66.503  -3.752 0.4000000060
17908  41.580  -65.921  -3.833 0.1000000015
17911  31.631  -67.031  -3.110 0.1000000015
17919  41.265  -66.380  -4.320 0.1000000015
17927  47.328  -66.486  -6.034 0.4000000060
17939  47.423  -67.026  -6.250 0.4000000060
17940  46.039  -66.824  -7.061 0.4000000060
17941  45.121  -66.672  -7.149 0.4000000060
17943  38.109  -66.851  -6.024 0.1000000015
17945  35.783  -66.097  -6.398 0.1000000015
17946  35.019  -66.276  -6.480 0.1000000015
17957  43.833  -66.864  -7.663 0.4000000060
17969  39.021  -66.513  -8.836 0.3000000119
17977  37.137  -66.484  -9.669 0.3000000119
17978  36.560  -66.122  -10.007 0.3000000119
17987  36.415  -66.506  -10.802 0.3000000119
18001  39.549  -65.792  -12.753 0.2000000030
18012  42.077  -66.005  -13.446 0.3000000119
18016  38.200  -66.779  -13.162 0.2000000030
18024  44.152  -65.912  -14.496 0.2000000030
18034  45.400  -66.015  -15.400 0.2000000030
18035  44.886  -66.087  -15.046 0.2000000030
18037  43.342  -66.537  -14.792 0.2000000030
18052  45.961  -66.162  -15.958 0.2000000030
18054  44.595  -65.587  -16.534 0.1000000015
18074  43.093  -66.469  -17.515 0.1000000015
18087  47.321  -66.933  -17.805 0.1000000015
18109  46.650  -66.688  -19.602 0.1000000015
18681  47.115  -65.875  2.457 0.4000000060
18682  46.186  -65.544  2.363 0.2000000030
18771  33.591  -65.680  -3.052 0.1000000015
18784  48.084  -65.931  -4.245 0.4000000060
18786  43.457  -65.839  -3.408 0.1000000015
18788  41.986  -65.496  -3.480 0.1000000015
18818  47.699  -65.962  -5.398 0.4000000060
18825  36.081  -64.926  -5.843 0.1000000015
18841  36.340  -65.589  -6.106 0.1000000015
18854  40.825  -65.661  -7.586 0.3000000119
18869  36.883  -65.145  -9.021 0.3000000119
18897  36.345  -65.687  -11.266 0.2000000030
18898  36.189  -64.999  -10.852 0.3000000119
18906  41.624  -64.793  -12.575 0.3000000119
18907  40.942  -64.906  -12.314 0.3000000119
18911  36.611  -66.009  -11.832 0.3000000119
18919  43.143  -65.443  -13.795 0.2000000030
18920  42.523  -65.373  -13.409 0.3000000119
18923  40.389  -65.497  -12.653 0.4000000060
18933  43.568  -65.610  -14.225 0.2000000030
18935  41.375  -65.034  -14.865 0.1000000015
18946  43.774  -65.140  -15.295 0.2000000030
18950  39.528  -65.510  -15.666 0.1000000015
18963  45.908  -65.786  -16.110 0.1000000015
18982  45.984  -65.725  -16.672 0.1000000015
19600  44.443  -64.321  2.428 0.2000000030
19729  43.119  -64.238  -5.830 0.3000000119
19731  36.544  -64.492  -5.311 0.1000000015
19775  35.832  -63.781  -9.519 0.3000000119
19785  35.792  -64.014  -10.231 0.3000000119
19794  36.879  -64.646  -11.794 0.3000000119
19805  37.332  -65.010  -12.163 0.3000000119
19806  36.688  -65.327  -11.809 0.3000000119
19811  43.403  -65.044  -14.123 0.2000000030
19819  42.771  -64.550  -14.214 0.2000000030
19820  42.080  -64.312  -14.295 0.2000000030
19822  39.737  -64.543  -14.527 0.1000000015
19823  38.927  -64.433  -14.560 0.1000000015
19837  38.237  -64.757  -15.435 0.1000000015
19838  37.436  -64.144  -15.433 0.1000000015
20459  47.053  -64.804  2.171 0.4000000060
20564  37.558  -63.184  -3.229 0.1000000015
20603  40.652  -63.676  -6.353 0.4000000060
20604  39.802  -63.453  -6.510 0.5000000000
20605  38.976  -63.186  -6.721 0.3000000119
20615  38.408  -63.689  -7.213 0.4000000060
20624  36.826  -64.032  -8.149 0.3000000119
20625  36.179  -63.548  -8.647 0.3000000119
20632  35.725  -63.197  -10.015 0.3000000119
20642  36.444  -62.605  -10.746 0.2000000030
20643  36.018  -63.471  -10.645 0.3000000119
20654  40.787  -62.557  -11.350 0.2000000030
20655  40.249  -62.941  -11.201 0.3000000119
20670  40.845  -63.165  -13.294 0.1000000015
20673  37.173  -62.988  -13.951 0.1000000015
20679  41.843  -63.969  -13.821 0.2000000030
20680  41.098  -63.766  -13.835 0.1000000015
20682  38.924  -63.704  -13.977 0.1000000015
21371  45.035  -62.417  -1.322 0.5000000000
21391  43.724  -61.988  -2.345 0.5000000000
21422  42.854  -62.361  -4.798 0.4000000060
21435  40.788  -62.459  -5.592 0.4000000060
21446  40.322  -62.929  -6.094 0.4000000060
21461  37.223  -62.608  -7.184 0.3000000119
21463  35.757  -61.820  -8.233 0.2000000030
21484  35.764  -61.637  -10.152 0.2000000030
21499  40.926  -62.471  -11.663 0.2000000030
21502  38.825  -62.392  -10.744 0.2000000030
21503  37.435  -62.465  -10.943 0.1000000015
21514  41.275  -62.905  -12.048 0.3000000119
21515  40.714  -61.960  -11.858 0.2000000030
21518  38.028  -61.726  -12.619 0.1000000015
21522  41.255  -62.949  -12.596 0.3000000119
21525  37.153  -62.238  -13.345 0.1000000015
22187  39.981  -61.132  3.009 0.3000000119
22239  50.586  -61.380  -2.413 0.5000000000
22244  44.670  -61.652  -1.435 0.5000000000
22267  43.009  -61.180  -2.855 0.4000000060
22268  40.076  -62.397  -2.396 0.1000000015
22298  41.686  -61.445  -4.642 0.4000000060
22310  41.265  -61.946  -5.142 0.4000000060
22312  39.681  -61.421  -5.579 0.4000000060
22334  35.660  -61.008  -7.958 0.2000000030
22350  39.904  -60.807  -10.489 0.1000000015
22353  36.495  -61.157  -10.424 0.2000000030
22354  35.936  -60.828  -10.240 0.2000000030
23096  50.785  -61.087  -2.587 0.5000000000
23137  50.886  -60.669  -3.063 0.4000000060
23179  38.075  -60.831  -6.180 0.3000000119
23180  37.607  -60.055  -6.060 0.2000000030
23181  36.737  -59.897  -6.532 0.2000000030
23202  35.474  -60.393  -9.103 0.1000000015
23235  39.665  -59.914  -10.474 0.1000000015
23266  36.293  -60.510  -13.233 0.1000000015
23981  42.276  -60.010  -2.785 0.4000000060
23982  41.804  -59.333  -2.958 0.4000000060
23994  50.999  -59.958  -3.392 0.4000000060
23998  40.639  -59.117  -3.666 0.4000000060
24014  51.184  -59.359  -4.112 0.4000000060
24016  40.213  -59.679  -4.218 0.4000000060
24018  38.883  -59.054  -4.862 0.3000000119
24033  38.600  -59.467  -5.315 0.2000000030
24044  37.261  -59.234  -6.062 0.2000000030
24058  35.571  -59.342  -7.761 0.1000000015
24072  35.514  -59.057  -8.507 0.1000000015
24091  39.013  -58.839  -10.282 0.1000000015
24092  38.733  -59.080  -9.969 0.1000000015
24093  37.479  -58.699  -10.072 0.1000000015
24755  33.167  -58.361  4.434 0.1000000015
24849  51.330  -59.064  -3.550 0.4000000060
24880  40.426  -58.215  -3.601 0.4000000060
24911  50.774  -58.276  -5.540 0.1000000015
24913  37.752  -58.642  -5.708 0.2000000030
24926  37.122  -58.367  -6.184 0.2000000030
24962  35.623  -58.261  -8.666 0.1000000015
24967  36.485  -58.355  -9.773 0.1000000015
24968  35.883  -57.965  -9.313 0.1000000015
25704  38.784  -57.310  1.415 0.2000000030
25752  45.163  -57.653  -2.788 0.3000000119
25774  42.918  -57.058  -3.029 0.4000000060
25776  40.177  -57.302  -3.870 0.3000000119
25789  51.274  -58.182  -5.047 0.1000000015
25792  47.340  -57.206  -4.528 0.2000000030
25794  38.610  -57.382  -5.164 0.2000000030
25805  51.142  -57.998  -5.406 0.1000000015
25846  35.938  -57.785  -7.423 0.2000000030
25865  35.746  -57.639  -8.797 0.1000000015
25872  36.485  -57.643  -9.780 0.1000000015
25873  36.018  -57.235  -9.204 0.1000000015
25896  38.400  -57.072  -11.051 0.1000000015
26675  40.954  -56.805  -3.777 0.3000000119
26688  44.630  -56.158  -4.664 0.2000000030
26691  39.808  -56.677  -4.524 0.2000000030
26711  37.857  -56.641  -6.250 0.1000000015
26742  36.935  -56.201  -7.233 0.1000000015
26744  35.902  -57.112  -8.556 0.1000000015
26764  36.239  -56.427  -8.561 0.1000000015
26773  36.269  -56.580  -9.271 0.1000000015
26779  36.690  -56.351  -9.991 0.1000000015
27554  48.152  -55.826  -3.323 0.3000000119
27556  46.983  -55.014  -3.010 0.2000000030
27567  42.203  -55.854  -4.772 0.1000000015
27593  37.755  -55.857  -6.987 0.1000000015
27605  36.481  -56.246  -7.788 0.1000000015
27643  36.529  -55.785  -9.269 0.1000000015
27669  38.336  -55.647  -11.519 0.1000000015
27691  38.767  -55.472  -11.999 0.1000000015
28505  46.996  -54.696  -5.112 0.1000000015
28513  46.996  -54.382  -6.583 0.1000000015
28592  38.508  -54.805  -11.590 0.1000000015
28593  37.958  -55.022  -11.171 0.1000000015
28610  39.552  -54.780  -12.625 0.1000000015
29331  33.513  -52.784  5.686 0.1000000015
30224  33.776  -52.516  7.892 0.1000000015
123300  42.960  -60.089  -2.142 0.4000000060
123823  36.953  -77.021  0.668 0.1000000015
124821  38.518  -56.698  -5.647 0.2000000030
125410  45.877  -66.017  -17.569 0.1000000015
126008  35.521  -61.669  -9.542 0.2000000030
126504  41.856  -71.053  -8.476 0.1000000015
127333  35.438  -59.868  -8.411 0.2000000030
127376  33.975  -51.684  5.834 0.1000000015
127684  41.478  -68.927  -16.942 0.2000000030
128051  47.107  -66.720  -18.475 0.1000000015
128091  46.202  -66.902  -0.383 0.2000000030
128148  44.651  -66.508  -18.053 0.1000000015
128191  33.537  -73.495  -0.720 0.1000000015
128299  38.480  -74.142  0.499 0.1000000015
129029  35.665  -67.061  -1.411 0.1000000015
129854  40.432  -67.581  -5.515 0.1000000015
130095  44.963  -71.544  -13.790 0.1000000015
130162  45.893  -72.875  -16.425 0.1000000015
130723  40.992  -56.337  -4.365 0.1000000015
130815  33.062  -54.452  7.221 0.1000000015
131066  46.601  -68.945  -7.809 0.3000000119
131343  39.146  -68.228  -14.674 0.2000000030
131871  44.994  -71.674  -15.098 0.1000000015
132218  35.064  -72.615  -5.860 0.1000000015
132766  41.603  -65.070  -6.922 0.4000000060
133281  40.635  -68.539  -9.186 0.1000000015
133668  40.813  -67.902  -9.042 0.1000000015
133877  36.770  -64.010  -11.542 0.2000000030
134173  40.541  -62.159  -10.897 0.3000000119
134479  38.161  -71.005  0.314 0.1000000015
134906  38.712  -64.473  -7.530 0.4000000060
135058  47.744  -67.396  -4.909 0.5000000000
135325  44.923  -65.541  -15.551 0.2000000030
135924  45.815  -72.004  -6.832 0.1000000015
136774  30.493  -68.632  -4.322 0.1000000015
137269  34.518  -72.397  -6.132 0.1000000015
137359  38.030  -68.066  -13.650 0.2000000030
138815  43.712  -66.114  -14.338 0.2000000030
138908  40.388  -78.001  1.819 0.1000000015
138985  43.355  -65.413  -15.889 0.2000000030
139165  47.342  -68.709  -18.397 0.1000000015
139178  41.887  -71.489  -14.873 0.1000000015
139333  40.510  -64.253  -14.315 0.1000000015
139846  43.822  -58.243  -2.373 0.4000000060
140827  42.686  -66.063  -16.534 0.2000000030
141122  42.876  -67.568  -8.201 0.2000000030
141589  39.085  -75.318  0.569 0.1000000015
141637  48.369  -66.328  0.428 0.4000000060
141652  37.785  -68.740  -6.831 0.1000000015
141737  35.927  -55.176  1.877 0.2000000030
142097  32.561  -69.407  -0.077 0.1000000015
142572  33.491  -52.733  7.332 0.1000000015
142592  37.553  -63.404  -7.389 0.4000000060
142864  35.468  -60.547  -8.401 0.2000000030
143084  40.654  -69.661  -16.483 0.2000000030
144140  38.996  -61.133  -11.972 0.1000000015
144386  37.210  -68.085  -12.701 0.2000000030
145537  37.158  -63.744  -7.710 0.3000000119
145890  41.138  -65.619  -15.638 0.1000000015
146647  36.817  -55.736  -9.873 0.1000000015
147209  47.460  -67.484  -17.902 0.1000000015
147868  43.758  -62.378  -3.851 0.5000000000
147961  41.976  -59.874  1.610 0.4000000060
148166  39.589  -63.984  -2.847 0.1000000015
148170  41.130  -62.899  -11.685 0.3000000119
148351  38.559  -56.313  -11.575 0.1000000015
148644  32.905  -69.718  -5.642 0.1000000015
